code_name,ticker,created_at,text
恩捷股份,sz.002812,2024-02-22,是股票回购的目的和用途。从新闻中可以看出，一些上市公司的股票回购是为了股权激励或员工持股计划，而另一些则是为了注销并减少公司注册资本。因此，股票回购的目的和用途是影响恩捷股份股价的一个因素。
恩捷股份,sz.002812,2024-02-22,是公司的财务状况。新闻中提到，一些公司愿意拿出账上大量的货币资金进行股票回购，而另一些公司则显得有些“小家子气”。因此，公司的财务状况也是影响恩捷股份股价的一个因素。
恩捷股份,sz.002812,2024-02-22,是市场情绪和投资者信心。股票回购通常被视为公司管理层对未来发展充满信心的信号，因此可能会提升投资者对公司的信心。同时，市场情绪和投资者信心也会影响股票的价格。
