code_name,ticker,created_at,text
兴业证券,sh.601377,2021-05-26,券商股市场表现：券商股早盘再度走强，兴业证券涨停，可能会影响兴业证券的股价表现。
兴业证券,sh.601377,2021-05-26,兴业证券自身经营状况：兴业证券涨停，可能表明市场对其业绩或未来发展持乐观态度。
兴业证券,sh.601377,2021-05-26,市场情绪：近期市场情绪较好，可能对券商股整体表现产生积极影响，从而对兴业证券股价产生影响。
