code_name,ticker,created_at,text
一汽解放,sz.000800,2023-05-20,一汽解放在下行周期中坚持“共生共赢”策略，与经销商和用户共同应对行业困境，帮助经销商缓解压力，为客户提供延期还本付息政策等支持措施，增强了与终端市场的联系和信任，稳固了市场地位。
一汽解放,sz.000800,2023-05-20,一汽解放加强成本管控，精简费用开支，强化内部管理，提高经营效率，展现出较强的抗风险能力和自我调整能力。
一汽解放,sz.000800,2023-05-20,一汽解放在新能源、海外市场和汽车后市场等业务方向持续发力，加大研发投入，推进技术创新和产品升级，拓展业务领域和市场份额，提升了公司的核心竞争力和可持续发展能力。同时，受益于“中特估”概念的推动，一汽解放有望实现估值重塑。
