code_name,ticker,created_at,text
中信证券,sh.600030,2022-02-07,华夏基金2021年实现净利润23.12亿元。这对中信证券的股价可能产生积极影响，因为华夏基金是中信证券的子公司，其业绩表现良好可能会提升中信证券的整体盈利能力。
中信证券,sh.600030,2022-02-07,中国黄金股东中信证券投资拟减持不超过1%的股份。这一减持行为可能会对中信证券的股价产生负面影响，因为减持可能会导致市场供应增加，从而对股价造成压力。
中信证券,sh.600030,2022-02-07,中信证券认为2022年电影市场有望进一步恢复。这一预期可能会对中信证券的股价产生积极影响，因为中信证券在电影行业有布局，如果电影市场表现良好，可能会提升中信证券在该领域的业绩表现。
