code_name,ticker,created_at,text
中国太保,sh.601601,2021-04-29,太保股价可能受到其业务转型的影响，特别是其数字化转型和协同战略的实施。
中国太保,sh.601601,2021-04-29,太保股价可能受到其风险管理能力和风险合规底线的遵守程度的影响。
中国太保,sh.601601,2021-04-29,太保股价可能受到中国太保即将步入三十岁“而立之年”以及庆祝建党百年活动的推动，这将给公司带来新的理念和基因，也可能给其带来新的发展机遇。
