2024-12-31	-0.02733766233766239	-0.003376623376623443	0.005649350649350679	-0.02870129870129862	-0.02733766233766239	22446078
2024-12-30	-0.006772009029345445	-0.000322476620445091	0.026636568848758434	-0.02399226056110931	-0.006772009029345445	27532213
2024-12-27	-0.02594547053649953	0.0	0.009360472421158315	-0.02757884156301052	-0.02594547053649953	31031859
2024-12-26	0.016475095785440694	-0.010217113665389492	0.02554278416347382	-0.013409961685823719	0.016475095785440694	36154165
2024-12-25	0.1126110124333925	0.047957371225577264	0.14543516873889875	0.047957371225577264	0.1126110124333925	48673433
2024-12-24	0.02962692026335049	0.013094367227505637	0.03299195318215084	-0.016093635698610012	0.02962692026335049	32539814
2024-12-23	0.043033725011445034	0.00785899587974974	0.0796581718296963	0.0	0.043033725011445034	49768040
2024-12-20	0.017704612517471664	-0.006056841124398207	0.03494331417922038	-0.007765180928715639	0.017704612517471664	33184363
2024-12-19	0.06254125412541253	-0.00536303630363041	0.07995049504950481	-0.013861386138613917	0.06254125412541253	33519717
2024-12-18	-0.0050077990312782155	-0.002544947048682393	0.008619981939085437	-0.009030457269518172	-0.0050077990312782155	14308466
2024-12-17	-0.013044887376438174	0.0006481931615621317	0.003808134824177596	-0.01620482903905364	-0.013044887376438174	11427136
2024-12-16	-0.0031499878846619864	-0.014538405621516818	0.00880381229302967	-0.0348114045715209	-0.0031499878846619864	16153504
2024-12-13	-0.023580441640378508	-0.011908517350157657	0.008359621451104119	-0.0268138801261829	-0.023580441640378508	20089117
2024-12-12	0.019456504261135245	-0.004019938896928767	0.026531596719729954	-0.004663129120437356	0.019456504261135245	15825641
2024-12-11	-0.045433614735226516	-0.006983883346124519	0.0009209516500381897	-0.049270913277053074	-0.045433614735226516	25269114
2024-12-10	0.010155826033025834	0.06209783704163106	0.06892007132335828	0.00790758973563828	0.010155826033025834	24668777
2024-12-09	-0.006316924736152786	0.0013866420152531147	0.007318388413835518	-0.019567059548571037	-0.006316924736152786	14026247
2024-12-06	0.013982190282768254	0.004530542102796313	0.034213404155600646	-0.013435400718637814	0.013982190282768254	18389273
2024-12-05	-0.0067499418108462736	-0.010008534409186066	0.007060283963069479	-0.016525719605865324	-0.0067499418108462736	15278465
2024-12-04	0.02807689239850029	0.025045864241844032	0.06644332774986028	0.013001515514078292	0.02807689239850029	30252123
2024-12-03	-0.011978879344313942	0.005989439672157026	0.007723224840412987	-0.024430609189061345	-0.011978879344313942	15904401
2024-12-02	0.008584373261266976	0.0050870360066767395	0.03592719179715452	0.0018281535648994832	0.008584373261266976	18385640
2024-11-29	-0.0015079365079364898	-0.0030952380952380997	0.023809523809523808	-0.023015873015873062	-0.0015079365079364898	21307453
2024-11-28	0.022727272727272704	0.006087662337662338	0.045454545454545525	-0.00616883116883121	0.022727272727272704	21344884
2024-11-27	0.04318374259102463	-0.01016088060965274	0.048264182895851	-0.015241320914479231	0.04318374259102463	20835993
2024-11-26	-0.0013529511246407136	-0.002452223913411181	0.01006257398951461	-0.009724336208354521	-0.0013529511246407136	12471761
2024-11-25	-0.04552058111380145	0.0012106537530265655	0.010492332526230807	-0.06238902340597259	-0.04552058111380145	28093648
2024-11-22	-0.03579766536964976	0.0015564202334629464	0.02894941634241244	-0.04147859922178987	-0.03579766536964976	25715458
2024-11-21	0.015489173383910176	-0.007428481112691733	0.038722933459775497	-0.008139718666034464	0.015489173383910176	26084975
2024-11-20	-0.005188679245282992	7.861635220118635e-05	0.020047169811320733	-0.016509433962264217	-0.005188679245282992	19706599
2024-11-19	0.03322232150109661	0.0008935098692226418	0.03793355535699782	-0.006010884574770489	0.03322232150109661	21612836
2024-11-18	0.009926168990976158	0.008203445447087777	0.04011484823625923	-0.0045118949958983705	0.009926168990976158	25210401
2024-11-15	-0.0378847671665351	-0.003867403314917199	0.015074980268350519	-0.0378847671665351	-0.0378847671665351	23103805
2024-11-14	-0.03657516538666252	-0.013002813474260359	0.0105695384381417	-0.0390084404227815	-0.03657516538666252	29596901
2024-11-13	0.01622749401128193	-0.015222934858202603	0.026968549571130585	-0.017850243412410188	0.01622749401128193	28514184
2024-11-12	-0.06932758000719176	-0.02193455591513852	-0.011938151743977166	-0.06997482919813029	-0.06932758000719176	44724908
2024-11-11	0.01503759398496242	-0.025476312139572296	0.04365282137382283	-0.04299583911234407	0.01503759398496242	57710412
2024-11-08	-0.033580246913580185	0.02913580246913577	0.0567901234567902	-0.04275132275132277	-0.033580246913580185	49663550
2024-11-07	0.0642690892709663	-0.008934604700052539	0.08108716870635942	-0.016442675876567295	0.0642690892709663	38119247
2024-11-06	0.030244430693069282	0.015160891089108973	0.05932858910891079	-0.014542079207920756	0.030244430693069282	35428268
2024-11-05	0.0388107673764564	-0.0036159100040177006	0.05664925672961026	-0.00883889112093217	0.0388107673764564	33088970
2024-11-04	0.004601226993865091	-0.015256700032289317	0.007749434937035906	-0.01921214078140132	0.004601226993865091	20141749
2024-11-01	-0.03535274879302284	-0.01105746768416125	0.009967294813891928	-0.035897835228157496	-0.03535274879302284	26503845
2024-10-31	0.025800782810128525	0.003674414889368224	0.03666427030913015	-0.00647016534867004	0.025800782810128525	34571786
2024-10-30	-0.0105903738243895	-0.013672646803129724	0.016043626017545255	-0.019916225401090618	-0.0105903738243895	26948598
2024-10-29	0.032308068858611476	0.006200538467814353	0.07832259117239125	-0.007913845149710361	0.032308068858611476	38573519
2024-10-28	0.004672131147540928	-0.00819672131147541	0.018114754098360605	-0.01245901639344259	0.004672131147540928	19549656
2024-10-25	-0.0145395799676898	0.016801292407108225	0.01744749596122776	-0.02544426494345712	-0.0145395799676898	24973741
2024-10-24	-0.00975843864981602	-0.019996800511918093	0.010638297872340411	-0.024076147816349314	-0.00975843864981602	21396357
2024-10-23	-0.024119896963547088	-0.008664429006322798	0.010850050737647226	-0.026929982046678767	-0.024119896963547088	30178249
2024-10-22	-0.024295506473724277	-0.02513328255902522	0.005331302361005244	-0.047981721249048065	-0.024295506473724277	37190535
2024-10-21	-0.012707722385141722	0.022633280697796757	0.10444394315362046	-0.029551094067223147	-0.012707722385141722	67436776
2024-10-18	0.14468927526252368	0.00705801342744012	0.19547254260630037	-0.008865553451540721	0.14468927526252368	59997761
2024-10-17	0.022981421149951692	0.07369904023949991	0.07422734877168273	0.022981421149951692	0.022981421149951692	33150593
2024-10-16	-0.029316239316239376	-0.017094017094017096	0.008461538461538418	-0.03418803418803419	-0.029316239316239376	25167829
2024-10-15	-0.057971014492753645	-0.0016103059581320679	0.0008051529790659768	-0.058051529790660285	-0.057971014492753645	35780323
2024-10-14	0.004042037186742118	0.0104284559417946	0.014551333872271602	-0.05860953920776071	0.004042037186742118	42710957
2024-10-11	-0.05594138746851865	-0.04586735862016336	-0.001831641608791949	-0.07494466915973447	-0.05594138746851865	38857637
2024-10-10	0.00022900763358779493	0.022748091603053355	0.09923664122137404	-0.0891603053435115	0.00022900763358779493	57916204
2024-10-09	0.05696304663546879	-0.03025657576246571	0.19977408423430684	-0.047926416007745665	0.05696304663546879	78096514
2024-10-08	0.20003872966692482	0.20003872966692482	0.20003872966692482	0.14252517428350114	0.20003872966692482	47248899
2024-09-30	0.19967475897316758	0.04646300383319781	0.19967475897316758	0.04634684632361476	0.19967475897316758	44184421
2024-09-27	0.0629707371280406	0.01247067539202377	0.07161377947894816	0.002592912705272354	0.0629707371280406	12566667
2024-09-26	0.02844444444444438	0.0006349206349205988	0.030857142857142944	-0.012698412698412698	0.02844444444444438	17656470
2024-09-25	0.008064516129032199	0.016769073220686152	0.024065540194572393	0.004864311315924161	0.008064516129032199	15692898
2024-09-24	0.034564958283671024	0.015362203681631525	0.04688120778704796	0.0013243279035888532	0.034564958283671024	16729206
2024-09-23	-0.005400421496311862	-0.010669125395152822	0.005663856691253854	-0.016991570073761935	-0.005400421496311862	7143629
2024-09-20	0.0	0.0010537407797681546	0.003556375131717545	-0.02002107481559531	0.0	8777017
2024-09-19	0.015923993041616454	0.012310986217048061	0.020607520406797697	-0.011106650608858534	0.015923993041616454	9365656
2024-09-18	-0.04167735316747884	-0.011284944857655932	-0.00795075660425756	-0.047448063606052866	-0.04167735316747884	10573757
2024-09-13	0.024704336399474506	-0.0002628120893560581	0.034428383705650524	-0.0002628120893560581	0.024704336399474506	12386718
2024-09-12	-0.03914141414141425	0.0050505050505049425	0.011237373737373744	-0.04015151515151524	-0.03914141414141425	10655235
2024-09-11	0.0038022813688212563	-0.005069708491761795	0.008491761723700728	-0.0069708491761725135	0.0038022813688212563	8120785
2024-09-10	0.032722513089005235	0.0	0.04554973821989515	-0.004842931937172834	0.032722513089005235	12311393
2024-09-09	0.002887897085849289	-0.0023628248884222476	0.024153321081648582	-0.006038330270412285	0.002887897085849289	8020341
2024-09-06	0.019812583668005406	0.006693440428380187	0.04779116465863444	-0.0093708165997323	0.019812583668005406	11257818
2024-09-05	-0.023146331894860678	0.0013077023669412098	0.022361710474696064	-0.03491565319733231	-0.023146331894860678	11312544
2024-09-04	-0.010993274702534847	-0.012803931712364136	-0.0005173305742368345	-0.015778582514226577	-0.010993274702534847	5252524
2024-09-03	-0.0070630538076282435	0.0	0.012841916013869269	-0.009888275330679468	-0.0070630538076282435	7477279
2024-09-02	-0.019145988159717797	-0.006046101524121476	0.01184028215140443	-0.02027963219549061	-0.019145988159717797	11776652
2024-08-30	0.05853333333333334	0.002533333333333303	0.06666666666666667	-0.0026666666666667047	0.05853333333333334	21050996
2024-08-29	0.0038816758131442414	-0.004149377593360836	0.014991299692143014	-0.017400615714094462	0.0038816758131442414	6863327
2024-08-28	-0.007835325365205889	0.003851261620186006	0.007835325365205889	-0.011022576361221757	-0.007835325365205889	5523133
2024-08-27	0.005608974358974382	-0.006009615384615233	0.015625000000000024	-0.009081196581196483	0.005608974358974382	6222749
2024-08-26	-0.017967213114754157	0.0	0.009836065573770493	-0.020852459016393488	-0.017967213114754157	7378577
2024-08-23	-0.013583441138421698	-0.005821474773609351	0.00504527813712808	-0.02328589909443722	-0.013583441138421698	9613552
2024-08-22	0.004156923876331426	-0.0023382696804365656	0.015848272278513886	-0.0055858664588205615	0.004156923876331426	10349274
2024-08-21	0.017580964970257743	-0.0072703238598811806	0.03238598810310626	-0.0072703238598811806	0.017580964970257743	9396266
2024-08-20	-0.015486725663716784	0.005986465382613141	0.007027589796980635	-0.02004164497657478	-0.015486725663716784	7490602
2024-08-19	0.0	0.001821967725143162	0.018089536699635613	-0.004294638209265985	0.0	7937911
2024-08-16	0.003133159268929623	-0.00013054830287194394	0.013838120104438674	-0.003002610966057308	0.003133159268929623	9371878
2024-08-15	0.04118526573331523	-0.0012233247247517903	0.06021476145167877	-0.007068098409677805	0.04118526573331523	19043305
2024-08-14	0.0008162154808867917	0.0078900829819072	0.015508094136852136	-0.0034008978370289756	0.0008162154808867917	7466931
2024-08-13	-0.002578018995929413	0.00122116689280873	0.01736770691994574	-0.01085481682496604	-0.002578018995929413	7586031
2024-08-12	0.02346896264407718	-0.0006943480072213772	0.029579225107623876	-0.004304957644771591	0.02346896264407718	9528696
2024-08-09	-0.005111909367228383	0.014092290688035511	0.019204200055263895	-0.005111909367228383	-0.005111909367228383	7869845
2024-08-08	0.010329424902289152	-0.013121161362367361	0.024986041317699697	-0.01577331099944159	0.010329424902289152	9305299
2024-08-07	-0.04314144517163088	0.0	0.00013356484573248168	-0.04928542807533054	-0.04314144517163088	12343576
2024-08-06	0.014361197669692485	0.018561170573093137	0.021541796504538725	-0.013548299688389106	0.014361197669692485	10873047
2024-08-05	-0.05335385404642807	-0.006027959471591624	-0.006027959471591624	-0.057971014492753575	-0.05335385404642807	18351232
2024-08-02	-0.02121516444890783	-0.018327893547577124	-0.00301280441877975	-0.02623650514687426	-0.02121516444890783	13109015
2024-08-01	0.0020125786163521582	0.018993710691823963	0.022641509433962228	-0.004905660377358498	0.0020125786163521582	16835242
2024-07-31	0.06	-0.006000000000000038	0.0649333333333334	-0.007999999999999924	0.06	21418891
2024-07-30	0.015572105619499062	-0.0016249153689910677	0.016384563303994692	-0.018415707515233574	0.015572105619499062	10902538
2024-07-29	-0.006190283945633266	0.0026914278024492374	0.004709998654286022	-0.016552280985062628	-0.006190283945633266	8220594
2024-07-26	-0.006550802139037365	0.004278074866310259	0.01457219251336903	-0.014304812834224509	-0.006550802139037365	10720159
2024-07-25	-0.008483563096500538	-0.015111346765641577	0.013918345705196145	-0.015111346765641577	-0.008483563096500538	12521743
2024-07-24	0.0018592297476759704	-0.001328021248339898	0.030677290836653416	-0.0038512616201858176	0.0018592297476759704	14734334
2024-07-23	-0.04271548436308161	-0.002415458937198039	-0.0010170353419781122	-0.04487668446478517	-0.04271548436308161	16672437
2024-07-22	0.005625159805676269	0.0	0.025057530043467245	-0.004346714395295365	0.005625159805676269	21027424
2024-07-19	0.037951167728237784	-0.004644373673036018	0.05042462845010612	-0.005705944798301388	0.037951167728237784	27954182
2024-07-18	-0.016444792482380646	-0.016575306708431353	-0.0016966849386584398	-0.04594100756982524	-0.016444792482380646	21191195
2024-07-17	-0.015673175745118176	-0.006551901336074063	0.010534429599177712	-0.02286742034943475	-0.015673175745118176	19811585
2024-07-16	0.08111111111111116	-0.006666666666666722	0.09097222222222218	-0.006666666666666722	0.08111111111111116	33755998
2024-07-15	0.019974500637484013	0.0012749681257969033	0.033432497520895305	0.0012749681257969033	0.019974500637484013	14428960
2024-07-12	-0.03288121660501427	-0.012467461296067909	-0.009453349773941605	-0.044252637347581725	-0.03288121660501427	14373590
2024-07-11	0.00233452348255976	0.02238396045042584	0.024443834111507846	-0.010985992859104603	0.00233452348255976	14592528
2024-07-10	-0.0039666256326084835	-0.0020517029134182146	0.0024620434961018576	-0.011352756120913668	-0.0039666256326084835	9805553
2024-07-09	0.030008453085376096	-0.0053536207382362585	0.03789799943646094	-0.013102282333051659	0.030008453085376096	15953052
2024-07-08	-0.007272727272727217	-0.00041958041958043546	0.003076923076923061	-0.013706293706293763	-0.007272727272727217	8796349
2024-07-05	0.037434706906558306	-0.00029019152640737117	0.05049332559489268	-0.017411491584445774	0.037434706906558306	17418059
2024-07-04	-0.03202247191011237	0.005337078651685329	0.007022471910112359	-0.032162921348314694	-0.03202247191011237	10967222
2024-07-03	0.002252252252252204	-0.006193693693693861	0.01323198198198195	-0.01872184684684702	0.002252252252252204	9246431
2024-07-02	0.00808854831843348	-0.005250461189158572	0.011068539804172004	-0.013480913864055668	0.00808854831843348	8861227
2024-07-01	0.0021331058020478627	-0.001706484641638088	0.013936291240045565	-0.017491467576791667	0.0021331058020478627	8796144
2024-06-28	-0.010274454609430035	-0.007459535538353289	0.011963406052076124	-0.011541168191414401	-0.010274454609430035	9940513
2024-06-27	-0.022023399862353868	-0.013076393668272578	-0.006469373709566398	-0.029456297315898147	-0.022023399862353868	9962066
2024-06-26	0.020938729623384052	0.0	0.027262507026419306	-0.017425519955030846	0.020938729623384052	13949896
2024-06-25	-0.033414832925835476	0.00013583265416993893	0.00502580820429218	-0.04183645748437922	-0.033414832925835476	16782613
2024-06-24	-0.04065676309616876	-0.009773260359655983	0.0033880635913474738	-0.044044826687516234	-0.04065676309616876	16983006
2024-06-21	0.02456608811748984	-0.003070761014686301	0.02456608811748984	-0.02536715620827778	0.02456608811748984	23782590
2024-06-20	-0.005576208178438496	0.0	0.009824747742963477	-0.01526818906001051	-0.005576208178438496	15401440
2024-06-19	0.00924561168430923	0.0009379606056546616	0.020501138952164027	-0.00629773549510919	0.00924561168430923	14197243
2024-06-18	0.014545948885263638	-0.0008156606851550065	0.0433659597607395	-0.005981511691136456	0.014545948885263638	18290083
2024-06-17	0.0057424118129614675	-0.00464861908668312	0.020918785890073847	-0.01052775499042926	0.0057424118129614675	16703699
2024-06-14	0.016680567139282777	-0.003197108701695913	0.016680567139282777	-0.013344453711426101	0.016680567139282777	18800201
2024-06-13	0.014096419509444602	0.007753030730194491	0.028051874823794884	-0.0033831406822666323	0.014096419509444602	17796715
2024-06-12	-0.006720806496779669	-0.005740688882665872	0.007560907308876954	-0.012881545785494284	-0.006720806496779669	11551789
2024-06-11	0.048136190196653966	-0.0014675667742881466	0.048869973583798035	-0.00939242735544468	0.048136190196653966	17639227
2024-06-07	-0.016738816738816692	0.004040404040404057	0.012265512265512389	-0.02886002886002886	-0.016738816738816692	13938997
2024-06-06	-0.022153238323691368	0.011570481162692157	0.017496825172851626	-0.03626358120502338	-0.022153238323691368	14641447
2024-06-05	-0.009365389991613106	0.0	0.0174727425216662	-0.009365389991613106	-0.009365389991613106	9893132
2024-06-04	0.006046969483898282	-0.00014062719730002977	0.010968921389396726	-0.005062579102798473	0.006046969483898282	9734992
2024-06-03	-0.002664796633941062	-0.011079943899018122	0.0025245441795232375	-0.020336605890603127	-0.002664796633941062	12838509
2024-05-31	0.025751690404258263	0.007049345417925405	0.028772838440512153	-0.0043159257660769865	0.025751690404258263	12347612
2024-05-30	-0.00043140638481451154	-0.004745470232959627	0.01495542134023572	-0.013085993672706511	-0.00043140638481451154	10996217
2024-05-29	-0.011935208866155005	0.007814720090935087	0.008667235009946	-0.021312872975277068	-0.011935208866155005	10786410
2024-05-28	-0.003962637984715555	0.0033965468440420197	0.03736201528446081	-0.003962637984715555	-0.003962637984715555	16641787
2024-05-27	0.044030732860519936	0.004728132387706754	0.04536052009456254	0.0032505910165484464	0.044030732860519936	17973726
2024-05-24	-0.051037577117217986	0.0	0.010656197420078593	-0.05187885586090843	-0.051037577117217986	20013699
2024-05-23	-0.016411529444214753	0.003171976279133771	0.005102744449041378	-0.02013515377189364	-0.016411529444214753	10362383
2024-05-22	0.006803665648431118	-0.0016662038322686802	0.0106914745903917	-0.016939738961399595	0.006803665648431118	12516993
2024-05-21	-0.025043996209557443	0.003113577907134016	0.01245431162853664	-0.026939217544334763	-0.025043996209557443	12629922
2024-05-20	0.0	-0.00595640990930009	0.018952213347772997	-0.01705699201299587	0.0	13924855
2024-05-17	0.018334711883098955	-0.004824924179763007	0.025227460711331653	-0.015164047422112055	0.018334711883098955	17443318
2024-05-16	0.019106490587243598	0.011239112110143258	0.03582466985108172	-0.0011239112110145054	0.019106490587243598	19343300
2024-05-15	-0.0072524407252440165	0.0	0.005857740585774082	-0.009344490934449117	-0.0072524407252440165	9741133
2024-05-14	-0.00444321021938341	0.00555401277422946	0.013468480977506234	-0.014162732574284867	-0.00444321021938341	13763393
2024-05-13	-0.01207133058984924	-0.019204389574760023	0.005075445816186424	-0.020850480109739507	-0.01207133058984924	15542738
2024-05-10	-0.04780564263322879	-0.007183908045976974	-0.005877742946708501	-0.050417972831765925	-0.04780564263322879	19242956
2024-05-09	0.0026191723415401108	-0.004583551597695054	0.009429020429544249	-0.011262441068622307	0.0026191723415401108	16022291
2024-05-08	-0.0028728127448419804	-0.004962131104727024	0.008749020632018826	-0.013972316531731433	-0.0028728127448419804	11460461
2024-05-07	-0.03356890459363954	0.003407370015143996	0.01817264008076744	-0.0345784957092377	-0.03356890459363954	19486613
2024-05-06	-0.0001261829652997491	0.015772870662460567	0.021577287066245978	-0.00567823343848584	-0.0001261829652997491	11349144
2024-04-30	-0.008383383383383404	0.0021271271271271486	0.008258258258258216	-0.01676676676676681	-0.008383383383383404	12080060
2024-04-29	0.009600808489135993	0.008590197069226969	0.02678120262758975	0.00012632642748869525	0.009600808489135993	20363970
2024-04-26	0.05970548862115119	0.017804551539491276	0.06639892904953137	0.017804551539491276	0.05970548862115119	23570140
2024-04-25	-0.007836366051268473	-0.009430203214238384	0.002523575508035565	-0.014742993757471103	-0.007836366051268473	8928177
2024-04-24	0.05124266964535048	0.013683328679139762	0.055989946942194786	0.011868193242111061	0.05124266964535048	18305769
2024-04-23	-0.023585548738922834	0.009134287661895047	0.015405589638718607	-0.025903203817314133	-0.023585548738922834	13059174
2024-04-22	-0.028476821192053057	-0.04291390728476814	-0.015496688741721876	-0.0688741721854305	-0.028476821192053057	15814634
2024-04-19	-0.04791929382093313	-0.003783102143757846	-0.002143757881462821	-0.04791929382093313	-0.04791929382093313	17337044
2024-04-18	-0.00924537731134444	-0.010119940029985034	0.015492253873063404	-0.019490254872563745	-0.00924537731134444	16855015
2024-04-17	0.028131021194605164	0.0057803468208092856	0.03622350674373805	-0.008349389852279917	0.028131021194605164	19643822
2024-04-16	-0.010297482837528633	-0.00839054157131956	0.0017798118484617413	-0.028985507246376826	-0.010297482837528633	14568650
2024-04-15	0.008590844980125679	-0.005000641107834346	0.01936145659699968	-0.012822156686754713	0.008590844980125679	19678314
2024-04-12	0.053776516686934055	0.04864207539521678	0.07755708688015125	0.035805972165923405	0.053776516686934055	32158882
2024-04-11	0.006254248810333215	0.0	0.01835486063902119	-0.013596193065941536	0.006254248810333215	13224618
2024-04-10	-0.02955535031006741	-0.006465232880327339	-0.0026388705633989024	-0.034437260852355184	-0.02955535031006741	10646729
2024-04-09	0.024050803945412796	0.003377921902445615	0.024996622078097476	-0.01756519389271735	0.024050803945412796	12324240
2024-04-08	-0.006577181208053623	0.0	0.014093959731543586	-0.006711409395973154	-0.006577181208053623	10590764
2024-04-03	-0.03572353093450693	-0.012296142894123775	-0.0006471654154803438	-0.037923893347139616	-0.03572353093450693	16956866
2024-04-02	-0.01554536187563709	-0.006116207951070387	0.008154943934760456	-0.025229357798165188	-0.01554536187563709	12737542
2024-04-01	0.015790836137716785	0.014625938389852386	0.033134869272585916	0.004400724825265198	0.015790836137716785	13228836
2024-03-29	0.00612058861830966	-0.005209011590050862	0.010157572600598866	-0.018361765854929168	0.00612058861830966	10726867
2024-03-28	0.020736408347733645	0.00398777083610258	0.04346670211351849	-0.0002658513890736439	0.020736408347733645	18042079
2024-03-27	-0.013894350504653326	0.00026215755669151944	0.024642810329007673	-0.02346310132389574	-0.013894350504653326	16717968
2024-03-26	-0.05229813664596265	-0.004968944099378952	0.002608695652173835	-0.054906832298136664	-0.05229813664596265	25850636
2024-03-25	0.004742885671492704	-0.0002496255616576414	0.03719420868696942	-0.00836245631552673	0.004742885671492704	24861292
2024-03-22	0.01136076748295892	-0.004039383993940838	0.02751830345872263	-0.004039383993940838	0.01136076748295892	19784091
2024-03-21	-0.0120962713555306	0.0013717421124828462	0.016336201521386734	-0.016336201521386734	-0.0120962713555306	16673668
2024-03-20	-0.0057036577805332665	0.0	0.013019218846869152	-0.010539367637941829	-0.0057036577805332665	15436192
2024-03-19	-0.030532515927395025	-0.008294266137756915	-0.008294266137756915	-0.03233561726169008	-0.030532515927395025	21584127
2024-03-18	0.03085501858736053	-0.00024783147459722454	0.0444857496902107	-0.004089219330854997	0.03085501858736053	32622592
2024-03-15	-0.0006191950464395933	-0.008544891640866845	-0.0006191950464395933	-0.02786377708978328	-0.0006191950464395933	21706181
2024-03-14	0.013174404015056426	-0.012547051442910916	0.020075282308657395	-0.016311166875784155	0.013174404015056426	21081183
2024-03-13	-0.0037499999999999643	0.017249999999999942	0.031874999999999966	-0.004250000000000043	-0.0037499999999999643	23502709
2024-03-12	-0.04545996897744902	-0.009664717814103356	-0.003698842620212412	-0.05059062164419531	-0.04545996897744902	29602349
2024-03-11	0.018347509113001276	-0.001215066828675508	0.03037667071688943	-0.014459295261239341	0.018347509113001276	27453312
2024-03-08	0.017305315203955392	0.006304079110012248	0.02088998763906054	-0.013967861557478487	0.017305315203955392	28009751
2024-03-07	-0.041696280502250604	0.0021321961620468207	0.010068704098554777	-0.04347311063728976	-0.041696280502250604	29708196
2024-03-06	-0.021784472769408987	-0.015063731170336004	-0.005677867902665063	-0.03847045191193503	-0.021784472769408987	27199788
2024-03-05	0.0002318034306907281	-0.01692165044042661	0.04612888270746412	-0.024918868799258295	0.0002318034306907281	39605783
2024-03-04	-0.013830152017373344	0.01840210309749685	0.025945822379700657	-0.04160475482912334	-0.013830152017373344	33029482
2024-03-01	0.02784304511278184	0.0142152255639097	0.03771146616541346	-0.0004699248120301486	0.02784304511278184	31746787
2024-02-29	0.022094140249759888	-0.009365994236311253	0.04442843419788668	-0.009365994236311253	0.022094140249759888	33972253
2024-02-28	-0.05363636363636362	-0.010227272727272791	0.014999999999999923	-0.05363636363636362	-0.05363636363636362	34808926
2024-02-27	0.07121119902617157	-0.01034692635423017	0.07875836883749238	-0.017285453438831425	0.07121119902617157	37833674
2024-02-26	0.009213759213759214	-0.014987714987714973	0.039434889434889354	-0.019901719901719957	0.009213759213759214	25612476
2024-02-23	-0.017264276228419567	0.04116865869853913	0.049740432210551785	-0.025715320536037613	-0.017264276228419567	26403504
2024-02-22	0.03849047141424264	0.03435305917753253	0.08161985957873609	0.025200601805416133	0.03849047141424264	28739610
2024-02-21	-0.03192134967835897	-0.02633814783347496	-0.007646559048428152	-0.048185459400412654	-0.03192134967835897	24441360
2024-02-20	-0.04197674418604651	-0.020813953488372165	-0.012790697674418539	-0.053023255813953514	-0.04197674418604651	24696197
2024-02-19	0.12095933263816477	0.05057351407716365	0.15119916579770587	0.029979144942648556	0.12095933263816477	35771166
2024-02-08	0.01280528052805279	0.0165016501650165	0.05029702970297033	-0.007392739273927423	0.01280528052805279	21863527
2024-02-07	-0.0072083879423328594	0.003931847968545179	0.009960681520314615	-0.02096985583224108	-0.0072083879423328594	21829986
2024-02-06	0.09469153515064554	-0.0022955523672883297	0.09569583931133431	-0.023242467718794898	0.09469153515064554	26086448
2024-02-05	0.02019906323185026	0.002927400468384117	0.039666276346604336	-0.03966627634660413	0.02019906323185026	22899831
2024-02-02	-0.008417997097242561	0.0	0.007692307692307708	-0.05239477503628446	-0.008417997097242561	18855360
2024-02-01	0.03968613248830557	-0.011619133846385937	0.07333635129017654	-0.019164025954428794	0.03968613248830557	19857914
2024-01-31	0.014078041315990846	-0.009946442234123819	0.04361132364192821	-0.011629686304514017	0.014078041315990846	18219527
2024-01-30	-0.0664285714285715	-0.01914285714285719	-0.015285714285714189	-0.07142857142857142	-0.0664285714285715	19477153
2024-01-29	-0.008919722497522235	0.021520600311482518	0.05719949030157166	-0.01132663174288542	-0.008919722497522235	20844795
2024-01-26	-0.03510928961748644	-0.009426229508196689	-0.0005464480874317794	-0.03879781420765032	-0.03510928961748644	14826765
2024-01-25	0.00411522633744852	0.0	0.015226337448559661	-0.027434842249657063	0.00411522633744852	18030614
2024-01-24	-0.0027359781121749473	-0.013543091655266688	0.006703146374829126	-0.04404924760601914	-0.0027359781121749473	18114819
2024-01-23	0.03849978690154843	-0.012501775820428973	0.04432447790879393	-0.041056968319363556	0.03849978690154843	22012220
2024-01-22	0.00801947586996996	0.01002434483746245	0.026636116282400108	-0.022196763568666723	0.00801947586996996	20611013
2024-01-19	-0.0008584919158678248	-0.0004292459579339124	0.004435541565316959	-0.02732865932179134	-0.0008584919158678248	15707483
2024-01-18	0.06264254219248905	-0.01170746540976123	0.06370685722973997	-0.01383609548426329	0.06264254219248905	24021961
2024-01-17	-0.006795530051344048	0.005738447598912647	0.020084566596194477	-0.009966777408637823	-0.006795530051344048	12230774
2024-01-16	0.003333333333333316	-0.009696969696969706	0.006515151515151619	-0.023787878787878684	0.003333333333333316	12797230
2024-01-15	0.009020027518728076	-0.00932579116343066	0.03118789175966987	-0.012230545788105751	0.009020027518728076	13587406
2024-01-12	-0.0492732558139535	-0.009302325581395357	-0.005232558139534876	-0.0492732558139535	-0.0492732558139535	17356158
2024-01-11	0.01191351669363145	-0.012648918958670385	0.026180320635387576	-0.013678482129724851	0.01191351669363145	13706253
2024-01-10	-0.017059418823189343	-0.008095995373716962	0.017493132861066844	-0.030938268035275416	-0.017059418823189343	10789089
2024-01-09	0.011109486917117457	0.015933343078497347	0.03493641280514546	-0.0016079520537932968	0.011109486917117457	12767303
2024-01-08	-0.04628467865607148	-0.010316464519726879	-0.0026488219712811614	-0.046563502021469444	-0.04628467865607148	15171222
2024-01-05	-0.0423230974632844	-0.010547396528705023	0.0009345794392522453	-0.057676902536715716	-0.0423230974632844	16721788
2024-01-04	0.03068666574927761	-0.012659969726159374	0.034126874913994826	-0.04637401954038812	0.03068666574927761	20456381
2024-01-03	0.004284134881149838	0.015754560530679942	0.025013819789939225	-0.008153676064123873	0.004284134881149838	16533816
2024-01-02	0.019442096365173224	-0.0029585798816569166	0.03395322626091852	-0.01197520428289671	0.019442096365173224	18174808
2023-12-29	0.00952922770587401	0.0027023183046508	0.02033850092447721	-0.0135115915232542	0.00952922770587401	21903903
2023-12-28	-0.0024120317820658585	-0.006101021566401912	0.02057321225879686	-0.0095062429057889	-0.0024120317820658585	20472985
2023-12-27	-0.0073239436619717746	0.0035211267605633804	0.022253521126760538	-0.008450704225352032	-0.0073239436619717746	14875137
2023-12-26	-0.02217325437267593	0.0033053298443739827	0.007161547996143727	-0.030987467291006748	-0.02217325437267593	17232935
2023-12-25	-0.035851812508299066	-0.01460629398486268	-0.0049130261585447425	-0.10144735094940911	-0.035851812508299066	25457718
2023-12-22	-0.024102630555915504	-0.004794609304133789	0.00557211351561478	-0.0368018660101076	-0.024102630555915504	19168535
2023-12-21	0.035560923242082744	-0.010869565217391335	0.05542136339237802	-0.014761137949543672	0.035560923242082744	23381258
2023-12-20	-0.0207621550591327	-0.00039421813403418056	0.005256241787122282	-0.023653088042049897	-0.0207621550591327	16495809
2023-12-19	0.011564535424697465	-0.004785325003323134	0.019141300013292537	-0.014887677788116503	0.011564535424697465	19224173
2023-12-18	0.018824485373781154	-0.006771397616468039	0.03439869989165753	-0.0069068255687974684	0.018824485373781154	21258909
2023-12-15	-0.023280423280423162	0.0041005291005291305	0.009391534391534498	-0.025793650793650647	-0.023280423280423162	20783237
2023-12-14	-0.02640051513200272	0.006181584030907788	0.011461687057308443	-0.03309723116548625	-0.02640051513200272	24797721
2023-12-13	-0.0374364695673732	0.003966778232304366	0.009545060121482533	-0.047849262427172426	-0.0374364695673732	34239072
2023-12-12	-0.01885186086110432	-0.01325711505716375	0.016905862320603267	-0.030649477012892192	-0.01885186086110432	32240035
2023-12-11	0.023400547672392275	-0.02900174259397558	0.03933283544934026	-0.035349763505103354	0.023400547672392275	47701898
2023-12-08	0.09814106068890113	0.011344997266265696	0.12083105522143253	0.010114816839803297	0.09814106068890113	98702387
2023-12-07	-0.03214710940600617	-0.007937557878026306	-0.002778145257309273	-0.0480222251620586	-0.03214710940600617	49264875
2023-12-06	0.03761153054221015	0.0	0.04021962937542906	-0.006177076183939446	0.03761153054221015	42280489
2023-12-05	0.0019254572961078336	-0.015953789024893368	0.02159262824920929	-0.032182643377802085	0.0019254572961078336	33405194
2023-12-04	0.01126564673157146	0.00013908205841433802	0.0361613351877607	0.00013908205841433802	0.01126564673157146	26240379
2023-12-01	0.0018113417862618039	-0.007942037062839531	0.02354744322140167	-0.012261390553155851	0.0018113417862618039	25020241
2023-11-30	0.016572237960339967	0.016855524079320283	0.01699716713881024	-0.00991501416430579	0.016572237960339967	33999712
2023-11-29	-0.0019790783149561857	-0.009612666101215616	0.03449250777495069	-0.009612666101215616	-0.0019790783149561857	36559280
2023-11-28	0.05095825285990183	0.0013370970138167197	0.0579408705987222	-0.00014856633486859478	0.05095825285990183	37897832
2023-11-27	0.061169793473120015	0.008986284092700619	0.061800409900677825	0.004414314992905583	0.061169793473120015	31079351
2023-11-24	-0.05764373792898533	-0.0075768830782945345	0.0007428316743425517	-0.06715198336057054	-0.05764373792898533	22285229
2023-11-23	-0.0002970444081389577	-0.002673399673251041	0.005049754938363336	-0.04782414971038169	-0.0002970444081389577	19872869
2023-11-22	0.0034277198211625035	0.00029806259314471285	0.02801788375558882	-0.010432190760059443	0.0034277198211625035	19263867
2023-11-21	-0.015984748496847095	-0.004986068338466101	0.005719313682358126	-0.02038422056019945	-0.015984748496847095	15013298
2023-11-20	0.031306715063520764	-0.0045372050816698635	0.03826376285541441	-0.012704174228675187	0.031306715063520764	24774936
2023-11-17	-0.0015101177891874709	-0.005587435819994028	0.015101177891875567	-0.020990637269707044	-0.0015101177891874709	15728419
2023-11-16	-0.017798872738059964	-0.003263126668644302	0.01216256303767418	-0.017798872738059964	-0.017798872738059964	16405160
2023-11-15	-0.016340822877152092	0.010067114093959698	0.01882112634957677	-0.025094835132769375	-0.016340822877152092	23743132
2023-11-14	0.04801223241590215	0.0	0.05504587155963293	-0.0074923547400613	0.04801223241590215	33887291
2023-11-13	0.005844355582897719	-0.0027683789603197883	0.021224238695786064	-0.01399569363272834	0.005844355582897719	21485736
2023-11-10	0.0003076923076922465	-0.019999999999999955	0.018923076923076983	-0.021846153846153873	0.0003076923076922465	29612789
2023-11-09	-0.05523255813953484	-0.011482558139534768	0.010174418604651205	-0.05813953488372093	-0.05523255813953484	39071914
2023-11-08	0.012211269677799005	0.02692364278358097	0.04840370751802275	-0.01324113579520385	0.012211269677799005	40571339
2023-11-07	0.031411229135053	0.0	0.043399089529590276	-0.015174506828528072	0.031411229135053	37386826
2023-11-06	-0.011252813203300824	0.011102775693923404	0.020405101275318818	-0.014853713428357224	-0.011252813203300824	37886099
2023-11-03	0.03525939732836301	-0.011338925132028532	0.037123330226778516	-0.0155327741534637	0.03525939732836301	32501165
2023-11-02	-0.006481481481481508	0.013888888888888977	0.04598765432098772	-0.018364197530864164	-0.006481481481481508	34430581
2023-11-01	0.045667258350814886	-0.003872841697595643	0.08923672744876555	-0.008552525415523659	0.045667258350814886	39317556
2023-10-31	-0.013216560509554113	-0.01751592356687889	-0.0033439490445858876	-0.030891719745222895	-0.013216560509554113	22353882
2023-10-30	0.05652759084791385	-0.005720053835800746	0.059555854643337805	-0.020356662180349948	0.05652759084791385	37409232
2023-10-27	-0.010981697171381094	-0.007986688851913544	0.0009983361064891043	-0.042096505823627305	-0.010981697171381094	29334038
2023-10-26	-0.014430960970810027	-0.016890783863561725	-0.0062315513283042875	-0.03788127254837644	-0.014430960970810027	31941875
2023-10-25	0.0668299510146956	0.03219034289713092	0.079076277116865	0.020818754373687978	0.0668299510146956	44095106
2023-10-24	-0.03364327979712599	0.002535925612848666	0.006762468300929816	-0.07016060862214706	-0.03364327979712599	32180626
2023-10-23	-0.0011820330969267187	-0.010131712259371858	0.03259034110097939	-0.03951367781155009	-0.0011820330969267187	36385261
2023-10-20	0.0027091093802911713	0.0	0.027768371147985107	-0.025059261767693936	0.0027091093802911713	40644610
2023-10-19	0.06395244100162141	-0.011529454152404982	0.09727976941091693	-0.011529454152404982	0.06395244100162141	60219817
2023-10-18	0.05652835934526073	0.05253140464408066	0.09364293871336128	0.03825656642558047	0.05652835934526073	49130438
2023-10-17	0.012526498361919417	0.005974176141838548	0.023318558489111598	-0.00501059934476774	0.012526498361919417	10768040
2023-10-16	-0.030274715006540786	-0.007662119230050395	-0.00074752382732198	-0.04914969164642115	-0.030274715006540786	14464690
2023-10-13	-0.027090909090909127	-0.010363636363636368	0.0009090909090908574	-0.03963636363636363	-0.027090909090909127	13710044
2023-10-12	-0.0003635041802981302	0.0036350418029806567	0.008724100327153705	-0.020901490367139324	-0.0003635041802981302	15459879
2023-10-11	0.020022246941045707	0.0033370411568409294	0.029847979236188347	-0.019651464590285415	0.020022246941045707	19630937
2023-10-10	0.016584998115341035	0.009800226159065133	0.029023746701846948	0.002826988315114937	0.016584998115341035	13503757
2023-10-09	-0.01704334938866237	-0.015561319007039576	-0.008892182289736882	-0.042237865876250356	-0.01704334938866237	11534658
2023-09-28	-0.00037037037037042825	0.005000000000000058	0.01092592592592599	-0.016481481481481493	-0.00037037037037042825	14447341
2023-09-27	0.010101010101010085	0.007856341189674555	0.019453797231574994	-0.005050505050505109	0.010101010101010085	14060580
2023-09-26	0.01692980787521401	0.0017120030435608961	0.04831653034049837	-0.0026631158455392915	0.01692980787521401	18387565
2023-09-25	-0.031146332473276774	-0.006634721710283808	-0.0027644673792848982	-0.03520088462956131	-0.031146332473276774	14840218
2023-09-22	0.05769980506822614	-0.0019493177387913123	0.06159844054580904	-0.003898635477582763	0.05769980506822614	24431858
2023-09-21	-0.0017513134851139017	-0.007394434714925132	0.013426736719206026	-0.007394434714925132	-0.0017513134851139017	9551189
2023-09-20	-0.01305934319185711	-0.0013443441521029439	0.027078932206644837	-0.015171884002304573	-0.01305934319185711	9798317
2023-09-19	-0.01661945231350335	0.0009442870632671795	0.010387157695939512	-0.02209631728045329	-0.01661945231350335	9249642
2023-09-18	0.0018921475875118528	-0.014380321665089839	0.01343424787133398	-0.017029328287606407	0.0018921475875118528	10602954
2023-09-15	-0.0156453715775749	0.005773887129819376	0.021978021978021973	-0.020301732166138876	-0.0156453715775749	13064099
2023-09-14	-0.0296403397795048	0.002891740466293217	0.004879812036869748	-0.03759262606181092	-0.0296403397795048	12824006
2023-09-13	-0.0251937984496124	-0.006342494714587728	0.000704721634954178	-0.03329809725158563	-0.0251937984496124	12681051
2023-09-12	-0.02641509433962263	-0.005488850771869645	0.004631217838765063	-0.02710120068610632	-0.02641509433962263	14101761
2023-09-11	0.018518518518518434	-0.004192872117400454	0.05031446540880495	-0.018343815513626908	0.018518518518518434	20974364
2023-09-08	-0.014462809917355308	-0.009814049586776865	0.02272727272727273	-0.015151515151515074	-0.014462809917355308	15387387
2023-09-07	-0.03200000000000003	-0.007833333333333314	0.0016666666666666904	-0.0345	-0.03200000000000003	17864564
2023-09-06	0.032169275761224796	-0.003956648890418097	0.04042662996731454	-0.009117495269224172	0.032169275761224796	22347129
2023-09-05	-0.04860883797054008	0.021276595744680805	0.02193126022913251	-0.04860883797054008	-0.04860883797054008	26112165
2023-09-04	0.03018040802562804	0.010959366042825805	0.03237228123419313	-0.012308211094250615	0.03018040802562804	22694765
2023-09-01	0.002027369488089281	0.0	0.037168440614968795	-0.01284000675789826	0.002027369488089281	27377647
2023-08-31	0.046869472939511825	-0.01096568800848952	0.10187477891758044	-0.02387690130880795	0.046869472939511825	39076383
2023-08-30	0.06639004149377585	0.014334213504337947	0.07996982270841183	0.0035835533760844532	0.06639004149377585	33565299
2023-08-29	0.04431751034075241	-0.005318101240890351	0.053574945834154	-0.015560370297419858	0.04431751034075241	25022450
2023-08-28	0.02235199355618217	0.10551751913008463	0.10571888844140154	0.015304067660088707	0.02235199355618217	22187669
2023-08-25	-0.02031958966265538	0.002367330834484209	0.020516867232195684	-0.027224304596567283	-0.02031958966265538	14130097
2023-08-24	0.01583166332665329	0.022044088176352734	0.037675350701402856	0.012024048096192414	0.01583166332665329	15157427
2023-08-23	-0.036679536679536655	-0.00540540540540529	-0.00540540540540529	-0.04092664092664088	-0.036679536679536655	13071491
2023-08-22	0.02900278108859741	0.020063567739372228	0.036154151767977614	-0.009137862534763624	0.02900278108859741	17767158
2023-08-21	0.004189108318372249	-0.00019948134849401787	0.03470975463794125	-0.014362657091562057	0.004189108318372249	15965909
2023-08-18	-0.010852407261246984	0.006314127861089193	0.01973164956590371	-0.010852407261246984	-0.010852407261246984	12253349
2023-08-17	-0.0062745098039215744	0.0	0.011764705882352969	-0.0196078431372549	-0.0062745098039215744	17594691
2023-08-16	-0.03041825095057037	0.0053231939163498315	0.0053231939163498315	-0.03422053231939171	-0.03041825095057037	15233996
2023-08-15	-0.02230483271375457	0.017100371747211927	0.02081784386617109	-0.030483271375464697	-0.02230483271375457	23483995
2023-08-14	-0.02659670707436233	-0.02297810747240823	-0.013931608467523124	-0.06730595259634532	-0.02659670707436233	36189610
2023-08-11	-0.06115169016476974	0.005265839986410775	0.011890606420927517	-0.06234075080686249	-0.06115169016476974	17393423
2023-08-10	-0.03491803278688529	-0.015573770491803324	0.015573770491803324	-0.040983606557377046	-0.03491803278688529	12208549
2023-08-09	-0.051911718992850533	-0.0006216972334474083	0.0034193347839601936	-0.051911718992850533	-0.051911718992850533	10431557
2023-08-08	-0.0009316770186335756	0.0	0.009161490683229644	-0.01878881987577652	-0.0009316770186335756	7102603
2023-08-07	0.013853904282115909	-0.003463476070529061	0.022984886649874067	-0.008186397984886698	0.013853904282115909	8221161
2023-08-04	0.0036340654131775	-0.004582082477484582	0.010902196239532275	-0.009954179175225194	0.0036340654131775	9343854
2023-08-03	0.042325428194993416	-0.010210803689064516	0.05912384716732549	-0.01037549407114617	0.042325428194993416	15564696
2023-08-02	0.0302002035968782	-0.01391245334238209	0.048523922633186285	-0.019341703427214127	0.0302002035968782	14966201
2023-08-01	0.03240497460150629	0.0005254860746189181	0.03258013662637939	-0.024347521457348056	0.03240497460150629	15372734
2023-07-31	0.004045022863172775	0.003341540626099151	0.01846640872317969	-0.013366162504396728	0.004045022863172775	8467555
2023-07-28	-0.007332402234636901	-0.003142458100558654	0.012569832402234617	-0.00995111731843576	-0.007332402234636901	8872094
2023-07-27	-0.031614539306846955	-0.006931530008453028	0.002197802197802241	-0.032459847844463256	-0.031614539306846955	10507560
2023-07-26	-0.020695364238410598	0.0028145695364238696	0.009933774834437109	-0.026490066225165587	-0.020695364238410598	9401267
2023-07-25	-0.013071895424836671	0.012581699346405163	0.02042483660130719	-0.025816993464052376	-0.013071895424836671	14043734
2023-07-24	-0.003257328990227944	-0.006514657980456003	0.02752442996742679	-0.018078175895765464	-0.003257328990227944	10660464
2023-07-21	-0.10404202539034003	-0.008609368159930008	-0.008609368159930008	-0.10958704217131181	-0.10404202539034003	23817707
2023-07-20	-0.04753300903405144	0.0006949270326615311	0.004447533009033957	-0.04961779013203624	-0.04753300903405144	9499010
2023-07-19	-0.016539092400218613	0.0010934937124111304	0.014488791689447817	-0.020092946965554935	-0.016539092400218613	7667356
2023-07-18	-0.0386333771353482	-0.0022339027595267742	0.0018396846254927803	-0.040341655716162855	-0.0386333771353482	11800674
2023-07-17	-0.029336734693877695	-0.01594387755102041	0.012882653061224374	-0.056122448979591906	-0.029336734693877695	15984040
2023-07-14	0.018975825318430048	0.0006498570314530434	0.06420587470756431	0.0006498570314530434	0.018975825318430048	23955961
2023-07-13	0.02668801708033093	0.020816653322658158	0.032959701094208683	-0.012543368027755507	0.02668801708033093	17570171
2023-07-12	-0.03676092544987146	0.006426735218508998	0.015424164524421632	-0.04241645244215935	-0.03676092544987146	16990048
2023-07-11	0.10589907604832983	0.011656005685856539	0.13475479744136468	0.011656005685856539	0.10589907604832983	33197508
2023-07-10	0.049217002237136424	0.017151379567487034	0.064131245339299	0.011036539895600434	0.049217002237136424	15190578
2023-07-07	-0.03525179856115112	-0.008633093525179774	-0.0005755395683454137	-0.03870503597122299	-0.03525179856115112	7771918
2023-07-06	0.003030740366575173	-0.007071727522009078	0.027276663299177377	-0.008514937220378169	0.003030740366575173	8031311
2023-07-05	-0.026141953619114536	0.00028109627547429403	0.004919184820801044	-0.027266338721012112	-0.026141953619114536	8504015
2023-07-04	0.0222701149425289	-0.006178160919540124	0.034339080459770126	-0.014942528735632071	0.0222701149425289	13501722
2023-07-03	0.019481470631316805	-0.002343635564669644	0.03193203456862468	-0.03310385235095929	0.019481470631316805	13811613
2023-06-30	0.003822967210704174	-0.014703720041170414	0.026025584472871576	-0.016615203646522712	0.003822967210704174	12524838
2023-06-29	-0.028428571428571355	0.0	0.006714285714285698	-0.047142857142857104	-0.028428571428571355	16262480
2023-06-28	0.018626309662398154	0.06228172293364379	0.07683352735739234	0.0029103608847497503	0.018626309662398154	19634999
2023-06-27	-0.01036866359447003	-0.0007200460829492678	0.015264976958525378	-0.012096774193548437	-0.01036866359447003	10526061
2023-06-26	-0.09109947643979067	-0.0314136125654451	-0.005497382198952901	-0.09685863874345556	-0.09109947643979067	22106950
2023-06-21	-0.09015124449208042	-0.02203167798023097	-0.019888055257830196	-0.09015124449208042	-0.09015124449208042	21287204
2023-06-20	0.04949381327334075	0.02087239095113113	0.05599300087489051	-0.032620922384701906	0.04949381327334075	33139341
2023-06-19	0.03801245459263112	-0.0016865594187856182	0.04878048780487811	-0.023352361183186263	0.03801245459263112	24179651
2023-06-16	0.01715492214304562	-0.010556875164951136	0.022961203483768736	-0.049749274214832356	0.01715492214304562	21496221
2023-06-15	-0.06995581737849782	-0.001227295041728136	0.006259204712812849	-0.07241040746195392	-0.06995581737849782	21340775
2023-06-14	0.00866551126516468	-0.01324585293389462	0.02302550136172319	-0.03429066600643719	0.00866551126516468	22066544
2023-06-13	0.030488582727388705	0.005485393545094943	0.05013394565633362	-0.0574052812858783	0.030488582727388705	27289325
2023-06-12	0.0074540547487469255	-0.00025703637064639534	0.04228248297134034	-0.0007711091119393687	0.0074540547487469255	18523219
2023-06-09	0.007249190938511356	0.002847896440129435	0.015275080906148956	-0.05423948220064722	0.007249190938511356	21291540
2023-06-08	-0.03292438657986975	-0.017275913870806153	-0.01539809714571845	-0.05358037055583377	-0.03292438657986975	14833434
2023-06-07	0.006172061972540558	-0.0008817231389344677	0.02040559264390987	-0.02796321954906158	0.006172061972540558	12355407
2023-06-06	-0.049221556886227535	-0.010538922155688569	0.000958083832335309	-0.06514970059880237	-0.049221556886227535	16492708
2023-06-05	0.0036057692307691963	-0.0010817307692308103	0.01502403846153846	-0.011057692307692327	0.0036057692307691963	14131072
2023-06-02	-0.04696449026345927	0.008018327605956504	0.018098510882016017	-0.05830469644902639	-0.04696449026345927	26392267
2023-06-01	-0.05855710126172767	-0.019950393615874133	0.02318559258061028	-0.0712822171896905	-0.05855710126172767	22750606
2023-05-31	0.019907611086669625	-0.010668719753629551	0.02859656841179052	-0.01781786185657726	0.019907611086669625	14677356
2023-05-30	0.05268032881787654	-0.01574620817413453	0.06518467060321866	-0.02003010304503883	0.05268032881787654	18753685
2023-05-29	-0.0016183100219627853	0.026586521789388477	0.033290949023234255	-0.02092243671251881	-0.0016183100219627853	17146636
2023-05-26	0.06802469135802476	-0.007654320987654377	0.08518518518518525	-0.013580246913580177	0.06802469135802476	25016389
2023-05-25	0.05427567356501369	0.056878823376285366	0.0861642587530913	-0.0003904724716907606	0.05427567356501369	19036963
2023-05-24	-0.005694318623010195	-0.010223890254950073	0.030930503429532817	-0.0335188300763555	-0.005694318623010195	13934561
2023-05-23	-0.009485963338033702	-0.006665812075375083	0.004358415587745022	-0.02179207793872584	-0.009485963338033702	7675101
2023-05-22	-0.03572311495673672	-0.013349814585908682	0.029171817058096405	-0.052657601977750365	-0.03572311495673672	14697707
2023-05-19	-0.005287101930406893	0.01057420386081396	0.07807697036763812	-0.005287101930406893	-0.005287101930406893	19324060
2023-05-18	0.05857087075361187	0.01522842639593911	0.0856436287908369	0.013015749056358194	0.05857087075361187	21377588
2023-05-17	0.03586355669408112	-0.003909936632061565	0.056896319266549804	-0.006606444654172777	0.03586355669408112	15484682
2023-05-16	-0.030457516339869258	-0.006535947712418301	0.011633986928104583	-0.031633986928104596	-0.030457516339869258	14143355
2023-05-15	0.027949475947325966	0.007793603869927415	0.034399355012093555	-0.025799516259070166	0.027949475947325966	15471458
2023-05-12	-0.020144832126398962	0.0	0.02936142198815015	-0.020144832126398962	-0.020144832126398962	13121997
2023-05-11	-0.01987353206865392	0.0036133694670280186	0.01884114079236041	-0.025680732997806103	-0.01987353206865392	17526488
2023-05-10	-0.1283464566929135	-0.018222722159730084	0.010798650168728838	-0.13610798650168737	-0.1283464566929135	33203166
2023-05-09	0.0027069704489060356	0.00011279043537113824	0.048951048951048994	-0.031355741033160404	0.0027069704489060356	17379548
2023-05-08	-0.038811795316565464	-0.004770164787510817	0.02124891587163929	-0.0693842150910667	-0.038811795316565464	17965549
2023-05-05	0.000976668475311874	-0.0007596310363538512	0.07422680412371122	-0.030927835051546483	0.000976668475311874	23336494
2023-05-04	-0.02124269782262347	-0.015825809877854584	0.008709506107275552	-0.055655868295273594	-0.02124269782262347	17355077
2023-04-28	0.07846506300114557	-0.003321878579610447	0.08820160366552122	-0.009163802978235935	0.07846506300114557	27101882
2023-04-27	-0.05611417450535191	-0.02605687101308246	0.027138068980430374	-0.08800951454211267	-0.05611417450535191	30543673
2023-04-26	-0.06339240506329119	-0.017721518987341773	0.025721518987341836	-0.10177215189873415	-0.06339240506329119	34412708
2023-04-25	0.10619469026548678	-0.0030245323176878685	0.14260109779321165	-0.02867704716030024	0.10619469026548678	38669637
2023-04-24	-0.023197286355181142	0.0	0.0038297406718458727	-0.07462523251996944	-0.023197286355181142	26143439
2023-04-21	-0.060739979445015385	-0.02209660842754359	-0.02209660842754359	-0.09373072970195263	-0.060739979445015385	30396102
2023-04-20	0.07454445057979017	0.03589177250138045	0.08779679734953068	0.010270568746548943	0.07454445057979017	38232090
2023-04-19	0.09624697336561748	-0.007263922518159738	0.1985472154963681	-0.007263922518159738	0.09624697336561748	47687417
2023-04-18	0.030824909522026694	-0.014102084113315805	0.054536378385124235	-0.049669287407961935	0.030824909522026694	30598442
2023-04-17	0.04010903426791263	-0.007009345794392604	0.05789200415368631	-0.023883696780893086	0.04010903426791263	23928710
2023-04-14	0.010758331146680759	0.02492784046182112	0.029257412752558436	-0.04093413802151672	0.010758331146680759	25692358
2023-04-13	-0.0782440440198331	-0.0204377796589672	0.015237634538638349	-0.09082113919458207	-0.0782440440198331	30601158
2023-04-12	0.08802631578947366	-0.008026315789473677	0.1118421052631579	-0.029210526315789458	0.08802631578947366	39422530
2023-04-11	0.01604278074866314	0.010828877005347624	0.029679144385026723	-0.03810160427807479	0.01604278074866314	28457504
2023-04-10	-0.0838946723821189	-0.014084507042253589	-0.0002449479485610561	-0.09834660134721372	-0.0838946723821189	36819589
2023-04-07	0.005170503508555973	0.010341007017111771	0.027576018712298346	-0.018835405638310983	0.005170503508555973	24152646
2023-04-06	-0.05414531904983689	-0.029110386585933862	0.01979506287843506	-0.05693991616208664	-0.05414531904983689	33733505
2023-04-04	0.012735849056603753	-0.0306603773584905	0.07193396226415105	-0.04716981132075472	0.012735849056603753	36598984
2023-04-03	0.09887261889335228	0.002980432810677776	0.1308798755993261	-0.01127381106647667	0.09887261889335228	43563012
2023-03-31	0.008758169934640545	-0.0196078431372549	0.016601307189542433	-0.061437908496732065	0.008758169934640545	40805292
2023-03-30	0.026845637583892617	0.008859060402684518	0.09395973154362416	-0.0049664429530201955	0.026845637583892617	53166112
2023-03-29	0.14791987673343596	-0.013405238828967712	0.19999999999999982	-0.013867488443759717	0.14791987673343596	57175949
2023-03-28	0.025924754979450012	0.014068921909579635	0.052007587733164704	-0.012013910844135283	0.025924754979450012	29420458
2023-03-27	-0.045132075471698146	-0.015849056603773542	0.018867924528301886	-0.08528301886792451	-0.045132075471698146	35621836
2023-03-24	0.0007552870090634012	0.010120845921450176	0.029909365558912444	-0.036253776435045404	0.0007552870090634012	25566062
2023-03-23	0.004095252540573274	-0.020172910662824395	0.06840588502957667	-0.032306992264523125	0.004095252540573274	30018975
2023-03-22	0.07029220779220788	-0.006818181818181846	0.08603896103896111	-0.025974025974025997	0.07029220779220788	26010186
2023-03-21	0.01952995696789142	-0.005130751406818972	0.048990400529625965	-0.023667659715326046	0.01952995696789142	22530673
2023-03-20	0.0507826086956522	0.004869565217391324	0.0852173913043478	-0.010086956521739101	0.0507826086956522	26259928
2023-03-17	0.08429191023948705	0.016405808033188713	0.12351499151423717	0.013011502922873801	0.08429191023948705	28810286
2023-03-16	-0.011187768040275992	-0.014171172851016317	0.010068991236248352	-0.021070296475853113	-0.011187768040275992	8866895
2023-03-15	-0.024909090909090863	0.0074545454545453926	0.014181818181818202	-0.02727272727272727	-0.024909090909090863	12214280
2023-03-14	0.027077497665733013	-0.010830999066293152	0.04575163398692816	-0.013445378151260484	0.027077497665733013	18935935
2023-03-13	0.022922636103151782	-0.006876790830945547	0.02769818529130842	-0.010506208213944684	0.022922636103151782	11540251
2023-03-10	-0.010209869540555855	-0.007373794668179251	0.017583664208735104	-0.010209869540555855	-0.010209869540555855	12375061
2023-03-09	-0.005079006772008955	-0.0052671181339351775	0.01467268623024833	-0.026899924755455225	-0.005079006772008955	12756681
2023-03-08	0.017221584385763464	0.0009567546880980533	0.029276693455797958	-0.00019135093761955629	0.017221584385763464	11641059
2023-03-07	-0.05650839501715116	-0.01155443220797979	-0.0019859180357465144	-0.0579526990431486	-0.05650839501715116	17592305
2023-03-06	0.0014463930573132941	-0.007412764418730857	0.030374254203579816	-0.019707105405894113	0.0014463930573132941	25829321
2023-03-03	0.04299453139732229	0.019988685649632326	0.06845181972468406	-0.04054308881765036	0.04299453139732229	35490448
2023-03-02	-0.008785046728971941	-0.009719626168224358	0.015887850467289747	-0.0185046728971963	-0.008785046728971941	14756757
2023-03-01	0.031225905936777126	-0.009252120277563685	0.04857363145720887	-0.009252120277563685	0.031225905936777126	19242737
2023-02-28	0.027733755942947816	0.022187004754358253	0.05685419968304288	-0.0035657686212361276	0.027733755942947816	16999869
2023-02-27	-0.029790505477609152	0.0	0.01268498942917541	-0.0467038247165097	-0.029790505477609152	17493609
2023-02-24	0.036867277799920314	0.016341171781586294	0.0996412913511359	0.016341171781586294	0.036867277799920314	26321697
2023-02-23	0.00019932230416579649	0.002989834562487514	0.025114610324895315	-0.011361371337452667	0.00019932230416579649	10337473
2023-02-22	0.0036007201440288	-0.009801960392078455	0.019603920784156768	-0.01960392078415691	0.0036007201440288	10058181
2023-02-21	-0.03680154142581882	-0.013872832369942176	0.005587668593448924	-0.055684007707129106	-0.03680154142581882	15347519
2023-02-20	0.07164980384059465	0.0016518686764401878	0.08362585174478623	-0.008259343382201086	0.07164980384059465	19512588
2023-02-17	-0.0596116504854369	-0.005825242718446547	0.008932038834951472	-0.06796116504854369	-0.0596116504854369	18698443
2023-02-16	-0.08379291940935778	-0.02099270592421277	0.008361501512186424	-0.09428927237146423	-0.08379291940935778	25265968
2023-02-15	0.0571750987398909	-0.0001880759826971058	0.07222117735565162	-0.03385367688546181	0.0571750987398909	25229176
2023-02-14	0.012376237623762349	0.02494287890327485	0.054074638233054	-0.0005712109672505928	0.012376237623762349	19995512
2023-02-13	0.03814983198260525	0.008104368452263226	0.08163668709231064	-0.005732358173552209	0.03814983198260525	22827718
2023-02-10	-0.0545692393945056	-0.00953092879835541	-0.00018688095683046179	-0.05737245374696319	-0.0545692393945056	19174837
2023-02-09	0.1329663349565954	-0.005081515985602263	0.17086597501587975	-0.01630319712047419	0.1329663349565954	25652346
2023-02-08	-0.048932742650020136	0.006645187273459634	0.022553362867499087	-0.05155054369714046	-0.048932742650020136	12611675
2023-02-07	0.011405295315682183	-0.01425661914460291	0.04908350305498974	-0.018533604887983782	0.011405295315682183	16643405
2023-02-06	0.02978187919463091	0.001887583892617521	0.049077181208053766	-0.02726510067114088	0.02978187919463091	22382702
2023-02-03	0.04150283966797725	-0.006771515945827922	0.04193971166448234	-0.02249890782000876	0.04150283966797725	13827056
2023-02-02	0.045205479452054886	0.009589041095890451	0.06849315068493152	0.007077625570776308	0.045205479452054886	15271859
2023-02-01	0.018367821436875126	0.0023250406882120767	0.020227853987444887	-0.0034875610323180325	0.018367821436875126	6521100
2023-01-31	-0.026923076923077032	-0.002262443438914059	0.006108597285067783	-0.03552036199095023	-0.026923076923077032	8731889
2023-01-30	-0.017341040462427616	0.007114273010226774	0.013783903957314464	-0.02223210315695865	-0.017341040462427616	7953849
2023-01-20	0.001781737193763882	-0.005790645879732695	0.011135857461024499	-0.010913140311804053	0.001781737193763882	7104606
2023-01-19	0.06930221481305064	-0.005715646582519694	0.08216241962371983	-0.005953798523457966	0.06930221481305064	15061008
2023-01-18	0.0045454545454546615	0.0023923444976076897	0.01674641148325366	-0.016028708133971163	0.0045454545454546615	7488689
2023-01-17	0.0045662100456620456	0.02090843547224219	0.028598894496515207	-0.031482816630617694	0.0045662100456620456	9272945
2023-01-16	0.024372230428360463	-0.005416051206302287	0.03101920236336793	-0.007877892663712464	0.024372230428360463	6798306
2023-01-13	-0.0022107590272661118	0.0036845983787766783	0.011299435028248608	-0.012527634487840776	-0.0022107590272661118	4229160
2023-01-12	-0.018799710773680433	0.0009640877319835899	0.0024102193299590604	-0.02072788623764761	-0.018799710773680433	5112671
2023-01-11	-0.01705756929637524	-0.0011845534233594945	0.01966358682776589	-0.018479033404406566	-0.01705756929637524	5411156
2023-01-10	0.005239342700642983	0.008097165991902746	0.030721600381043084	0.0009526077637532543	0.005239342700642983	4760041
2023-01-09	-0.008968609865470746	0.00023601604909145898	0.013924946896389036	-0.026669813547321113	-0.008968609865470746	5645296
2023-01-06	0.02170243549553891	-0.004340487099107782	0.04726308174584039	-0.011092355919942148	0.02170243549553891	10236740
2023-01-05	0.010231425091352052	-0.0009744214372715993	0.014859926918392191	-0.01583434835566379	0.010231425091352052	7097100
2023-01-04	-0.023084245597334744	0.0030937648738694774	0.02046644455021417	-0.024274155164207594	-0.023084245597334744	7127159
2023-01-03	0.04735792622133614	0.016949152542372874	0.058075772681954276	0.0027417746759720698	0.04735792622133614	10156035
2022-12-30	-0.011822660098522265	0.005911330049261133	0.014285714285714244	-0.012807881773399091	-0.011822660098522265	3035871
2022-12-29	0.0029644268774704683	0.0029644268774704683	0.01605731225296457	-0.009881422924901151	0.0029644268774704683	3400797
2022-12-28	-0.020566174691507413	-0.0007258649891120527	-0.0007258649891120527	-0.024437454633438133	-0.020566174691507413	2904206
2022-12-27	0.003155339805825132	0.00048543689320378687	0.012135922330097087	-0.01577669902912635	0.003155339805825132	4279635
2022-12-26	0.02794411177644722	0.0	0.03692614770459092	-0.0004990019960078848	0.02794411177644722	4632977
2022-12-23	0.008048289738430591	-0.004024144869215206	0.015593561368209372	-0.012826961770623693	0.008048289738430591	4174819
2022-12-22	-0.0185139471735374	0.0071587262404344395	0.011108368304122509	-0.01999506294742027	-0.0185139471735374	3739417
2022-12-21	-0.031556299306717675	0.0	0.00023906287353586222	-0.038967248386325495	-0.031556299306717675	4578371
2022-12-20	-0.00023900573613778957	0.002868068833651946	0.013862332695984662	-0.009799235181644448	-0.00023900573613778957	3675107
2022-12-19	-0.029459522152632707	-0.001391788448155933	0.003943400603108367	-0.035026675945256276	-0.029459522152632707	4817118
2022-12-16	-0.025542495479204397	0.0004520795660035267	0.0004520795660035267	-0.03141952983725137	-0.025542495479204397	6226726
2022-12-15	-0.008294104460883153	-0.00784577449002469	0.02286482851378622	-0.010984084286034566	-0.008294104460883153	6114217
2022-12-14	-0.006237469369570085	0.03408331476943643	0.03920695032301176	-0.0064602361327689714	-0.006237469369570085	6806794
2022-12-13	-0.028565245617831643	-0.0038952607660679445	0.0025968405107119116	-0.030512876000865694	-0.028565245617831643	6796636
2022-12-12	0.010054644808743188	-0.00852459016393444	0.03497267759562844	-0.017486338797814145	0.010054644808743188	8902193
2022-12-09	0.010379858657243791	-0.003091872791519447	0.032906360424028315	-0.005300353356890503	0.010379858657243791	12336370
2022-12-08	0.001769911504424741	-0.004424778761062009	0.021017699115044152	-0.013274336283185872	0.001769911504424741	7556530
2022-12-07	0.0028844020412691937	-0.0015531395606833878	0.014865764366540975	-0.010871976924783713	0.0028844020412691937	6987422
2022-12-06	0.03253150057273772	-0.01145475372279496	0.0652920962199313	-0.01145475372279496	0.03253150057273772	13244351
2022-12-05	0.009248554913294765	0.014566473988439365	0.021271676300578073	-0.007630057803468169	0.009248554913294765	6706085
2022-12-02	0.01264340903769607	-0.007258253336455216	0.0419105595879185	-0.009365488176071144	0.01264340903769607	9510821
2022-12-01	0.030646718146718224	0.015685328185328324	0.04971042471042477	0.012548262548262624	0.030646718146718224	10637205
2022-11-30	-0.016144349477682805	0.0014245014245014786	0.004273504273504267	-0.025166191832858387	-0.016144349477682805	8475504
2022-11-29	0.005010737294201882	-0.0014316392269147023	0.01932712956335009	-0.007874015748031456	0.005010737294201882	8446791
2022-11-28	-0.03566497929130245	-0.017487344684767557	0.002991256327657675	-0.04141739530602863	-0.03566497929130245	9961786
2022-11-25	-0.01182355616189168	-0.008640291041382343	0.026603001364256522	-0.021828103683492354	-0.01182355616189168	7923905
2022-11-24	0.008715596330275124	-0.0009174311926605309	0.02454128440366973	-0.00412844036697247	0.008715596330275124	7556608
2022-11-23	-0.04238963320887326	0.0010981770261365507	0.00834614539863816	-0.0777509334504722	-0.04238963320887326	14601665
2022-11-22	-0.0045911674682991	-0.0013117621337997874	0.027109750765194465	-0.016178399650196806	-0.0045911674682991	9095430
2022-11-21	-0.00021857923497263412	-0.013989071038251378	0.013989071038251378	-0.013989071038251378	-0.00021857923497263412	6045714
2022-11-18	-0.02431222008957135	-0.0081040733631905	0.010449989336745617	-0.0313499680102367	-0.02431222008957135	9000789
2022-11-17	0.02447017697181554	-0.006772995411841867	0.03517587939698491	-0.02337775835700241	0.02447017697181554	11383354
2022-11-16	-0.03763666947014296	0.00820016820857865	0.00820016820857865	-0.04205214465937763	-0.03763666947014296	11987054
2022-11-15	0.04298245614035089	0.0	0.06469298245614026	-0.010307017543859624	0.04298245614035089	13827590
2022-11-14	-0.02145922746781116	0.001716738197424856	0.00429184549356214	-0.04420600858369104	-0.02145922746781116	11937612
2022-11-11	0.007567567567567599	0.0352432432432433	0.035675675675675644	-0.005189189189189232	0.007567567567567599	14390587
2022-11-10	-0.06357562259566715	-0.013970439360194325	-0.001822231220894987	-0.06681514476614693	-0.06357562259566715	19736091
2022-11-09	0.05018073570061662	-0.0006378907080587101	0.07101849883053363	-0.0012757814161174202	0.05018073570061662	25901582
2022-11-08	0.07891718284010088	-0.00022941041523296893	0.10415232851571458	-0.00022941041523296893	0.07891718284010088	31993667
2022-11-07	-0.016914749661705007	-0.007668019846639679	-0.0020297699594046775	-0.03969327920613453	-0.016914749661705007	19138619
2022-11-04	-0.012692050768202921	-0.01781340458695162	-0.0008906702293475651	-0.04030282787797807	-0.012692050768202921	19257466
2022-11-03	0.007402422611036301	-0.00022431583669802626	0.01996410946612832	-0.021758636159712852	0.007402422611036301	18195328
2022-11-02	-0.010871976924783713	0.0004437541601953212	0.025072110051031785	-0.019081428888395816	-0.010871976924783713	18341068
2022-11-01	0.008728737690241732	-0.015219337511190683	0.03290062667860338	-0.017681289167412694	0.008728737690241732	23373920
2022-10-31	0.14711168164313213	0.005905006418485157	0.18844672657252878	0.004107830551989642	0.14711168164313213	40248329
2022-10-28	-0.011421319796954207	-0.003553299492385801	0.024619289340101495	-0.015228426395939123	-0.011421319796954207	21378750
2022-10-27	-0.013520280420630925	0.012769153730596023	0.014021031547321039	-0.03154732098147216	-0.013520280420630925	25173627
2022-10-26	0.026999228593468684	0.00565698122910771	0.03625610696837225	-0.020313705322705045	0.026999228593468684	23138719
2022-10-25	0.0023195876288660674	-0.005412371134020458	0.024742268041237137	-0.026804123711340187	0.0023195876288660674	16350062
2022-10-24	0.011734028683181115	0.0	0.04276401564537159	-0.001564537157757556	0.011734028683181115	20343718
2022-10-21	-0.034005037783375346	-0.017632241813602085	-0.017632241813602085	-0.04785894206549132	-0.034005037783375346	20923505
2022-10-20	0.05026455026455042	-0.010582010582010545	0.10740740740740748	-0.015873015873015723	0.05026455026455042	38089292
2022-10-19	-0.04929577464788735	-0.006790744466800705	0.010311871227364279	-0.05432595573440636	-0.04929577464788735	21493781
2022-10-18	-0.02020699852143914	-0.010596352883193685	-0.0022178413011334722	-0.030310497782158625	-0.02020699852143914	17666665
2022-10-17	0.04265159301130515	-0.02081192189105864	0.05858170606372048	-0.02286742034943475	0.04265159301130515	31442274
2022-10-14	0.0030927835051547566	0.010309278350515611	0.01701030927835061	-0.033762886597938024	0.0030927835051547566	26473453
2022-10-13	0.00648508430609598	-0.019455252918287938	0.05421530479896248	-0.028534370946822162	0.00648508430609598	27786701
2022-10-12	0.014473684210526241	-0.02131578947368427	0.027105263157894768	-0.04684210526315793	0.014473684210526241	34500124
2022-10-11	-0.19252018699532517	-0.02316192095197627	-0.012962175945601347	-0.19825754356141106	-0.19252018699532517	42514760
2022-10-10	-0.19993199591975516	-0.049642978578714754	-0.049642978578714754	-0.19993199591975516	-0.19993199591975516	17192303
2022-09-30	-0.03415435139573068	-0.001970443349753653	0.017733990147783225	-0.03431855500821012	-0.03415435139573068	7163333
2022-09-29	0.046571575872142994	0.012545110843787661	0.05825743254854787	-0.0032651658360542657	0.046571575872142994	10062079
2022-09-28	-0.05765182186234821	-0.01538461538461543	-0.011336032388664014	-0.07093117408906886	-0.05765182186234821	10687492
2022-09-27	0.024046434494195735	0.0	0.024046434494195735	-0.036318407960198966	0.024046434494195735	10398608
2022-09-26	-0.013416230366492152	-0.013252617801047042	0.020287958115183278	-0.029286649214659673	-0.013416230366492152	9431701
2022-09-23	-0.03504894221660887	-0.008683296495105845	0.015787811809283233	-0.04010104199557951	-0.03504894221660887	10718889
2022-09-22	0.04160499917776683	-0.003782272652524321	0.07860549251767802	-0.006742312119717212	0.04160499917776683	11563234
2022-09-21	-0.030298198054536735	-0.0033487482060277603	0.004624461808324018	-0.0422580130760644	-0.030298198054536735	10193140
2022-09-20	-0.00254493399077456	0.010020677588675085	0.031970733259106064	-0.029584857642754883	-0.00254493399077456	11899013
2022-09-19	0.004313099041533482	0.0	0.08674121405750798	-0.00830670926517577	0.004313099041533482	21933351
2022-09-16	0.11387900355871883	-0.005516014234875485	0.16014234875444838	-0.009430604982206426	0.11387900355871883	27395163
2022-09-15	-0.05083600743117713	-0.011822327309576133	0.036986995439959425	-0.057591623036649275	-0.05083600743117713	16768023
2022-09-14	0.06092098190288476	-0.014513528041569652	0.06593800394194588	-0.02651854506360874	0.06092098190288476	14025063
2022-09-13	0.00017921146953414188	0.006989247311827968	0.04336917562724018	-0.0039426523297490836	0.00017921146953414188	7799766
2022-09-09	-0.014482515012363128	0.0068880254327093006	0.015188979159307656	-0.030024726245142984	-0.014482515012363128	6704055
2022-09-08	0.03189356661199198	-0.00018224895206848935	0.042464005831966564	-0.006560962274466912	0.03189356661199198	12792981
2022-09-07	0.029455909943714827	0.0056285178236398555	0.07485928705440904	0.0	0.029455909943714827	14913190
2022-09-06	0.02165995783017051	0.014951121334100079	0.02702702702702696	-0.015909526547824387	0.02165995783017051	12381516
2022-09-05	-0.07005347593582888	-0.017825311942959002	-0.008556149732620392	-0.08609625668449195	-0.07005347593582888	20327715
2022-09-02	0.0299247292087388	0.00807784101340183	0.09785202863961812	0.00807784101340183	0.0299247292087388	26976389
2022-09-01	0.0854922279792746	0.13790354722997214	0.19170984455958545	0.07313670785173379	0.0854922279792746	44421194
2022-08-31	-0.030150753768844265	0.0050251256281406646	0.03904136064940077	-0.03362968689601859	-0.030150753768844265	12120606
2022-08-30	0.053982481157058435	-0.0014259523324506066	0.07496435119168872	-0.0034630270930943513	0.053982481157058435	16427156
2022-08-29	-0.022111553784860544	-0.02310756972111561	0.02131474103585658	-0.0300796812749005	-0.022111553784860544	11626638
2022-08-26	-0.0922242314647377	-0.008860759493670795	0.011573236889692596	-0.09584086799276668	-0.0922242314647377	21365287
2022-08-25	-0.058723404255319196	0.0044255319148935835	0.009361702127659527	-0.07489361702127657	-0.058723404255319196	13214891
2022-08-24	-0.01870719893101716	-0.009520628027392689	0.018206113245365016	-0.04409554033739771	-0.01870719893101716	12285793
2022-08-23	0.062466725820763014	-0.007453416149068353	0.07950310559006206	-0.009760425909494308	0.062466725820763014	21665593
2022-08-22	0.038518245484703346	-0.004791743457427166	0.049760412827128696	-0.005713232583855422	0.038518245484703346	17120114
2022-08-19	-0.058803122289679106	0.006244579358196001	0.025151777970511758	-0.06296617519514303	-0.058803122289679106	19856238
2022-08-18	0.00017349063150586417	-0.010756419153365674	0.019951422623178325	-0.03712699514226233	0.00017349063150586417	20379982
2022-08-17	-0.05025539627615748	-0.005602240896358483	0.01927829955511619	-0.06409622672598453	-0.05025539627615748	30965039
2022-08-16	0.0681098204857444	-0.0144315381907779	0.08518127419922555	-0.03185498064061954	0.0681098204857444	45226222
