2024-12-31	-0.005509641873278242	0.0027548209366391823	0.012396694214876014	-0.005509641873278242	-0.005509641873278242	102490712
2024-12-30	0.012552301255230106	0.0	0.018131101813110166	-0.0027894002789399684	0.012552301255230106	103354169
2024-12-27	-0.00829875518672206	-0.006915629322268424	0.004149377593360907	-0.017980636237897755	-0.00829875518672206	102501578
2024-12-26	0.0027739251040222557	0.0027739251040222557	0.006934812760055454	-0.023578363384188616	0.0027739251040222557	123898300
2024-12-25	0.016925246826516235	0.0	0.02961918194640338	-0.0014104372355429884	0.016925246826516235	142479320
2024-12-24	0.004249291784702585	0.0	0.005665722379603405	-0.01274787535410763	0.004249291784702585	108406789
2024-12-23	0.0014184397163120265	0.0	0.011347517730496465	-0.004255319148936206	0.0014184397163120265	129944325
2024-12-20	-0.0056417489421720785	-0.0056417489421720785	0.00423131170662909	-0.011283497884344157	-0.0056417489421720785	96941350
2024-12-19	0.011412268188302436	-0.007132667617688991	0.02282453637660487	-0.008559201141226764	0.011412268188302436	124277107
2024-12-18	0.004297994269340882	-0.007163323782235058	0.018624641833810872	-0.007163323782235058	0.004297994269340882	150216072
2024-12-17	0.0	0.0	0.031518624641833776	-0.0028653295128940486	0.0	165815344
2024-12-16	0.027982326951399173	0.0	0.0338733431516936	0.0	0.027982326951399173	207125089
2024-12-13	-0.004398826979472177	0.0	0.01026392961876824	-0.01026392961876837	-0.004398826979472177	168451954
2024-12-12	0.014880952380952462	-0.0029761904761904127	0.01934523809523808	-0.0044642857142856195	0.014880952380952462	166202152
2024-12-11	0.002985074626865608	0.0	0.0059701492537313485	-0.008955223880597088	0.002985074626865608	128209387
2024-12-10	-0.004457652303120394	0.008915304606240654	0.016344725111441222	-0.0074294205052007	-0.004457652303120394	144302199
2024-12-09	0.015082956259426928	0.0	0.02564102564102563	-0.0030165912518853055	0.015082956259426928	146948912
2024-12-06	0.001510574018126856	0.001510574018126856	0.01057401812688826	-0.009063444108761405	0.001510574018126856	136911105
2024-12-05	-0.006006006006006011	0.003003003003002939	0.012012012012012022	-0.009009009009009084	-0.006006006006006011	97851257
2024-12-04	0.01990811638591116	-0.001531393568147117	0.027565084226646202	-0.006125574272588061	0.01990811638591116	181523801
2024-12-03	0.006163328197226508	-0.0015408320493065927	0.0077041602465331	-0.006163328197226508	0.006163328197226508	96141488
2024-12-02	0.0030911901081917253	-0.003091190108191588	0.004636785162287519	-0.004636785162287382	0.0030911901081917253	94151507
2024-11-29	0.004658385093167602	0.0	0.013975155279503083	0.0	0.004658385093167602	104271689
2024-11-28	-0.013782542113323101	0.0	0.004594180704440943	-0.0168453292496172	-0.013782542113323101	101523862
2024-11-27	0.015552099533437098	-0.004665629860031005	0.02177293934681191	-0.004665629860031005	0.015552099533437098	136050399
2024-11-26	0.007836990595611257	0.0	0.014106583072100292	-0.006269592476489034	0.007836990595611257	93201764
2024-11-25	-0.006230529595015582	0.0015576323987538609	0.015576323987538885	-0.014018691588785024	-0.006230529595015582	141760869
2024-11-22	-0.015337423312883382	-0.003067484662576622	0.012269938650306761	-0.018404907975460003	-0.015337423312883382	139886600
2024-11-21	-0.01659125188536958	-0.004524886877828092	0.004524886877828092	-0.02262443438914019	-0.01659125188536958	129197523
2024-11-20	0.015313935681470082	-0.009188361408882158	0.016845329249617062	-0.01071975497702914	0.015313935681470082	176530139
2024-11-19	-0.032592592592592555	-0.008888888888888832	-0.005925925925925931	-0.0488888888888889	-0.032592592592592555	262191709
2024-11-18	0.007462686567164152	0.001492537313432804	0.03283582089552235	-0.013432835820895501	0.007462686567164152	315363161
2024-11-15	0.021341463414634235	-0.009146341463414575	0.06250000000000003	-0.009146341463414575	0.021341463414634235	396164776
2024-11-14	-0.020895522388059785	-0.020895522388059785	0.001492537313432804	-0.03582089552238809	-0.020895522388059785	264000269
2024-11-13	0.05345911949685532	0.0	0.09433962264150937	-0.0015723270440252634	0.05345911949685532	502115342
2024-11-12	-0.024539877300613383	-0.003067484662576622	-0.003067484662576622	-0.026073619631901832	-0.024539877300613383	169734941
2024-11-11	0.001536098310291826	-0.001536098310291826	0.001536098310291826	-0.01689708141321036	0.001536098310291826	147661918
2024-11-08	-0.009132420091324277	0.0	0.003044140030441335	-0.019786910197869084	-0.009132420091324277	197846147
2024-11-07	0.018604651162790715	-0.007751937984496096	0.018604651162790715	-0.010852713178294617	0.018604651162790715	226451988
2024-11-06	0.004672897196261721	-0.0015576323987538609	0.009345794392523442	-0.0031152647975077217	0.004672897196261721	190260427
2024-11-05	0.004694835680751213	0.0	0.004694835680751213	-0.006259780907668238	0.004694835680751213	200128944
2024-11-04	-0.003120124804992272	0.0015600624024960665	0.004680187207488338	-0.009360374414976676	-0.003120124804992272	112387068
2024-11-01	0.007861635220125758	0.0	0.012578616352201269	-0.0047169811320755105	0.007861635220125758	141605889
2024-10-31	-0.01700154559505401	-0.004636785162287382	0.0030911901081917253	-0.021638330757341527	-0.01700154559505401	189310252
2024-10-30	-0.007668711656441691	-0.004601226993864933	0.004601226993865069	-0.010736196319018313	-0.007668711656441691	113577585
2024-10-29	0.0	-0.003067484662576622	0.004601226993865069	-0.015337423312883382	0.0	142258995
2024-10-28	0.007727975270479108	-0.003091190108191588	0.015455950540958352	-0.01700154559505401	0.007727975270479108	152423500
2024-10-25	-0.004615384615384654	-0.0015384615384615057	0.0030769230769230114	-0.010769230769230812	-0.004615384615384654	160084535
2024-10-24	-0.013657056145675243	-0.00303490136570555	-0.001517450682852775	-0.02276176024279203	-0.013657056145675243	164132710
2024-10-23	-0.009022556390977519	0.0	0.004511278195488626	-0.016541353383458694	-0.009022556390977519	203797410
2024-10-22	-0.0015015015015014694	-0.010510510510510553	0.004504504504504542	-0.019519519519519503	-0.0015015015015014694	196272161
2024-10-21	0.01990811638591116	0.003062787136293962	0.021439509954058144	-0.024502297090352242	0.01990811638591116	274777352
2024-10-18	0.018720748829953213	-0.004680187207488338	0.028081123244929753	-0.01560062402496108	0.018720748829953213	187563783
2024-10-17	-0.009273570324574902	0.0015455950540959314	0.010819165378670833	-0.010819165378670696	-0.009273570324574902	133816920
2024-10-16	0.006220839813374812	-0.009331259720062149	0.012441679626749623	-0.012441679626749623	0.006220839813374812	116866427
2024-10-15	-0.013803680981595071	-0.004601226993864933	0.015337423312883519	-0.015337423312883382	-0.013803680981595071	163726802
2024-10-14	0.03492063492063488	0.004761904761904801	0.03968253968253968	0.003174603174603248	0.03492063492063488	268189838
2024-10-11	-0.05120481927710842	-0.009036144578313195	-0.0030120481927710203	-0.054216867469879436	-0.05120481927710842	285662428
2024-10-10	0.050632911392404965	0.0	0.06645569620253163	0.0	0.050632911392404965	410272478
2024-10-09	-0.05105105105105103	-0.022522522522522577	-0.022522522522522577	-0.0540540540540541	-0.05105105105105103	355364209
2024-10-08	-0.007451564828613983	0.09090909090909095	0.09090909090909095	-0.04172876304023849	-0.007451564828613983	592974687
2024-09-30	0.06003159557661925	0.0063191153238546655	0.07898894154818326	-0.011058451816745701	0.06003159557661925	610178440
2024-09-27	-0.006279434850863428	-0.014128728414442678	-0.0031397174254317838	-0.02511773940345371	-0.006279434850863428	205280367
2024-09-26	0.029079159935379597	-0.004846526655896647	0.029079159935379597	-0.024232633279483093	0.029079159935379597	248564593
2024-09-25	-0.009599999999999937	0.0031999999999999316	0.03200000000000003	-0.01760000000000005	-0.009599999999999937	185121260
2024-09-24	0.03135313531353142	0.0	0.033003300330033035	-0.006600660066006607	0.03135313531353142	115240864
2024-09-23	0.006644518272425255	-0.006644518272425108	0.01328903654485051	-0.011627906976744087	0.006644518272425255	62526094
2024-09-20	0.02555366269165238	0.0	0.027257240204429326	0.0	0.02555366269165238	98833968
2024-09-19	-0.010118043844856596	0.005059021922428373	0.006745362563237781	-0.013490725126475561	-0.010118043844856596	90241008
2024-09-18	-0.0033613445378152034	-0.0033613445378152034	0.01680672268907557	-0.0033613445378152034	-0.0033613445378152034	73369192
2024-09-13	0.011904761904761953	0.003401360544217766	0.028911564625850327	0.0	0.011904761904761953	71345043
2024-09-12	-0.028099173553718996	-0.00661157024793389	-0.001652892561983436	-0.029752066115702434	-0.028099173553718996	74318974
2024-09-11	-0.022617124394184257	-0.02907915993537974	-0.01777059773828761	-0.03877221324717289	-0.022617124394184257	82523018
2024-09-10	0.004870129870129911	-0.0032467532467533216	0.011363636363636409	-0.006493506493506499	0.004870129870129911	89118353
2024-09-09	0.009836065573770574	0.004918032786885287	0.011475409836065622	-0.009836065573770428	0.009836065573770574	94892947
2024-09-06	-0.009740259740259822	0.004870129870129911	0.016233766233766177	-0.011363636363636409	-0.009740259740259822	72791929
2024-09-05	-0.01123595505617982	0.003210272873194153	0.003210272873194153	-0.024077046548956718	-0.01123595505617982	82657789
2024-09-04	0.0	-0.004815409309791372	0.012841091492776754	-0.006420545746388448	0.0	71830175
2024-09-03	0.006462035541195482	-0.0032310177705978126	0.00969305331179315	-0.011308562197092129	0.006462035541195482	86634266
2024-09-02	0.014754098360655861	-0.004918032786885141	0.019672131147541003	-0.00819672131147538	0.014754098360655861	109576516
2024-08-30	-0.01294498381877024	0.0	0.00647249190938512	-0.01941747572815536	-0.01294498381877024	130325839
2024-08-29	-0.006430868167202578	-0.004823151125401826	0.011254019292604547	-0.019292604501607736	-0.006430868167202578	102645371
2024-08-28	-0.015822784810126667	0.0	0.006329113924050638	-0.020569620253164538	-0.015822784810126667	110674028
2024-08-27	0.012820512820512832	-0.004807692307692347	0.01602564102564097	-0.006410256410256416	0.012820512820512832	108144104
2024-08-26	0.0032154340836013607	0.0016077170418007517	0.008038585209003187	-0.009646302250803797	0.0032154340836013607	87866092
2024-08-23	-0.001605136436597219	-0.001605136436597219	0.009630818619582602	-0.009630818619582744	-0.001605136436597219	102129803
2024-08-22	0.008090614886731507	-0.001618122977346244	0.01941747572815536	-0.003236245954692488	0.008090614886731507	122099530
2024-08-21	0.023178807947019816	0.0033112582781456247	0.024834437086092773	-0.0016556291390728123	0.023178807947019816	134261080
2024-08-20	0.0016583747927031154	0.0016583747927031154	0.014925373134328334	-0.004975124378109493	0.0016583747927031154	91611516
2024-08-19	0.008361204013377897	0.0	0.011705685618728996	-0.0033444816053512477	0.008361204013377897	71369704
2024-08-16	0.011844331641286003	-0.001692047377326529	0.015228426395939063	-0.0033840947546532082	0.011844331641286003	86512354
2024-08-15	0.018965517241379366	0.0	0.022413793103448258	-0.003448275862068892	0.018965517241379366	92427180
2024-08-14	0.012216404886561848	0.0	0.01745200698080273	0.0	0.012216404886561848	94496159
2024-08-13	0.0070298769771529055	0.0017574692442881873	0.008787346221441093	0.0	0.0070298769771529055	68988818
2024-08-12	-0.015570934256055338	-0.005190311418685164	-0.0017301038062284904	-0.01730103806228383	-0.015570934256055338	85276388
2024-08-09	-0.018675721561969345	0.0016977928692700638	0.0033955857385399766	-0.02207130730050932	-0.018675721561969345	138951761
2024-08-08	-0.0033840947546532082	-0.001692047377326529	0.0050761421319797375	-0.0050761421319797375	-0.0033840947546532082	61883000
2024-08-07	-0.008389261744966413	-0.0016778523489932528	0.01342281879194632	-0.011744966442953067	-0.008389261744966413	86501684
2024-08-06	-0.0016750418760468656	0.0	0.008375209380234476	-0.018425460636515817	-0.0016750418760468656	90057678
2024-08-05	-0.014851485148514828	-0.006600660066006607	-0.004950495049504846	-0.01815181518151806	-0.014851485148514828	107029734
2024-08-02	0.004975124378109347	-0.004975124378109493	0.006633499170812609	-0.008291873963515725	0.004975124378109347	85986266
2024-08-01	0.0016611295681064244	0.0	0.009966777408637956	-0.003322259136212554	0.0016611295681064244	93700577
2024-07-31	-0.022727272727272818	0.0	0.006493506493506499	-0.025974025974025997	-0.022727272727272818	152722200
2024-07-30	0.018181818181818236	-0.001652892561983436	0.021487603305785107	-0.003305785123966872	0.018181818181818236	109031461
2024-07-29	0.004983388704318978	0.0	0.00830564784053168	-0.011627906976744087	0.004983388704318978	110236106
2024-07-26	-0.042925278219395936	-0.006359300476947541	-0.0031796502384738414	-0.058823529411764726	-0.042925278219395936	205880631
2024-07-25	-0.01718750000000005	-0.0015625000000001055	0.0015624999999999667	-0.025000000000000022	-0.01718750000000005	92341983
2024-07-24	0.012658227848101276	-0.0015822784810127649	0.01740506329113915	-0.0031645569620253893	0.012658227848101276	113463600
2024-07-23	0.0	-0.0015822784810127649	0.012658227848101276	-0.006329113924050638	0.0	99965400
2024-07-22	-0.00940438871473348	0.0	0.0047021943573668104	-0.023510971786833774	-0.00940438871473348	124635508
2024-07-19	0.007898894154818297	-0.0015797788309636315	0.014218009478672963	-0.00947867298578207	0.007898894154818297	132919411
2024-07-18	0.02096774193548385	-0.003225806451612978	0.024193548387096687	-0.003225806451612978	0.02096774193548385	110260727
2024-07-17	-0.023622047244094405	-0.0031496062992125316	0.0015748031496064057	-0.02992125984251961	-0.023622047244094405	104537629
2024-07-16	0.009538950715421242	0.0	0.009538950715421242	-0.004769475357710691	0.009538950715421242	78405647
2024-07-15	0.004792332268370647	0.0	0.0143769968051118	-0.0015974440894568351	0.004792332268370647	96872524
2024-07-12	0.01458670988654779	-0.004862236628849311	0.01782820097244738	-0.004862236628849311	0.01458670988654779	102423873
2024-07-11	-0.006441223832528186	0.0	0.004830917874396175	-0.014492753623188383	-0.006441223832528186	130552989
2024-07-10	-0.009569377990430561	-0.0015948963317384032	0.009569377990430701	-0.01435406698564591	-0.009569377990430561	84397350
2024-07-09	0.006420545746388306	0.0	0.011235955056179678	-0.009630818619582744	0.006420545746388306	92532300
2024-07-08	0.008090614886731507	-0.003236245954692488	0.014563106796116483	-0.003236245954692488	0.008090614886731507	92957525
2024-07-05	0.0016207455429497223	-0.0032414910858994447	0.008103727714748757	-0.016207455429497513	0.0016207455429497223	119468323
2024-07-04	-0.0032310177705978126	0.0016155088852988345	0.004846526655896504	-0.012924071082390964	-0.0032310177705978126	108673240
2024-07-03	0.006504065040650412	0.003252032520325134	0.009756097560975546	-0.008130081300813123	0.006504065040650412	109792857
2024-07-02	0.008196721311475526	-0.003278688524590094	0.016393442622950907	-0.004918032786885141	0.008196721311475526	108977040
2024-07-01	-0.008130081300813123	-0.0032520325203252783	0.004878048780487701	-0.014634146341463535	-0.008130081300813123	120728498
2024-06-28	0.028428093645484934	-0.0033444816053512477	0.030100334448160484	-0.0033444816053512477	0.028428093645484934	171017102
2024-06-27	0.02222222222222236	-0.001709401709401673	0.025641025641025703	-0.003418803418803346	0.02222222222222236	188835207
2024-06-26	0.0017123287671232511	-0.0034246575342465023	0.005136986301369906	-0.011986301369863063	0.0017123287671232511	83376361
2024-06-25	0.0034364261168384146	0.0	0.00859106529209619	-0.0034364261168385673	0.0034364261168384146	105142594
2024-06-24	0.0	0.0017182130584192073	0.00859106529209619	-0.0034364261168385673	0.0	109763200
2024-06-21	0.010416666666666753	-0.0034722222222221483	0.012152777777777828	-0.005208333333333223	0.010416666666666753	90920568
2024-06-20	-0.0034602076124568273	-0.0034602076124568273	0.0	-0.013840830449827002	-0.0034602076124568273	86947526
2024-06-19	0.014035087719298258	0.0017543859649122432	0.015789473684210503	-0.0017543859649122432	0.014035087719298258	101240064
2024-06-18	0.003521126760563462	0.0	0.0052816901408451146	-0.00880281690140842	0.003521126760563462	83429027
2024-06-17	-0.00872600349040152	-0.0034904013961606388	0.005235602094240726	-0.010471204188481761	-0.00872600349040152	85188695
2024-06-14	-0.006932409012131569	0.0	0.00866551126516477	-0.010398613518197507	-0.006932409012131569	97029033
2024-06-13	-0.008591065292096342	-0.012027491408934755	-0.008591065292096342	-0.018900343642611738	-0.008591065292096342	70497809
2024-06-12	-0.0034246575342465023	-0.0017123287671232511	0.0	-0.017123287671232817	-0.0034246575342465023	104386113
2024-06-11	-0.021775544388609697	0.0	0.008375209380234476	-0.026800670016750443	-0.021775544388609697	156416306
2024-06-07	0.011864406779660913	0.0	0.013559322033898317	-0.006779661016949158	0.011864406779660913	101143122
2024-06-06	0.005110732538330536	0.0	0.010221465076660921	-0.0034071550255537412	0.005110732538330536	74891300
2024-06-05	-0.010118043844856596	-0.0016863406408094076	0.0	-0.010118043844856596	-0.010118043844856596	63385657
2024-06-04	-0.0033613445378152034	0.0	0.0	-0.010084033613445462	-0.0033613445378152034	68801468
2024-06-03	0.0016835016835016474	-0.0033670033670034445	0.008417508417508388	-0.005050505050505092	0.0016835016835016474	84578736
2024-05-31	0.0016863406408095575	0.0	0.006745362563237781	-0.0033726812816188153	0.0016863406408095575	48482800
2024-05-30	0.003384094754653058	-0.001692047377326529	0.011844331641286003	-0.0033840947546532082	0.003384094754653058	70509356
2024-05-29	-0.006722689075630258	0.0	0.0033613445378150543	-0.013445378151260515	-0.006722689075630258	85087449
2024-05-28	-0.014900662251655606	0.0	0.0016556291390728123	-0.014900662251655606	-0.014900662251655606	93299382
2024-05-27	0.016835016835016776	0.0	0.02020202020202007	-0.001683501683501797	0.016835016835016776	133576462
2024-05-24	-0.0016806722689075271	-0.0033613445378152034	0.008403361344537785	-0.005042016806722731	-0.0016806722689075271	82730207
2024-05-23	-0.005016722408026797	-0.005016722408026797	0.0	-0.011705685618729143	-0.005016722408026797	93455699
2024-05-22	0.00673400673400674	0.0	0.010101010101010034	-0.001683501683501797	0.00673400673400674	101097000
2024-05-21	0.0050761421319797375	-0.0033840947546532082	0.006768189509306266	-0.0050761421319797375	0.0050761421319797375	101337033
2024-05-20	0.0033955857385399766	0.0	0.008488964346349867	-0.01018675721561963	0.0033955857385399766	161257057
2024-05-17	0.010291595197255508	-0.0017152658662092258	0.012006861063464885	-0.003430531732418604	0.010291595197255508	127235987
2024-05-16	-0.0068143100511073315	0.0	0.00340715502555359	-0.010221465076661072	-0.0068143100511073315	145856337
2024-05-15	-0.008445945945945915	0.0	0.0016891891891891533	-0.008445945945945915	-0.008445945945945915	89882200
2024-05-14	-0.0033670033670034445	-0.001683501683501797	0.0	-0.010101010101010183	-0.0033670033670034445	108255635
2024-05-13	-0.008347245409014995	-0.0066777963272120254	-0.003338898163606087	-0.015025041736227021	-0.008347245409014995	147948443
2024-05-10	0.010118043844856746	-0.0016863406408094076	0.013490725126475561	-0.005059021922428223	0.010118043844856746	206868914
2024-05-09	-0.005033557046979908	-0.0016778523489932528	0.0033557046979866547	-0.010067114093959667	-0.005033557046979908	128535185
2024-05-08	0.010169491525423662	0.0	0.013559322033898317	-0.0050847457627119065	0.010169491525423662	141102904
2024-05-07	0.0016977928692700638	0.0033955857385399766	0.00509337860780989	-0.005093378607809739	0.0016977928692700638	131279386
2024-05-06	-0.018333333333333385	-0.0016666666666666312	0.0033333333333332624	-0.02166666666666665	-0.018333333333333385	252114322
2024-04-30	0.005025125628140745	0.0016750418760470144	0.018425460636515966	0.0	0.005025125628140745	133331062
2024-04-29	-0.018092105263157948	0.0	0.0	-0.019736842105263174	-0.018092105263157948	189365080
2024-04-26	-0.0016420361247947105	-0.003284072249589421	0.008210180623973698	-0.006568144499178988	-0.0016420361247947105	116888003
2024-04-25	0.0	-0.0016420361247947105	0.0016420361247947105	-0.014778325123152686	0.0	81242987
2024-04-24	-0.001639344262295047	0.00327868852459024	0.004918032786885287	-0.01803278688524581	-0.001639344262295047	123302725
2024-04-23	-0.022435897435897526	0.0	0.004807692307692205	-0.02724358974358973	-0.022435897435897526	106892232
2024-04-22	-0.0015999999999999658	-0.0031999999999999316	0.015999999999999945	-0.0064000000000000055	-0.0015999999999999658	120521717
2024-04-19	0.006441223832528186	-0.0016103059581320108	0.011272141706924362	-0.004830917874396175	0.006441223832528186	103735575
2024-04-18	-0.018957345971563996	-0.00947867298578207	0.015797788309636594	-0.023696682464455034	-0.018957345971563996	183225124
2024-04-17	0.03094462540716619	-0.003257328990227944	0.039087947882736195	-0.014657980456026036	0.03094462540716619	190955539
2024-04-16	0.0	-0.004885993485341916	0.008143322475570149	-0.009771986970683976	0.0	141035513
2024-04-15	0.030201342281879148	0.0016778523489932528	0.030201342281879148	-0.00671140939597316	0.030201342281879148	171407422
2024-04-12	0.0016806722689075271	-0.0016806722689075271	0.01680672268907557	-0.0016806722689075271	0.0016806722689075271	76844925
2024-04-11	0.0	-0.005042016806722731	0.010084033613445313	-0.005042016806722731	0.0	62055414
2024-04-10	0.003372681281618965	0.0	0.011804384485666152	-0.0033726812816188153	0.003372681281618965	71036430
2024-04-09	-0.018211920529801376	-0.0033112582781457717	0.0033112582781456247	-0.021523178807947	-0.018211920529801376	84809833
2024-04-08	0.006666666666666672	-0.0016666666666666312	0.018333333333333385	-0.006666666666666672	0.006666666666666672	83959503
2024-04-03	-0.0016638935108152725	-0.0049916805324458175	0.0016638935108152725	-0.0066555740432612375	-0.0016638935108152725	60186097
2024-04-02	-0.001661129568106277	-0.003322259136212554	0.0033222591362127014	-0.011627906976744087	-0.001661129568106277	88778674
2024-04-01	-0.00986842105263166	0.0032894736842104563	0.008223684210526286	-0.018092105263157948	-0.00986842105263166	136115575
2024-03-29	0.016722408026755793	-0.005016722408026797	0.016722408026755793	-0.005016722408026797	0.016722408026755793	133563140
2024-03-28	0.00673400673400674	-0.001683501683501797	0.01346801346801333	-0.005050505050505092	0.00673400673400674	144113138
2024-03-27	0.011925042589437867	0.001703577512776795	0.02214650766609879	-0.005110732538330536	0.011925042589437867	173834485
2024-03-26	0.003418803418803498	-0.005128205128205019	0.00854700854700867	-0.006837606837606844	0.003418803418803498	78657164
2024-03-25	0.005154639175257622	-0.00171821305841936	0.013745704467353964	-0.005154639175257774	0.005154639175257622	106415577
2024-03-22	0.00866551126516477	0.0017331022530330462	0.012131715771230553	-0.006932409012131569	0.00866551126516477	109337673
2024-03-21	-0.0068846815834767705	-0.0017211703958691545	0.0017211703958693073	-0.0068846815834767705	-0.0068846815834767705	72542954
2024-03-20	0.01751313485113829	0.0	0.021015761821366042	-0.001751313485113798	0.01751313485113829	133174871
2024-03-19	-0.001748251748251711	-0.003496503496503422	0.005244755244755288	-0.005244755244755133	-0.001748251748251711	101085296
2024-03-18	0.014184397163120581	-0.0017730496453900331	0.017730496453900804	-0.0017730496453900331	0.014184397163120581	121979688
2024-03-15	0.0	-0.0035460992907800663	0.0	-0.01241134751773039	0.0	86535628
2024-03-14	0.0035587188612098883	-0.0017793594306049442	0.008896797153024879	-0.005338078291814991	0.0035587188612098883	98058047
2024-03-13	-0.010563380281690073	-0.0035211267605633053	0.0	-0.022887323943661955	-0.010563380281690073	154928206
2024-03-12	-0.0340136054421769	0.003401360544217766	0.00680272108843538	-0.03571428571428571	-0.0340136054421769	240199933
2024-03-11	-0.011764705882352988	-0.005042016806722731	0.0016806722689075271	-0.020168067226890775	-0.011764705882352988	117503334
2024-03-08	0.024096385542168773	-0.0017211703958691545	0.024096385542168773	-0.0017211703958691545	0.024096385542168773	135123224
2024-03-07	-0.018581081081081134	-0.0033783783783783066	-0.0016891891891891533	-0.02027027027027029	-0.018581081081081134	136065962
2024-03-06	-0.0033670033670034445	0.0	0.003367003367003295	-0.010101010101010183	-0.0033670033670034445	118188473
2024-03-05	-0.0016806722689075271	0.0	0.010084033613445313	-0.006722689075630258	-0.0016806722689075271	155802138
2024-03-04	0.015358361774744003	-0.0017064846416383404	0.01706484641638219	-0.005119453924914718	0.015358361774744003	190879489
2024-03-01	0.001709401709401825	-0.001709401709401673	0.006837606837606844	-0.006837606837606844	0.001709401709401825	143041263
2024-02-29	0.0034305317324184515	-0.00514579759862783	0.006861063464837056	-0.006861063464837056	0.0034305317324184515	147280305
2024-02-28	-0.01018675721561963	-0.003395585738539826	0.00509337860780989	-0.018675721561969345	-0.01018675721561963	196597314
2024-02-27	0.006837606837606844	-0.006837606837606844	0.015384615384615514	-0.011965811965811863	0.006837606837606844	165925118
2024-02-26	-0.029850746268656816	0.0	0.0	-0.03316749585406305	-0.029850746268656816	221890845
2024-02-23	-0.019512195121951237	-0.0016260162601627113	0.003252032520325134	-0.02439024390243908	-0.019512195121951237	209774040
2024-02-22	0.028428093645484934	0.02341137123745814	0.04180602006688963	0.018394648829431343	0.028428093645484934	217748588
2024-02-21	-0.006644518272425108	-0.006644518272425108	0.011627906976744234	-0.009966777408637809	-0.006644518272425108	155689155
2024-02-20	0.0033333333333332624	-0.006666666666666672	0.020000000000000018	-0.011666666666666714	0.0033333333333332624	192678182
2024-02-19	0.02739726027397263	-0.0034246575342465023	0.02739726027397263	-0.025684931506849223	0.02739726027397263	247215595
2024-02-08	-0.005110732538330536	-0.0034071550255537412	0.0	-0.023850085178875585	-0.005110732538330536	176590943
2024-02-07	0.003418803418803498	0.0	0.005128205128205171	-0.02905982905982905	0.003418803418803498	220296354
2024-02-06	-0.0034071550255537412	-0.005110732538330536	0.010221465076660921	-0.017035775127768403	-0.0034071550255537412	177765579
2024-02-05	0.006861063464837056	-0.013722126929674111	0.012006861063464885	-0.017152658662092563	0.006861063464837056	198811296
2024-02-02	0.021015761821366042	0.0	0.02451838879159364	-0.036777583187390536	0.021015761821366042	192848484
2024-02-01	-0.006956521739130441	-0.008695652173913012	0.008695652173913012	-0.012173913043478311	-0.006956521739130441	116001670
2024-01-31	-0.0069084628670120956	-0.0069084628670120956	0.008635578583765081	-0.022452504317789272	-0.0069084628670120956	163986443
2024-01-30	0.0	-0.00518134715025911	0.018998272884283303	-0.008635578583765081	0.0	151660926
2024-01-29	0.006956521739130441	-0.0034782608695651434	0.04000000000000008	-0.008695652173913012	0.006956521739130441	232768031
2024-01-26	-0.0034662045060657844	-0.015597920277296336	0.0051993067590988306	-0.029462738301559783	-0.0034662045060657844	232886987
2024-01-25	0.07050092764378477	0.0037105751391466536	0.07235621521335818	0.0	0.07050092764378477	348461980
2024-01-24	0.026666666666666606	0.0	0.02857142857142864	-0.0019047619047618642	0.026666666666666606	130515397
2024-01-23	-0.011299435028248515	-0.007532956685499066	-0.0018832391713747246	-0.026365348399246646	-0.011299435028248515	106556734
2024-01-22	0.0037807183364838514	-0.0018903591682419257	0.013232514177693815	-0.00756143667296787	0.0037807183364838514	194977641
2024-01-19	0.0018939393939393534	-0.0018939393939395217	0.007575757575757582	-0.011363636363636458	0.0018939393939393534	110427792
2024-01-18	0.015384615384615398	-0.003846153846153935	0.019230769230769162	-0.024999999999999977	0.015384615384615398	146977141
2024-01-17	-0.00952380952380949	-0.0038095238095237284	0.00952380952380949	-0.00952380952380949	-0.00952380952380949	100081868
2024-01-16	0.003824091778202595	0.003824091778202595	0.003824091778202595	-0.013384321223709422	0.003824091778202595	100641370
2024-01-15	0.023483365949119393	-0.0019569471624267466	0.035225048923679	-0.0019569471624267466	0.023483365949119393	112238682
2024-01-12	0.0	-0.005870841487279892	0.005870841487279718	-0.005870841487279892	0.0	60071199
2024-01-11	-0.015414258188824675	-0.0038535645472062546	-0.0019267822736032127	-0.03082851637764935	-0.015414258188824675	133625533
2024-01-10	-0.018903591682419594	-0.0018903591682419257	0.0	-0.02268431001890361	-0.018903591682419594	95723728
2024-01-09	-0.011214953271027965	-0.001869158878504633	0.0	-0.016822429906542032	-0.011214953271027965	108131287
2024-01-08	0.0018726591760299227	-0.005617977528089934	0.00936329588014978	-0.00936329588014978	0.0018726591760299227	124923711
2024-01-05	0.0	-0.0018726591760299227	0.007490636704119857	-0.007490636704119857	0.0	94900690
2024-01-04	-0.009276437847866387	-0.0018552875695732444	0.005565862708719898	-0.022263450834879427	-0.009276437847866387	115021178
2024-01-03	0.0037243947858472204	-0.0037243947858473857	0.0074487895716946065	-0.0037243947858473857	0.0037243947858472204	71645247
2024-01-02	-0.0073937153419593405	-0.0018484288354897942	0.0018484288354897942	-0.009242144177449136	-0.0073937153419593405	89578037
2023-12-29	0.011214953271028132	-0.0056074766355138994	0.013084112149532765	-0.009345794392523333	0.011214953271028132	141716395
2023-12-28	0.0	0.0	0.016822429906542195	-0.009345794392523333	0.0	166150739
2023-12-27	0.026871401151631415	0.0	0.030710172744721716	-0.0019193857965450647	0.026871401151631415	208141095
2023-12-26	0.011650485436893128	0.0	0.023300970873786256	-0.0019417475728156649	0.011650485436893128	101165953
2023-12-25	-0.005791505791505668	0.0019305019305020609	0.0038610038610039504	-0.007722007722007729	-0.005791505791505668	61053447
2023-12-22	0.003875968992247979	0.0	0.01162790697674411	-0.0038759689922481513	0.003875968992247979	99336209
2023-12-21	0.005847953216374317	-0.003898635477582763	0.00974658869395708	-0.005847953216374317	0.005847953216374317	70256509
2023-12-20	-0.011560693641618592	-0.0019267822736032127	0.0019267822736030416	-0.013487475915221633	-0.011560693641618592	68270914
2023-12-19	0.011695906432748635	-0.0019493177387913815	0.011695906432748635	-0.003898635477582763	0.011695906432748635	81425695
2023-12-18	-0.005813953488372141	0.0	0.0019379844961239896	-0.00968992248062012	-0.005813953488372141	66498300
2023-12-15	-0.001934235976789127	0.0	0.009671179883945807	-0.005802707930367553	-0.001934235976789127	70415829
2023-12-14	-0.0019305019305018896	0.0019305019305020609	0.015444015444015458	-0.0019305019305018896	-0.0019305019305018896	65543600
2023-12-13	-0.013333333333333388	0.0	0.0019047619047618642	-0.013333333333333388	-0.013333333333333388	62134207
2023-12-12	0.01156069364161842	-0.0038535645472062546	0.017341040462427716	-0.005780346820809296	0.01156069364161842	119868328
2023-12-11	0.005813953488372141	-0.0019379844961239896	0.007751937984496131	-0.015503875968992262	0.005813953488372141	106675238
2023-12-08	0.01976284584980248	0.0019762845849803706	0.02371541501976287	0.0	0.01976284584980248	127791065
2023-12-07	-0.011718750000000097	-0.00390625000000009	0.0	-0.015625000000000014	-0.011718750000000097	122472428
2023-12-06	-0.009671179883945807	0.0	0.001934235976789127	-0.017408123791102487	-0.009671179883945807	84232230
2023-12-05	-0.013358778625954252	-0.0019083969465648447	0.0038167938931296893	-0.013358778625954252	-0.013358778625954252	84576809
2023-12-04	-0.005692599620493238	0.0018975332068312477	0.003795066413662327	-0.007590132827324317	-0.005692599620493238	80763128
2023-12-01	0.015414258188824505	-0.0019267822736032127	0.019267822736030758	-0.00963391136801555	0.015414258188824505	175162477
2023-11-30	0.021653543307086676	0.0	0.02952755905511818	-0.003937007874015839	0.021653543307086676	158266800
2023-11-29	0.001972386587771161	0.0	0.00788954635108482	-0.009861932938856155	0.001972386587771161	109308597
2023-11-28	-0.005882352941176346	-0.003921568627450897	0.0	-0.007843137254901968	-0.005882352941176346	72960392
2023-11-27	-0.011627906976744281	0.0	0.0019379844961239896	-0.021317829457364403	-0.011627906976744281	87909432
2023-11-24	-0.003861003861003779	0.0	0.00579150579150584	-0.005791505791505668	-0.003861003861003779	87307654
2023-11-23	0.001934235976789127	-0.001934235976789127	0.003868471953578426	-0.009671179883945807	0.001934235976789127	96124018
2023-11-22	0.021739130434782674	0.0	0.03754940711462459	-0.0019762845849801954	0.021739130434782674	247064118
2023-11-21	0.0	0.0	0.007905138339920957	-0.0019762845849801954	0.0	115258683
2023-11-20	0.0	-0.003952569169960391	0.003952569169960566	-0.011857707509881346	0.0	114952547
2023-11-17	-0.013645224171540018	-0.005847953216374317	-0.005847953216374317	-0.02729044834307986	-0.013645224171540018	235768974
2023-11-16	-0.0209923664122138	0.0	0.0	-0.022900763358778647	-0.0209923664122138	197488068
2023-11-15	-0.005692599620493238	0.003795066413662327	0.005692599620493406	-0.007590132827324317	-0.005692599620493238	111775120
2023-11-14	-0.0018939393939395217	-0.0018939393939395217	0.003787878787878707	-0.005681818181818229	-0.0018939393939395217	91475561
2023-11-13	0.009560229445506658	0.003824091778202595	0.009560229445506658	-0.0038240917782027648	0.009560229445506658	122107949
2023-11-10	-0.005703422053231818	-0.001901140684410606	0.001901140684410606	-0.011406844106463804	-0.005703422053231818	99677165
2023-11-09	0.0038167938931296893	0.0	0.005725190839694534	-0.0019083969465648447	0.0038167938931296893	107000300
2023-11-08	-0.003802281368821212	-0.003802281368821212	-0.001901140684410606	-0.009505703422053199	-0.003802281368821212	123978996
2023-11-07	-0.003787878787878875	-0.0018939393939395217	0.0	-0.011363636363636458	-0.003787878787878875	145755938
2023-11-06	-0.011235955056179702	0.0018726591760299227	0.005617977528089934	-0.020599250936329482	-0.011235955056179702	245098837
2023-11-03	0.0018761726078798848	-0.0018761726078798848	0.005628517823639822	-0.005628517823639822	0.0018761726078798848	99554854
2023-11-02	0.0018796992481202605	0.0	0.011278195488721731	0.0	0.0018796992481202605	88002183
2023-11-01	-0.0018761726078798848	0.0	0.0018761726078798848	-0.011257035647279643	-0.0018761726078798848	98519182
2023-10-31	0.0037664783427496166	-0.005649717514124174	0.013182674199623406	-0.00941619585687379	0.0037664783427496166	146271558
2023-10-30	-0.02029520295202958	-0.0018450184501844625	0.0	-0.040590405904059	-0.02029520295202958	210009842
2023-10-27	0.0	-0.007380073800738014	0.005535055350553551	-0.009225092250922476	0.0	136456500
2023-10-26	0.0037037037037036245	-0.007407407407407414	0.005555555555555437	-0.016666666666666805	0.0037037037037036245	127992973
2023-10-25	-0.03398926654740599	0.0035778175313059862	0.007155635062611813	-0.04293381037567088	-0.03398926654740599	267548674
2023-10-24	-0.015845070422535187	0.001760563380281809	0.0052816901408451146	-0.026408450704225258	-0.015845070422535187	166725605
2023-10-23	-0.010452961672473953	0.0	0.0069686411149825845	-0.02264808362369336	-0.010452961672473953	117262880
2023-10-20	-0.03852596314907865	-0.0033500837520937313	-0.0016750418760468656	-0.043551088777219395	-0.03852596314907865	167705732
2023-10-19	-0.024509803921568686	-0.004901960784313766	0.0032679738562090806	-0.026143790849673224	-0.024509803921568686	105553458
2023-10-18	0.0016366612111292612	-0.0065466448445171905	0.004909983633387784	-0.013093289689034381	0.0016366612111292612	136508094
2023-10-17	0.02689075630252103	-0.0016806722689075271	0.03865546218487387	-0.0033613445378152034	0.02689075630252103	193741729
2023-10-16	0.00847457627118641	0.0	0.013559322033898317	-0.00847457627118656	0.00847457627118641	126129463
2023-10-13	0.0	-0.00847457627118656	0.006779661016949158	-0.015254237288135719	0.0	106829088
2023-10-12	0.018998272884283303	0.0069084628670120956	0.031088082901554355	0.0	0.018998272884283303	167551821
2023-10-11	-0.006861063464837056	-0.003430531732418604	0.006861063464837056	-0.008576329331046281	-0.006861063464837056	78579461
2023-10-10	-0.005119453924914718	-0.0017064846416383404	0.005119453924914566	-0.011945392491467624	-0.005119453924914718	94465565
2023-10-09	0.012089810017271206	-0.0017271157167529857	0.018998272884283303	-0.012089810017271206	0.012089810017271206	172272975
2023-09-28	-0.011945392491467624	0.0017064846416381888	0.0034129692832763777	-0.015358361774744153	-0.011945392491467624	137911076
2023-09-27	0.00514579759862783	-0.0017152658662092258	0.008576329331046281	-0.003430531732418604	0.00514579759862783	98905247
2023-09-26	-0.025083612040133835	-0.001672240802675698	0.0	-0.030100334448160633	-0.025083612040133835	154578220
2023-09-25	-0.00993377483443702	-0.0033112582781457717	-0.0016556291390728123	-0.01655629139072842	-0.00993377483443702	72974808
2023-09-22	0.006666666666666672	-0.0033333333333332624	0.008333333333333304	-0.008333333333333304	0.006666666666666672	111822011
2023-09-21	0.008403361344537785	-0.0033613445378152034	0.011764705882352839	-0.006722689075630258	0.008403361344537785	96005109
2023-09-20	-0.013266998341625218	-0.0033167495854063782	0.004975124378109347	-0.013266998341625218	-0.013266998341625218	98196506
2023-09-19	0.0033277870216306925	-0.003327787021630545	0.00998336106489193	-0.0049916805324458175	0.0033277870216306925	88942661
2023-09-18	-0.02117263843648207	-0.004885993485341916	-0.003257328990227944	-0.026058631921823984	-0.02117263843648207	154786660
2023-09-15	-0.00967741935483879	-0.0016129032258064171	0.009677419354838646	-0.012903225806451623	-0.00967741935483879	177805771
2023-09-14	0.029900332225913723	-0.003322259136212554	0.03654485049833898	-0.006644518272425108	0.029900332225913723	256553099
2023-09-13	0.0033333333333332624	-0.0016666666666666312	0.009999999999999934	-0.009999999999999934	0.0033333333333332624	192598276
2023-09-12	0.015228426395939063	-0.0050761421319797375	0.01861252115059212	-0.008460236886632796	0.015228426395939063	171064117
2023-09-11	0.0	0.001692047377326529	0.006768189509306266	-0.010152284263959475	0.0	120537841
2023-09-08	0.010256410256410341	-0.001709401709401673	0.015384615384615514	-0.013675213675213687	0.010256410256410341	139246736
2023-09-07	0.0034305317324184515	-0.0017152658662092258	0.015437392795883338	-0.006861063464837056	0.0034305317324184515	121610946
2023-09-06	0.0069084628670120956	-0.0017271157167529857	0.008635578583765081	-0.012089810017271206	0.0069084628670120956	90606108
2023-09-05	-0.0203045685279188	-0.0050761421319797375	0.003384094754653058	-0.021996615905245327	-0.0203045685279188	121557200
2023-09-04	0.033216783216783285	0.005244755244755288	0.036713286713286705	-0.001748251748251711	0.033216783216783285	223057346
2023-09-01	-0.006944444444444451	0.0017361111111110742	0.005208333333333376	-0.01736111111111105	-0.006944444444444451	113400027
2023-08-31	-0.02866779089376053	-0.018549747048903782	-0.013490725126475561	-0.04215851602023609	-0.02866779089376053	154141144
2023-08-30	-0.013311148086522475	0.0	0.00998336106489193	-0.018302828618968293	-0.013311148086522475	174097112
2023-08-29	0.010084033613445313	-0.008403361344537785	0.018487394957983096	-0.010084033613445462	0.010084033613445313	199888237
2023-08-28	0.027633851468048382	0.05008635578583766	0.056994818652849756	0.013816925734024191	0.027633851468048382	215158916
2023-08-25	-0.001724137931034446	-0.008620689655172384	0.013793103448275874	-0.018965517241379213	-0.001724137931034446	167528194
2023-08-24	-0.02192242833052275	0.005059021922428373	0.011804384485666152	-0.026981450252951122	-0.02192242833052275	196549524
2023-08-23	-0.010016694490818113	-0.010016694490818113	0.013355592654424051	-0.011686143572621082	-0.010016694490818113	200906362
2023-08-22	0.05457746478873248	0.0052816901408451146	0.056338028169014134	0.0052816901408451146	0.05457746478873248	399836669
2023-08-21	0.010676156583629824	0.0	0.030249110320284683	-0.0035587188612100466	0.010676156583629824	136078465
2023-08-18	-0.0243055555555555	-0.0017361111111110742	-0.0017361111111110742	-0.0243055555555555	-0.0243055555555555	133442385
2023-08-17	-0.0017331022530328922	-0.008665511265164615	0.0	-0.02253032928942806	-0.0017331022530328922	120479302
2023-08-16	-0.028619528619528756	-0.001683501683501797	0.003367003367003295	-0.040404040404040435	-0.028619528619528756	167545958
2023-08-15	-0.009999999999999934	-0.0016666666666666312	0.0	-0.02166666666666665	-0.009999999999999934	171881224
2023-08-14	0.025641025641025703	-0.006837606837606844	0.04102564102564107	-0.013675213675213687	0.025641025641025703	282795835
2023-08-11	0.0	-0.001709401709401673	0.042735042735042736	-0.003418803418803346	0.0	366102003
2023-08-10	0.019163763066201992	0.0017421602787456073	0.027874564459930338	0.0	0.019163763066201992	163840529
2023-08-09	-0.010344827586206829	0.005172413793103492	0.006896551724137937	-0.012068965517241275	-0.010344827586206829	125455555
2023-08-08	0.0034602076124566734	-0.0017301038062284904	0.008650519031141838	-0.005190311418685164	0.0034602076124566734	99536115
2023-08-07	-0.017006802721088374	-0.011904761904761953	0.003401360544217766	-0.02040816326530614	-0.017006802721088374	163265551
2023-08-04	0.04255319148936174	0.0035460992907802237	0.06205673758865258	0.0017730496453901908	0.04255319148936174	425008898
2023-08-03	-0.005291005291005335	-0.005291005291005335	0.0035273368606702753	-0.012345679012345729	-0.005291005291005335	135909245
2023-08-02	-0.010471204188481761	-0.001745200698080397	-0.001745200698080397	-0.013961605584642245	-0.010471204188481761	106361200
2023-08-01	0.008802816901408576	0.003521126760563462	0.015845070422535187	-0.0035211267605633053	0.008802816901408576	124170823
2023-07-31	-0.02405498281786951	0.0034364261168384146	0.01546391752577317	-0.030927835051546494	-0.02405498281786951	296827268
2023-07-28	0.035587188612099675	-0.0035587188612100466	0.0462633451957295	-0.007117437722419935	0.035587188612099675	226103613
2023-07-27	-0.015761821366024494	0.0	0.001751313485113798	-0.021015761821366042	-0.015761821366024494	128327253
2023-07-26	-0.018900343642611738	0.0	0.0	-0.02233676975945015	-0.018900343642611738	125430461
2023-07-25	0.00518134715025911	0.012089810017271206	0.022452504317789272	-0.0034542314335061245	0.00518134715025911	134024067
2023-07-24	0.006956521739130441	-0.0034782608695651434	0.020869565217391323	-0.010434782608695584	0.006956521739130441	115680189
2023-07-21	0.0	0.0	0.005217391304347869	-0.008695652173913012	0.0	112311205
2023-07-20	-0.015410958904109566	-0.0017123287671232511	0.005136986301369906	-0.018835616438356066	-0.015410958904109566	114751427
2023-07-19	0.010380622837370174	-0.0034602076124568273	0.012110726643598512	-0.006920415224913501	0.010380622837370174	117496705
2023-07-18	-0.013651877133105813	-0.006825938566552906	0.0034129692832763777	-0.015358361774744153	-0.013651877133105813	124221868
2023-07-17	-0.008460236886632796	-0.010152284263959475	0.013536379018612533	-0.01861252115059227	-0.008460236886632796	227060938
2023-07-14	0.06104129263913821	-0.0035906642728905673	0.08078994614003578	-0.008976660682226339	0.06104129263913821	481754498
2023-07-13	0.018281535648994613	0.009140767824497225	0.02193784277879344	0.0018281535648995751	0.018281535648994613	226500123
2023-07-12	-0.04035087719298253	0.0	0.0017543859649122432	-0.04210526315789477	-0.04035087719298253	288360823
2023-07-11	-0.0052356020942408805	0.0	0.001745200698080242	-0.013961605584642245	-0.0052356020942408805	160520984
2023-07-10	0.0	0.003490401396160484	0.010471204188481607	-0.0052356020942408805	0.0	74454778
2023-07-07	-0.010362694300518067	-0.00518134715025911	0.0034542314335059715	-0.018998272884283303	-0.010362694300518067	96799800
2023-07-06	0.0	-0.0017271157167529857	0.0069084628670120956	-0.0069084628670120956	0.0	94257324
2023-07-05	-0.001724137931034446	0.005172413793103492	0.013793103448275874	-0.006896551724137937	-0.001724137931034446	128182100
2023-07-04	0.010452961672473799	-0.0034843205574913694	0.015679442508710777	-0.005226480836236977	0.010452961672473799	174758837
2023-07-03	0.01953818827708709	0.0017761989342806016	0.024866785079928896	-0.008880994671403165	0.01953818827708709	255816899
2023-06-30	-0.0070546737213403946	-0.0017636684303350594	0.008818342151675453	-0.012345679012345729	-0.0070546737213403946	186626338
2023-06-29	0.008896797153024879	-0.0035587188612100466	0.01423487544483987	-0.0035587188612100466	0.008896797153024879	150914826
2023-06-28	-0.020905923344947754	-0.005226480836236977	-0.0017421602787456073	-0.029616724738675944	-0.020905923344947754	192347549
2023-06-27	0.015929203539822984	0.001769911504424741	0.033628318584070706	-0.007079646017699121	0.015929203539822984	245901861
2023-06-26	-0.0035273368606701188	-0.015873015873015848	0.019400352733686125	-0.0246913580246913	-0.0035273368606701188	210265387
2023-06-21	-0.0643564356435643	-0.008250825082508222	-0.008250825082508222	-0.06765676567656753	-0.0643564356435643	395148183
2023-06-20	-0.004926108374384277	-0.004926108374384277	0.014778325123152686	-0.014778325123152686	-0.004926108374384277	228044008
2023-06-19	0.021812080536912734	0.0016778523489932528	0.02684563758389264	-0.020134228187919483	0.021812080536912734	354821088
2023-06-16	-0.005008347245409057	-0.0016694490818029693	0.0016694490818029693	-0.011686143572621082	-0.005008347245409057	236194478
2023-06-15	-0.009917355371900763	0.0	0.009917355371900909	-0.021487603305785107	-0.009917355371900763	222948093
2023-06-14	-0.0210355987055016	-0.001618122977346244	0.0	-0.02588996763754048	-0.0210355987055016	209787364
2023-06-13	-0.015923566878980975	-0.004777070063694307	0.0	-0.03184713375796181	-0.015923566878980975	223830258
2023-06-12	-0.03235747303543913	-0.02465331278890603	-0.01694915254237293	-0.036979969183359045	-0.03235747303543913	287651221
2023-06-09	0.051863857374392267	-0.012965964343598067	0.051863857374392267	-0.02106969205834682	0.051863857374392267	254049025
2023-06-08	0.008169934640522847	-0.003267973856209226	0.009803921568627387	-0.03104575163398699	0.008169934640522847	163050018
2023-06-07	0.00327868852459024	-0.001639344262295047	0.009836065573770574	-0.009836065573770428	0.00327868852459024	101900373
2023-06-06	-0.008130081300813123	0.004878048780487701	0.014634146341463391	-0.011382113821138257	-0.008130081300813123	151197610
2023-06-05	-0.004854368932038731	-0.004854368932038731	0.011326860841423994	-0.008090614886731363	-0.004854368932038731	174897024
2023-06-02	0.0	0.0016181229773463877	0.01294498381877024	-0.011326860841423852	0.0	171776299
2023-06-01	0.014778325123152686	-0.006568144499178988	0.02298850574712653	-0.013136288998357976	0.014778325123152686	240015944
2023-05-31	0.014999999999999977	-0.005000000000000042	0.02333333333333328	-0.011666666666666714	0.014999999999999977	223487830
2023-05-30	0.0327022375215147	-0.003442340791738309	0.03442340791738385	-0.01032702237521508	0.0327022375215147	296249450
2023-05-29	0.010434782608695584	0.005217391304347869	0.01913043478260875	-0.0017391304347825717	0.010434782608695584	201445252
2023-05-26	0.014109347442680789	-0.0017636684303350594	0.021164021164021184	-0.015873015873015848	0.014109347442680789	258146734
2023-05-25	0.005319148936170257	0.005319148936170257	0.012411347517730547	-0.023049645390070903	0.005319148936170257	214290963
2023-05-24	-0.01052631578947377	-0.005263157894736885	0.007017543859649129	-0.012280701754386015	-0.01052631578947377	174700457
2023-05-23	-0.03225806451612895	-0.001697792869269913	0.00509337860780989	-0.033955857385398865	-0.03225806451612895	242081637
2023-05-22	0.008561643835616408	-0.0034246575342465023	0.02054794520547947	-0.008561643835616408	0.008561643835616408	174516009
2023-05-19	-0.010169491525423813	-0.010169491525423813	0.00847457627118641	-0.02542372881355938	-0.010169491525423813	219873591
2023-05-18	0.00854700854700867	0.003418803418803498	0.02222222222222236	-0.003418803418803346	0.00854700854700867	282876979
2023-05-17	-0.04255319148936181	-0.009819967266775859	-0.009819967266775859	-0.06055646481178398	-0.04255319148936181	534357591
2023-05-16	-0.020833333333333315	-0.006410256410256416	0.009615384615384552	-0.02884615384615394	-0.020833333333333315	221318156
2023-05-15	-0.023474178403755788	-0.004694835680751074	-0.0015649452269170245	-0.05790297339593116	-0.023474178403755788	410561665
2023-05-12	-0.02442748091603056	0.0	0.021374045801526805	-0.025954198473282432	-0.02442748091603056	234111666
2023-05-11	-0.029629629629629655	-0.004444444444444481	-0.004444444444444481	-0.037037037037037035	-0.029629629629629655	260332117
2023-05-10	0.015037593984962351	0.0	0.04060150375939843	-0.015037593984962485	0.015037593984962351	287876421
2023-05-09	-0.03483309143686492	-0.005805515239477509	0.010159651669085673	-0.03918722786647309	-0.03483309143686492	332830469
2023-05-08	0.042360060514372064	-0.004538577912254198	0.06051437216338872	-0.012102874432677772	0.042360060514372064	467061625
2023-05-05	-0.006015037593984967	0.0	0.025563909774436077	-0.02406015037593987	-0.006015037593984967	289866803
2023-05-04	-0.005979073243647239	-0.011958146487294478	0.0044843049327353305	-0.0298953662182362	-0.005979073243647239	260819023
2023-04-28	0.024502297090352242	0.001531393568146981	0.027565084226646202	-0.0030627871362940984	0.024502297090352242	253556967
2023-04-27	0.006163328197226508	-0.01694915254237293	0.0154083204930662	-0.02773497688751935	0.006163328197226508	290689536
2023-04-26	-0.003072196620583652	-0.010752688172042918	0.006144393241167441	-0.03533026113671268	-0.003072196620583652	318333369
2023-04-25	-0.022522522522522577	0.0015015015015014694	0.006006006006006011	-0.04054054054054061	-0.022522522522522577	357896156
2023-04-24	0.003012048192771154	-0.0030120481927710203	0.028614457831325362	-0.013554216867469859	0.003012048192771154	315763100
2023-04-21	-0.026392961876832932	0.0029325513196480314	0.011730205278592386	-0.026392961876832932	-0.026392961876832932	406064675
2023-04-20	0.007385524372230534	0.004431314623338294	0.01624815361890699	-0.017725258493352915	0.007385524372230534	383500618
2023-04-19	-0.043785310734463345	-0.007062146892655342	-0.005649717514124299	-0.04802259887005648	-0.043785310734463345	502542822
2023-04-18	0.007112375533428139	-0.01706970128022761	0.01706970128022761	-0.028449502133712685	0.007112375533428139	520010908
2023-04-17	0.020319303338171345	-0.010159651669085544	0.026124818577648857	-0.02467343976777938	0.020319303338171345	496424919
2023-04-14	0.013235294117647038	0.0029411764705883033	0.033823529411764766	-0.008823529411764649	0.013235294117647038	404839165
2023-04-13	-0.031339031339031306	-0.017094017094016985	-0.0028490028490027884	-0.04985754985754981	-0.031339031339031306	433860357
2023-04-12	0.06042296072507545	-0.006042296072507558	0.0755287009063444	-0.009063444108761405	0.06042296072507545	647243963
2023-04-11	-0.03918722786647309	-0.011611030478955018	-0.007256894049346854	-0.05660377358490562	-0.03918722786647309	547027303
2023-04-10	-0.012893982808023029	-0.00859598853868202	0.037249283667621744	-0.01575931232091695	-0.012893982808023029	572445573
2023-04-07	0.008670520231213945	-0.007225433526011535	0.02890173410404627	-0.023121387283237014	0.008670520231213945	401731371
2023-04-06	-0.007173601147776158	-0.02295552367288381	0.007173601147776158	-0.04878048780487803	-0.007173601147776158	555849093
2023-04-04	0.06901840490797549	-0.007668711656441691	0.08588957055214733	-0.012269938650306624	0.06901840490797549	931677510
2023-04-03	0.030015797788309557	-0.00947867298578207	0.04581358609794629	-0.015797788309636594	0.030015797788309557	708958197
2023-03-31	0.04111842105263158	0.0032894736842104563	0.057565789473684154	-0.00493421052631583	0.04111842105263158	602553161
2023-03-30	-0.037974683544303826	-0.004746835443038014	0.012658227848101276	-0.04588607594936709	-0.037974683544303826	639192746
2023-03-29	-0.015576323987538885	-0.009345794392523303	0.0	-0.04672897196261679	-0.015576323987538885	612984486
2023-03-28	0.01102362204724414	-0.007874015748031468	0.03307086614173228	-0.017322834645669204	0.01102362204724414	659140418
2023-03-27	-0.04223227752639521	-0.012066365007541489	0.0015082956259426527	-0.07692307692307689	-0.04223227752639521	895751714
2023-03-24	-0.037735849056603744	-0.015965166908563054	-0.013062409288824363	-0.05515239477503627	-0.037735849056603744	700052198
2023-03-23	0.028358208955223806	0.022388059701492456	0.034328358208955155	-0.026865671641791135	0.028358208955223806	891549204
2023-03-22	0.012084592145015116	-0.01057401812688826	0.03474320241691836	-0.021148036253776387	0.012084592145015116	588000306
2023-03-21	0.013782542113323101	-0.0168453292496172	0.026033690658499222	-0.0168453292496172	0.013782542113323101	582581893
2023-03-20	-0.09931034482758617	-0.00551724137931035	0.0041379310344827926	-0.09931034482758617	-0.09931034482758617	965962033
2023-03-17	0.02982954545454545	0.0014204545454545151	0.02982954545454545	-0.014204545454545404	0.02982954545454545	620005786
2023-03-16	-0.015384615384615429	-0.00979020979020983	0.020979020979020904	-0.027972027972027996	-0.015384615384615429	506412545
2023-03-15	-0.017857142857142842	-0.0013736263736264663	0.006868131868131844	-0.03708791208791215	-0.017857142857142842	459893691
2023-03-14	0.0027548209366391823	-0.019283746556473785	0.03443526170798898	-0.03030303030303027	0.0027548209366391823	692732110
2023-03-13	0.09502262443438912	0.003016591251885439	0.09653092006033177	0.0	0.09502262443438912	790967716
2023-03-10	-0.02499999999999999	-0.01764705882352943	0.033823529411764766	-0.03382352941176464	-0.02499999999999999	658496360
2023-03-09	0.05426356589147281	-0.009302325581395425	0.07751937984496124	-0.031007751937984523	0.05426356589147281	693359672
2023-03-08	0.04707792207792208	0.0	0.04707792207792208	-0.008116883116883088	0.04707792207792208	484247663
2023-03-07	-0.040498442367601216	-0.014018691588785024	0.02959501557632405	-0.04984423676012466	-0.040498442367601216	653625752
2023-03-06	0.006269592476489034	0.010971786833855844	0.04388714733542324	-0.015673981191222514	0.006269592476489034	587533000
2023-03-03	0.015923566878980836	-0.023885350318471395	0.06050955414012737	-0.033439490445859865	0.015923566878980836	667168511
2023-03-02	-0.011023622047244	-0.015748031496062936	0.0047244094488189375	-0.03307086614173228	-0.011023622047244	542295399
2023-03-01	0.08547008547008547	-0.011965811965811863	0.09743589743589749	-0.017094017094017033	0.08547008547008547	981057198
2023-02-28	0.06363636363636357	0.03999999999999995	0.08181818181818185	0.02363636363636362	0.06363636363636357	902445694
2023-02-27	-0.005424954792043445	-0.014466546112115744	0.016274864376130172	-0.016274864376130172	-0.005424954792043445	467459421
2023-02-24	0.01467889908256882	-0.0036697247706422866	0.02935779816513764	-0.018348623853211107	0.01467889908256882	569600714
2023-02-23	-0.04049295774647879	-0.01760563380281684	-0.007042253521126767	-0.052816901408450675	-0.04049295774647879	726371847
2023-02-22	-0.07642276422764238	-0.022764227642276515	-0.022764227642276515	-0.07967479674796751	-0.07642276422764238	809373630
2023-02-21	0.02500000000000006	0.006666666666666672	0.029999999999999954	-0.02833333333333332	0.02500000000000006	662831717
2023-02-20	0.10091743119266051	0.027522935779816415	0.10091743119266051	0.0	0.10091743119266051	727250588
2023-02-17	-0.043859649122807015	0.0017543859649122432	0.008771929824561372	-0.05614035087719303	-0.043859649122807015	405778718
2023-02-16	0.08159392789373826	0.0	0.10056925996204939	-0.007590132827324317	0.08159392789373826	554264034
2023-02-15	0.03944773175542392	0.003944773175542322	0.09072978303747534	0.0	0.03944773175542392	312170576
2023-02-14	-0.001968503937007832	0.0	0.013779527559055173	-0.013779527559055173	-0.001968503937007832	111446149
2023-02-13	0.01397205588822361	-0.007984031936127753	0.017964071856287397	-0.01197604790419154	0.01397205588822361	194738619
2023-02-10	-0.003976143141153173	-0.003976143141153173	0.027833001988071506	-0.011928429423459343	-0.003976143141153173	150071022
2023-02-09	0.03073770491803286	-0.010245901639344227	0.05122950819672131	-0.014344262295082027	0.03073770491803286	201796707
2023-02-08	-0.02982107355864818	-0.009940357852882668	0.0	-0.03180914512922468	-0.02982107355864818	261841839
2023-02-07	-0.003960396039603876	-0.001980198019801938	0.00594059405940599	-0.009900990099009866	-0.003960396039603876	150392684
2023-02-06	-0.015594541910331399	-0.01949317738791416	0.007797270955165699	-0.033138401559454175	-0.015594541910331399	260821784
2023-02-03	-0.0019455252918287524	-0.009727626459143934	0.003891050583657678	-0.02723735408560305	-0.0019455252918287524	236712798
2023-02-02	0.021868787276341835	-0.001988071570576675	0.043737574552683844	-0.0059642147117296715	0.021868787276341835	366037855
2023-02-01	0.0060000000000000496	-0.008000000000000007	0.03399999999999999	-0.014000000000000058	0.0060000000000000496	327291913
2023-01-31	0.0	-0.009999999999999964	0.008000000000000007	-0.025999999999999978	0.0	368999351
2023-01-30	0.030927835051546466	0.026804123711340368	0.053608247422680555	-0.002061855670103049	0.030927835051546466	740630217
2023-01-20	0.09977324263038537	0.00680272108843543	0.09977324263038537	0.00680272108843543	0.09977324263038537	797846042
2023-01-19	0.004555808656036552	-0.002277904328018175	0.013667425968109454	-0.009111617312072901	0.004555808656036552	122441454
2023-01-18	0.020930232558139503	-0.0023255813953487877	0.03023255813953486	-0.009302325581395357	0.020930232558139503	155285734
2023-01-17	-0.011494252873563178	-0.002298850574712595	0.004597701149425394	-0.013793103448275773	-0.011494252873563178	84896231
2023-01-16	-0.020270270270270438	-0.002252252252252404	0.002252252252252204	-0.024774774774774844	-0.020270270270270438	172883398
2023-01-13	0.009090909090909097	-0.002272727272727426	0.011363636363636322	-0.006818181818181874	0.009090909090909097	130861463
2023-01-12	0.011494252873563383	-0.00459770114942519	0.018390804597701167	-0.009195402298850583	0.011494252873563383	127922894
2023-01-11	0.00928074245939676	0.0	0.016241299303944384	-0.002320185614849139	0.00928074245939676	120521250
2023-01-10	-0.009195402298850583	-0.002298850574712595	0.002298850574712799	-0.011494252873563178	-0.009195402298850583	70322203
2023-01-09	0.011627906976744146	0.0	0.01395348837209314	-0.00697674418604657	0.011627906976744146	104959185
2023-01-06	-0.01376146788990837	-0.0022935779816515307	0.0	-0.020642201834862556	-0.01376146788990837	112133503
2023-01-05	-0.004566210045662003	0.0	0.022831050228310626	-0.0068493150684932076	-0.004566210045662003	116206004
2023-01-04	0.006896551724137989	-0.00459770114942519	0.013793103448275978	-0.006896551724137784	0.006896551724137989	121721565
2023-01-03	0.03818615751789958	-0.002386634844868896	0.05489260143198079	-0.009546539379474948	0.03818615751789958	188696184
2022-12-30	-0.00238095238095233	0.00238095238095233	0.007142857142857202	-0.009523809523809532	-0.00238095238095233	59333375
2022-12-29	-0.007092198581560342	-0.0023640661938535874	0.002364066193853377	-0.01654846335697406	-0.007092198581560342	73526446
2022-12-28	-0.0023584905660376855	0.0	0.014150943396226322	-0.011792452830188637	-0.0023584905660376855	81099341
2022-12-27	0.007125890736342102	0.0023752969121139636	0.01187648456057003	-0.0023752969121139636	0.007125890736342102	72790804
2022-12-26	-0.004728132387706964	-0.0023640661938535874	0.01654846335697385	-0.009456264775413718	-0.004728132387706964	71139477
2022-12-23	0.02421307506053282	-0.0048426150121064345	0.02905569007263925	-0.0048426150121064345	0.02421307506053282	108021029
2022-12-22	-0.0024154589371980163	0.002415458937198231	0.021739130434782792	-0.00966183574879228	-0.0024154589371980163	109004528
2022-12-21	-0.007194244604316606	0.0	0.007194244604316606	-0.014388489208633	-0.007194244604316606	80343246
2022-12-20	0.0	0.0023980815347721313	0.014388489208633212	-0.007194244604316606	0.0	75513599
2022-12-19	-0.0347222222222223	0.0	0.0046296296296295305	-0.043981481481481566	-0.0347222222222223	141287381
2022-12-16	-0.004608294930875478	-0.006912442396313422	0.004608294930875683	-0.006912442396313422	-0.004608294930875478	90549474
2022-12-15	-0.002298850574712595	0.004597701149425394	0.009195402298850583	-0.00459770114942519	-0.002298850574712595	104352744
2022-12-14	-0.01805869074492101	0.0	0.011286681715575782	-0.020316027088036086	-0.01805869074492101	120893569
2022-12-13	-0.008948545861297548	0.0	0.0044742729306488736	-0.020134228187919434	-0.008948545861297548	94870128
2022-12-12	0.015909090909090772	-0.00454545454545465	0.04545454545454529	-0.006818181818181874	0.015909090909090772	253952195
2022-12-09	0.009174311926605512	-0.0022935779816515307	0.027522935779816536	-0.006880733944954185	0.009174311926605512	277695328
2022-12-08	-0.006833712984054525	-0.002277904328018175	0.0	-0.015945330296127425	-0.006833712984054525	172720691
2022-12-07	-0.024444444444444515	-0.002222222222222175	0.0	-0.037777777777777764	-0.024444444444444515	267630499
2022-12-06	-0.01960784313725487	-0.01742919389978215	-0.004357298474945441	-0.030501089324618667	-0.01960784313725487	261048238
2022-12-05	0.0576036866359447	0.01612903225806458	0.07373271889400929	0.00921658986175116	0.0576036866359447	544696113
2022-12-02	-0.009132420091324209	-0.0068493150684932076	0.009132420091324209	-0.018264840182648418	-0.009132420091324209	177526513
2022-12-01	0.00921658986175116	-0.006912442396313422	0.07373271889400929	-0.013824884792626639	0.00921658986175116	412805480
2022-11-30	0.03827751196172252	0.0	0.05023923444976076	-0.0023923444976076047	0.03827751196172252	351669285
2022-11-29	-0.004761904761904872	0.0	0.009523809523809532	-0.011904761904761862	-0.004761904761904872	131215606
2022-11-28	0.002386634844868684	-0.01670644391408121	0.014319809069212316	-0.02147971360381879	0.002386634844868684	197635021
2022-11-25	0.04228855721393056	-0.0024875621890546734	0.059701492537313494	-0.004975124378109347	0.04228855721393056	425726918
2022-11-24	-0.002481389578163939	-0.002481389578163939	0.007444168734491156	-0.009925558312655096	-0.002481389578163939	71428747
2022-11-23	0.0	-0.007444168734491377	0.012406947890818814	-0.014888337468982642	0.0	146279833
2022-11-22	0.035989717223650415	0.002570694087403544	0.06683804627249364	0.0	0.035989717223650415	295193201
2022-11-21	-0.007653061224489746	-0.005102040816326535	-0.002551020408163211	-0.007653061224489746	-0.007653061224489746	36168481
2022-11-18	0.0025575447570331936	0.0025575447570331936	0.007672634271099694	-0.002557544757033307	0.0025575447570331936	75951190
2022-11-17	0.0025641025641026235	0.0	0.0025641025641026235	-0.0051282051282051325	0.0025641025641026235	34836655
2022-11-16	0.0	-0.0025641025641025095	0.0051282051282051325	-0.0051282051282051325	0.0	50851571
2022-11-15	-0.005102040816326535	0.0	0.005102040816326535	-0.012755102040816282	-0.005102040816326535	104776339
2022-11-14	-0.015075376884422124	0.00251256281407041	0.00251256281407041	-0.015075376884422124	-0.015075376884422124	71670665
2022-11-11	0.005050505050505055	0.01010101010101011	0.01010101010101011	0.0025252525252525836	0.005050505050505055	53271725
2022-11-10	0.0050761421319797	0.0	0.007614213197969607	-0.0025380710659897937	0.0050761421319797	44448534
2022-11-09	0.0	0.0	0.0050761421319797	-0.0025380710659897937	0.0	31610571
2022-11-08	-0.0025316455696203113	0.0	0.002531645569620199	-0.005063291139240511	-0.0025316455696203113	44801236
2022-11-07	-0.005037783375314866	-0.005037783375314866	-0.0025188916876574888	-0.0075566750629723544	-0.005037783375314866	55629917
2022-11-04	0.005063291139240511	-0.005063291139240511	0.005063291139240511	-0.0075949367088608225	0.005063291139240511	78045716
2022-11-03	-0.01985111662531019	-0.009925558312655096	-0.007444168734491377	-0.024813895781637736	-0.01985111662531019	92225502
2022-11-02	0.01767676767676775	0.0	0.04797979797979808	-0.01010101010101011	0.01767676767676775	170252326
2022-11-01	0.007633587786259492	0.0	0.012722646310432524	-0.0025445292620865727	0.007633587786259492	65111357
2022-10-31	0.005115089514066501	-0.002557544757033307	0.010230179028133002	-0.005115089514066501	0.005115089514066501	65049546
2022-10-28	-0.010126582278481022	-0.0025316455696203113	0.002531645569620199	-0.012658227848101333	-0.010126582278481022	53047600
2022-10-27	0.020671834625323016	0.0	0.02583979328165377	-0.002583979328165434	0.020671834625323016	118800493
2022-10-26	0.0	0.0025839793281653197	0.0025839793281653197	-0.002583979328165434	0.0	47951843
2022-10-25	0.005194805194805199	0.0	0.010389610389610398	-0.0025974025974026572	0.005194805194805199	56091746
2022-10-24	-0.010282776349614406	0.0	0.005141388174807203	-0.010282776349614406	-0.010282776349614406	73183974
2022-10-21	-0.007653061224489746	-0.007653061224489746	0.0	-0.012755102040816282	-0.007653061224489746	59493752
2022-10-20	0.0	-0.002551020408163211	0.005102040816326535	-0.007653061224489746	0.0	56245720
2022-10-19	0.0025575447570331936	0.0025575447570331936	0.005115089514066501	-0.007672634271099808	0.0025575447570331936	53906762
2022-10-18	-0.007614213197969494	-0.0025380710659897937	0.0	-0.012690355329949193	-0.007614213197969494	60000727
2022-10-17	0.005102040816326535	0.0	0.00765306122448986	-0.005102040816326535	0.005102040816326535	70246320
2022-10-14	-0.01010101010101011	0.0	0.0025252525252525836	-0.015151515151515166	-0.01010101010101011	107957506
2022-10-13	0.0050761421319797	-0.0025380710659897937	0.0101522842639594	-0.012690355329949193	0.0050761421319797	111224342
2022-10-12	0.01546391752577321	0.0	0.018041237113402137	-0.0025773195876288113	0.01546391752577321	132874063
2022-10-11	0.0	0.0025773195876289258	0.0025773195876289258	-0.005154639175257737	0.0	53042115
2022-10-10	0.01305483028720622	0.0	0.020887728459530044	-0.0026109660574413136	0.01305483028720622	142168634
2022-09-30	0.005249343832021002	0.0	0.010498687664042003	-0.005249343832021002	0.005249343832021002	40446274
2022-09-29	-0.005221932114882511	0.0	0.007832898172323709	-0.010443864229765022	-0.005221932114882511	65402700
2022-09-28	-0.005194805194805199	0.0	0.007792207792207741	-0.007792207792207856	-0.005194805194805199	77532928
2022-09-27	0.007853403141361322	-0.005235602094240842	0.010471204188481685	-0.005235602094240842	0.007853403141361322	63155029
2022-09-26	-0.010362694300518144	0.0	0.0025906735751295936	-0.018134715025906696	-0.010362694300518144	100546723
2022-09-23	0.02659574468085109	-0.00265957446808505	0.034574468085106475	-0.00265957446808505	0.02659574468085109	237709248
2022-09-22	0.005347593582887587	-0.0026737967914439117	0.005347593582887587	-0.0053475935828877046	0.005347593582887587	32720465
2022-09-21	0.002680965147453145	0.002680965147453145	0.008042895442359197	-0.005361930294906171	0.002680965147453145	43731908
2022-09-20	-0.0026737967914439117	0.0026737967914437933	0.005347593582887587	-0.0053475935828877046	-0.0026737967914439117	22244100
2022-09-19	-0.0026666666666666098	-0.005333333333333338	0.007999999999999948	-0.007999999999999948	-0.0026666666666666098	43324659
2022-09-16	-0.007936507936507886	0.002645502645502707	0.002645502645502707	-0.010582010582010474	-0.007936507936507886	66443112
2022-09-15	-0.007874015748031562	-0.005249343832021002	0.0026246719160104427	-0.010498687664042003	-0.007874015748031562	54591232
2022-09-14	0.0	-0.005249343832021002	0.0	-0.015748031496063006	0.0	81507437
2022-09-13	0.002631578947368482	0.0	0.010526315789473694	-0.007894736842105211	0.002631578947368482	93113414
2022-09-09	0.013333333333333286	0.0	0.013333333333333286	-0.005333333333333338	0.013333333333333286	108202910
2022-09-08	-0.018324607329842892	-0.026178010471204098	-0.015706806282722526	-0.03141361256544494	-0.018324607329842892	114160303
2022-09-07	0.0026246719160104427	0.0	0.005249343832021002	-0.005249343832021002	0.0026246719160104427	55939293
2022-09-06	-0.002617801047120363	-0.002617801047120363	0.0026178010471204793	-0.005235602094240842	-0.002617801047120363	57495208
2022-09-05	0.007915567282321848	0.0	0.007915567282321848	-0.0052770448548812715	0.007915567282321848	64701357
2022-09-02	0.007978723404255386	0.002659574468085168	0.007978723404255386	-0.00265957446808505	0.007978723404255386	43850338
2022-09-01	0.0026666666666666098	0.0026666666666666098	0.007999999999999948	-0.0026666666666666098	0.0026666666666666098	54744216
2022-08-31	0.0026737967914437933	0.0	0.008021390374331498	-0.0026737967914439117	0.0026737967914437933	50319815
2022-08-30	0.0	-0.0026737967914439117	0.0026737967914437933	-0.0026737967914439117	0.0	23356890
2022-08-29	0.0	-0.0026737967914439117	0.0	-0.0053475935828877046	0.0	28414746
2022-08-26	-0.0053191489361701	0.0	0.0	-0.007978723404255268	-0.0053191489361701	31700885
2022-08-25	0.005347593582887587	0.005347593582887587	0.008021390374331498	-0.0053475935828877046	0.005347593582887587	54473645
2022-08-24	-0.015789473684210423	0.0	0.0	-0.015789473684210423	-0.015789473684210423	67696017
2022-08-23	-0.007832898172323825	-0.0026109660574413136	-0.0026109660574413136	-0.010443864229765022	-0.007832898172323825	45691403
2022-08-22	0.00789473684210533	-0.005263157894736847	0.00789473684210533	-0.007894736842105211	0.00789473684210533	106698099
2022-08-19	0.00795755968169756	-0.0026525198938992657	0.00795755968169756	-0.005305039787798413	0.00795755968169756	94871182
2022-08-18	0.0	-0.0026525198938992657	0.0026525198938991477	-0.00795755968169756	0.0	71219683
2022-08-17	0.005333333333333338	-0.0026666666666666098	0.005333333333333338	-0.005333333333333338	0.005333333333333338	126263961
2022-08-16	-0.00265957446808505	0.0	0.0	-0.0053191489361701	-0.00265957446808505	38381768
2022-08-15	0.0026666666666666098	0.0	0.0026666666666666098	-0.0026666666666666098	0.0026666666666666098	50338459
2022-08-12	0.0026737967914437933	0.005347593582887587	0.005347593582887587	0.0	0.0026737967914437933	63108243
2022-08-11	0.00537634408602151	0.0026881720430106952	0.008064516129032206	0.0	0.00537634408602151	55279825
2022-08-10	-0.002680965147453026	-0.002680965147453026	0.005361930294906171	-0.005361930294906171	-0.002680965147453026	39695455
2022-08-09	0.008108108108108055	-0.002702702702702765	0.01081081081081082	-0.002702702702702765	0.008108108108108055	58108274
2022-08-08	0.0	-0.002702702702702765	0.0	-0.00540540540540541	0.0	23352042
2022-08-05	0.005434782608695656	0.002717391304347768	0.005434782608695656	-0.002717391304347889	0.005434782608695656	31819335
2022-08-04	0.0	0.0	0.002717391304347768	-0.002717391304347889	0.0	25838119
2022-08-03	-0.00540540540540541	-0.00540540540540541	0.0	-0.008108108108108174	-0.00540540540540541	30077671
2022-08-02	-0.002695417789757355	-0.002695417789757355	0.0	-0.01617250673854449	-0.002695417789757355	96184362
2022-08-01	0.0	0.0	0.005390835579514829	-0.002695417789757355	0.0	31986487
2022-07-29	-0.005361930294906171	0.0	0.002680965147453145	-0.005361930294906171	-0.005361930294906171	36635973
2022-07-28	0.0	0.0	0.002680965147453145	-0.002680965147453026	0.0	33513976
2022-07-27	-0.0026737967914439117	0.0	0.0026737967914437933	-0.0026737967914439117	-0.0026737967914439117	23580872
2022-07-26	0.00537634408602151	0.0026881720430106952	0.008064516129032206	-0.0026881720430108145	0.00537634408602151	49967309
2022-07-25	-0.0053475935828877046	0.0	0.0	-0.008021390374331618	-0.0053475935828877046	30638199
2022-07-22	0.0	-0.0026737967914439117	0.0	-0.0053475935828877046	0.0	27979112
2022-07-21	0.002680965147453145	0.002680965147453145	0.005361930294906171	-0.002680965147453026	0.002680965147453145	43347071
2022-07-20	-0.0026737967914439117	0.0	0.0026737967914437933	-0.0026737967914439117	-0.0026737967914439117	31718661
2022-07-19	0.0	-0.0026737967914439117	0.0	-0.0053475935828877046	0.0	28176311
2022-07-18	0.008086253369272304	0.0	0.008086253369272304	0.0	0.008086253369272304	34053948
2022-07-15	-0.0026881720430108145	0.0026881720430106952	0.00537634408602151	-0.0026881720430108145	-0.0026881720430108145	53736109
2022-07-14	-0.007999999999999948	0.0	0.0	-0.007999999999999948	-0.007999999999999948	35822629
2022-07-13	0.0026737967914437933	0.0	0.0026737967914437933	-0.0053475935828877046	0.0026737967914437933	40762733
2022-07-12	0.00537634408602151	0.0	0.0107526881720429	0.0	0.00537634408602151	79052412
2022-07-11	0.0026954177897574746	0.0	0.008086253369272304	-0.005390835579514829	0.0026954177897574746	69466528
2022-07-08	0.002702702702702645	0.002702702702702645	0.00540540540540541	0.0	0.002702702702702645	34391473
2022-07-07	0.0	0.0	0.00540540540540541	-0.002702702702702765	0.0	43095860
2022-07-06	-0.002695417789757355	0.0	0.0026954177897574746	-0.005390835579514829	-0.002695417789757355	51906515
2022-07-05	-0.005361930294906171	0.0	0.0	-0.005361930294906171	-0.005361930294906171	47360300
2022-07-04	0.0026881720430106952	0.0	0.0026881720430106952	-0.0026881720430108145	0.0026881720430106952	35253069
2022-07-01	-0.002680965147453026	-0.002680965147453026	0.0	-0.002680965147453026	-0.002680965147453026	36005842
2022-06-30	-0.0026737967914439117	-0.0026737967914439117	0.0	-0.0053475935828877046	-0.0026737967914439117	63467023
2022-06-29	-0.0026666666666666098	0.0	0.0	-0.007999999999999948	-0.0026666666666666098	54544445
2022-06-28	0.0026737967914437933	0.0	0.0026737967914437933	-0.0026737967914439117	0.0026737967914437933	34819323
2022-06-27	0.0	0.0026737967914437933	0.0026737967914437933	-0.0026737967914439117	0.0	40732621
2022-06-24	0.0	0.0	0.0026737967914437933	-0.0026737967914439117	0.0	36871941
2022-06-23	0.002680965147453145	0.0	0.005361930294906171	-0.002680965147453026	0.002680965147453145	40486808
2022-06-22	-0.005333333333333338	0.0026666666666666098	0.0026666666666666098	-0.005333333333333338	-0.005333333333333338	41881978
2022-06-21	0.0	0.0	0.0026666666666666098	-0.0026666666666666098	0.0	44870491
2022-06-20	0.0	0.0	0.005333333333333338	-0.0026666666666666098	0.0	55439740
2022-06-17	-0.005305039787798413	-0.0026525198938992657	0.0	-0.00795755968169756	-0.005305039787798413	51714166
2022-06-16	-0.013089005235602049	-0.005235602094240842	-0.002617801047120363	-0.013089005235602049	-0.013089005235602049	75076394
2022-06-15	0.018666666666666623	0.0	0.021333333333333353	-0.0026666666666666098	0.018666666666666623	152895107
2022-06-14	0.0	-0.0026666666666666098	0.0	-0.007999999999999948	0.0	54143101
2022-06-13	-0.007936507936507886	-0.005291005291005296	-0.0026455026455025894	-0.010582010582010474	-0.007936507936507886	49254740
2022-06-10	0.007999999999999948	-0.0026666666666666098	0.007999999999999948	-0.005333333333333338	0.007999999999999948	79535006
2022-06-09	0.0026737967914437933	0.0	0.005347593582887587	-0.0026737967914439117	0.0026737967914437933	58599544
2022-06-08	-0.043478260869565195	-0.03836317135549881	-0.03324808184143231	-0.0460358056265985	-0.043478260869565195	122770381
2022-06-07	0.0	0.0	0.0025575447570331936	-0.005115089514066501	0.0	63830522
2022-06-06	0.0	0.0	0.0	-0.005115089514066501	0.0	81071842
2022-06-02	0.005141388174807203	0.0	0.0077120822622107465	-0.005141388174807203	0.005141388174807203	54715676
2022-06-01	0.005167958656330754	0.0025839793281653197	0.007751937984496074	0.0	0.005167958656330754	68125452
2022-05-31	0.0025906735751295936	-0.0025906735751294787	0.005181347150259072	-0.0025906735751294787	0.0025906735751295936	51171676
2022-05-30	0.0	0.0025906735751295936	0.0025906735751295936	-0.0025906735751294787	0.0	33516807
2022-05-27	-0.002583979328165434	0.0025839793281653197	0.0025839793281653197	-0.005167958656330754	-0.002583979328165434	38191472
2022-05-26	0.0025906735751295936	0.0	0.005181347150259072	-0.0025906735751294787	0.0025906735751295936	41112842
2022-05-25	0.005208333333333338	0.0	0.007812500000000066	0.0	0.005208333333333338	41914204
2022-05-24	-0.010309278350515474	0.0	0.0	-0.010309278350515474	-0.010309278350515474	78012003
2022-05-23	0.005181347150259072	0.0	0.007772020725388666	-0.0025906735751294787	0.005181347150259072	76016041
2022-05-20	0.002597402597402542	0.0	0.005194805194805199	-0.0025974025974026572	0.002597402597402542	77014676
2022-05-19	-0.0025906735751294787	-0.005181347150259072	-0.0025906735751294787	-0.007772020725388551	-0.0025906735751294787	42849498
2022-05-18	0.002597402597402542	0.002597402597402542	0.002597402597402542	-0.0025974025974026572	0.002597402597402542	39822218
2022-05-17	0.0	0.0	0.002597402597402542	-0.0025974025974026572	0.0	28038039
2022-05-16	0.0	0.002597402597402542	0.002597402597402542	-0.0025974025974026572	0.0	37419821
2022-05-13	0.002604166666666727	0.0	0.005208333333333338	0.0	0.002604166666666727	42695370
2022-05-12	0.0	0.0	0.005208333333333338	-0.0026041666666666114	0.0	51102695
2022-05-11	-0.005181347150259072	-0.0025906735751294787	0.007772020725388666	-0.005181347150259072	-0.005181347150259072	80526317
2022-05-10	0.002597402597402542	-0.005194805194805199	0.002597402597402542	-0.007792207792207856	0.002597402597402542	40208588
2022-05-09	0.002604166666666727	-0.0026041666666666114	0.005208333333333338	-0.0026041666666666114	0.002604166666666727	37077199
2022-05-06	-0.007751937984496188	-0.010335917312661508	-0.005167958656330754	-0.012919896640826942	-0.007751937984496188	63573860
2022-05-05	-0.005141388174807203	-0.002570694087403658	-0.002570694087403658	-0.007712082262210861	-0.005141388174807203	80892835
2022-04-29	0.010389610389610398	0.002597402597402542	0.012987012987012941	0.0	0.010389610389610398	74731977
2022-04-28	-0.005167958656330754	-0.002583979328165434	0.0	-0.010335917312661508	-0.005167958656330754	66206728
2022-04-27	0.0025906735751295936	-0.005181347150259072	0.005181347150259072	-0.010362694300518144	0.0025906735751295936	77565570
2022-04-26	-0.010256410256410265	0.0	0.0051282051282051325	-0.012820512820512775	-0.010256410256410265	63334681
2022-04-25	-0.015151515151515166	-0.0075757575757575265	0.007575757575757638	-0.022727272727272693	-0.015151515151515166	101169239
2022-04-22	0.01020408163265307	-0.002551020408163211	0.01785714285714293	-0.005102040816326535	0.01020408163265307	70783766
2022-04-21	-0.01259445843828722	0.002518891687657377	0.002518891687657377	-0.015113350125944598	-0.01259445843828722	72015763
2022-04-20	-0.005012531328320806	0.0	0.0025062656641603475	-0.005012531328320806	-0.005012531328320806	42888172
2022-04-19	0.005037783375314866	0.002518891687657377	0.005037783375314866	-0.0025188916876574888	0.005037783375314866	35423204
2022-04-18	-0.00997506234413955	-0.0024937655860348597	0.0	-0.01246882793017452	-0.00997506234413955	65036445
2022-04-15	-0.0024875621890546734	-0.0024875621890546734	0.0024875621890548946	-0.007462686567164021	-0.0024875621890546734	53325000
2022-04-14	0.0	0.0	0.004975124378109568	-0.0024875621890546734	0.0	53414599
2022-04-13	0.004999999999999893	-0.0024999999999999467	0.012499999999999956	-0.007499999999999951	0.004999999999999893	78372464
2022-04-12	0.0075566750629722425	-0.0025188916876574888	0.0075566750629722425	-0.005037783375314866	0.0075566750629722425	45321040
2022-04-11	-0.00997506234413955	0.0	0.0	-0.014962593516209379	-0.00997506234413955	70129823
2022-04-08	0.0024999999999999467	0.0	0.004999999999999893	-0.0050000000000000044	0.0024999999999999467	52396590
2022-04-07	-0.007444168734491377	-0.002481389578163939	0.004962779156327438	-0.007444168734491377	-0.007444168734491377	45691252
2022-04-06	0.004987531172069941	0.0	0.0074812967581048	-0.0024937655860348597	0.004987531172069941	45996450
2022-04-01	0.0024999999999999467	-0.0024999999999999467	0.004999999999999893	-0.007499999999999951	0.0024999999999999467	41626147
2022-03-31	-0.004975124378109347	-0.0024875621890546734	0.0024875621890548946	-0.004975124378109347	-0.004975124378109347	44137680
2022-03-30	0.0024937655860348597	-0.0024937655860348597	0.004987531172069941	-0.0024937655860348597	0.0024937655860348597	47260123
2022-03-29	0.0	0.0	0.004987531172069941	-0.0049875311720697195	0.0	44759474
2022-03-28	-0.004962779156327658	-0.007444168734491377	0.0	-0.017369727047146472	-0.004962779156327658	62486822
2022-03-25	-0.01225490196078427	-0.004901960784313838	-0.0024509803921568107	-0.014705882352941298	-0.01225490196078427	71826815
2022-03-24	0.007407407407407469	-0.0024691358024690833	0.017283950617284022	-0.0049382716049381666	0.007407407407407469	122287864
2022-03-23	0.0	0.0	0.004938271604938386	-0.0024691358024690833	0.0	63796583
2022-03-22	0.004962779156327438	-0.002481389578163939	0.007444168734491156	-0.004962779156327658	0.004962779156327438	66306965
2022-03-21	-0.0049382716049381666	-0.0049382716049381666	-0.0024691358024690833	-0.009876543209876552	-0.0049382716049381666	65305214
2022-03-18	0.0024752475247524224	0.004950495049504845	0.007425742574257487	-0.007425742574257487	0.0024752475247524224	116138109
2022-03-17	0.0253807106598985	0.0025380710659899065	0.0253807106598985	0.0	0.0253807106598985	133782465
2022-03-16	0.010256410256410265	0.0025641025641026235	0.01282051282051289	-0.0153846153846154	0.010256410256410265	92905260
2022-03-15	-0.017632241813602085	-0.0075566750629723544	-0.005037783375314866	-0.02518891687657433	-0.017632241813602085	121067904
2022-03-14	0.0025252525252525836	-0.0075757575757575265	0.005050505050505055	-0.01010101010101011	0.0025252525252525836	88700302
2022-03-11	-0.007518796992481265	-0.010025062656641612	-0.005012531328320806	-0.022556390977443684	-0.007518796992481265	73156319
2022-03-10	0.010126582278481022	0.005063291139240511	0.010126582278481022	-0.005063291139240511	0.010126582278481022	98732878
2022-03-09	-0.014962593516209379	0.0	0.0024937655860348597	-0.04738154613466333	-0.014962593516209379	150975445
2022-03-08	-0.014742014742014864	0.0	0.004914004914004809	-0.01719901719901727	-0.014742014742014864	120029748
2022-03-07	-0.012135922330097044	-0.0024271844660193657	-0.0024271844660193657	-0.014563106796116625	-0.012135922330097044	126244416
2022-03-04	-0.004830917874396033	-0.0024154589371980163	-0.0024154589371980163	-0.00966183574879228	-0.004830917874396033	105817338
2022-03-03	0.0024213075060532173	-0.0024213075060532173	0.00484261501210665	-0.0024213075060532173	0.0024213075060532173	93391460
2022-03-02	0.0	-0.0024213075060532173	0.0	-0.0048426150121064345	0.0	72925121
2022-03-01	0.0024271844660193657	0.0	0.0024271844660193657	-0.0024271844660193657	0.0024271844660193657	59536641
2022-02-28	-0.004830917874396033	0.0	0.0	-0.00966183574879228	-0.004830917874396033	101461399
2022-02-25	0.0024213075060532173	0.0	0.0072639225181598665	0.0	0.0024213075060532173	91649697
2022-02-24	-0.011961722488038236	-0.0023923444976076047	-0.0023923444976076047	-0.01435406698564584	-0.011961722488038236	188477794
2022-02-23	0.004807692307692205	0.0	0.004807692307692205	-0.0024038461538461024	0.004807692307692205	113603349
2022-02-22	-0.007159904534606264	-0.007159904534606264	-0.002386634844868896	-0.011933174224343843	-0.007159904534606264	197596113
2022-02-21	-0.016431924882628967	-0.01408450704225343	-0.009389671361502356	-0.028169014084507067	-0.016431924882628967	477608832
2022-02-18	0.009478672985782	0.0	0.009478672985782	0.0	0.009478672985782	50132721
2022-02-17	-0.007058823529411823	-0.002352941176470538	0.0	-0.007058823529411823	-0.007058823529411823	39390698
2022-02-16	0.0023584905660376855	0.0023584905660376855	0.004716981132075371	-0.0023584905660376855	0.0023584905660376855	53418895
2022-02-15	-0.004694835680751074	-0.002347417840375537	0.0	-0.007042253521126611	-0.004694835680751074	42035209
2022-02-14	-0.0116009280742459	-0.002320185614849139	0.0	-0.016241299303944176	-0.0116009280742459	96647559
2022-02-11	-0.002314814814814971	-0.002314814814814971	0.006944444444444296	-0.004629629629629736	-0.002314814814814971	88643407
2022-02-10	-0.02040816326530609	-0.009070294784580506	-0.00680272108843543	-0.024943310657596442	-0.02040816326530609	178249188
2022-02-09	0.027972027972027996	-0.002331002331002281	0.04195804195804189	-0.0046620046620047696	0.027972027972027996	365676544
2022-02-08	0.019002375296912132	0.0	0.028503562945368197	-0.0023752969121139636	0.019002375296912132	155000348
2022-02-07	0.012019230769230727	0.004807692307692205	0.014423076923076828	0.0024038461538461024	0.012019230769230727	47537168
2022-01-28	0.002409638554216816	0.002409638554216816	0.007228915662650447	0.0	0.002409638554216816	43075097
2022-01-27	-0.014251781472683992	0.0023752969121139636	0.0023752969121139636	-0.014251781472683992	-0.014251781472683992	62497105
2022-01-26	0.00238095238095233	0.0	0.007142857142857202	0.0	0.00238095238095233	40425668
2022-01-25	-0.018691588785046745	-0.002336448598130999	0.0	-0.021028037383177534	-0.018691588785046745	87692900
2022-01-24	0.0023419203747074182	0.0	0.004683840749414628	-0.00468384074941442	0.0023419203747074182	57095606
2022-01-21	-0.002336448598130999	0.0	0.0	-0.00467289719626179	-0.002336448598130999	45785571
2022-01-20	0.004694835680751282	0.004694835680751282	0.009389671361502356	0.002347417840375537	0.004694835680751282	60206506
2022-01-19	-0.006993006993007051	-0.002331002331002281	-0.002331002331002281	-0.006993006993007051	-0.006993006993007051	46798118
2022-01-18	0.004683840749414628	0.0	0.009367681498829048	-0.00234192037470721	0.004683840749414628	66871847
2022-01-17	0.002347417840375537	0.0	0.004694835680751282	-0.002347417840375537	0.002347417840375537	49411805
2022-01-14	-0.009302325581395357	0.0	0.0023255813953487877	-0.009302325581395357	-0.009302325581395357	91742675
2022-01-13	-0.002320185614849139	0.002320185614849345	0.0069605568445476225	-0.002320185614849139	-0.002320185614849139	71834965
2022-01-12	0.0	0.0	0.002320185614849345	-0.002320185614849139	0.0	38055898
2022-01-11	-0.002314814814814971	0.0	0.0023148148148147652	-0.004629629629629736	-0.002314814814814971	70170093
2022-01-10	0.006993006993007051	0.0	0.011655011655011614	0.0	0.006993006993007051	97150111
2022-01-07	-0.0023255813953487877	-0.0023255813953487877	0.00697674418604657	-0.0023255813953487877	-0.0023255813953487877	73837180
2022-01-06	0.0	0.0	0.004651162790697782	-0.0046511627906975755	0.0	76037027
2022-01-05	-0.018264840182648418	-0.004566210045662003	-0.004566210045662003	-0.018264840182648418	-0.018264840182648418	145210563
2022-01-04	0.011547344110854462	-0.002309468822170851	0.016166281755196372	-0.002309468822170851	0.011547344110854462	123273192
2021-12-31	0.004640371229698483	0.002320185614849345	0.0069605568445476225	0.0	0.004640371229698483	48703707
2021-12-30	0.0	0.0	0.0069605568445476225	-0.002320185614849139	0.0	45510844
2021-12-29	-0.002314814814814971	0.0	0.0	-0.004629629629629736	-0.002314814814814971	35787095
2021-12-28	0.0	0.0	0.0023148148148147652	-0.004629629629629736	0.0	45236903
2021-12-27	0.002320185614849345	0.0	0.0069605568445476225	-0.002320185614849139	0.002320185614849345	61368267
2021-12-24	-0.009195402298850583	0.0	0.002298850574712799	-0.009195402298850583	-0.009195402298850583	87025648
2021-12-23	-0.0022935779816515307	0.0	0.0045871559633026545	-0.0022935779816515307	-0.0022935779816515307	67862700
2021-12-22	-0.015801354401805735	0.0	0.0022573363431152766	-0.015801354401805735	-0.015801354401805735	101516603
2021-12-21	0.0022624434389139788	-0.0022624434389139788	0.006787330316742138	-0.006787330316742138	0.0022624434389139788	126315229
2021-12-20	0.01609195402298857	0.0	0.02758620689655175	-0.002298850574712595	0.01609195402298857	222091253
2021-12-17	-0.0022935779816515307	-0.0022935779816515307	0.0	-0.0045871559633028575	-0.0022935779816515307	53101619
2021-12-16	0.002298850574712799	0.0	0.004597701149425394	-0.00459770114942519	0.002298850574712799	65330610
2021-12-15	0.002304147465437739	-0.002304147465437739	0.006912442396313422	-0.004608294930875478	0.002304147465437739	76716358
2021-12-14	-0.013636363636363748	-0.002272727272727426	0.0	-0.013636363636363748	-0.013636363636363748	99235500
2021-12-13	-0.009009009009009016	-0.0045045045045046085	0.0	-0.009009009009009016	-0.009009009009009016	120544625
2021-12-10	0.004524886877828159	-0.009049773755656116	0.011312217194570096	-0.011312217194570096	0.004524886877828159	220846266
2021-12-09	0.01843317972350232	0.0	0.01843317972350232	-0.002304147465437739	0.01843317972350232	178988712
2021-12-08	0.002309468822170851	0.0	0.004618937644341702	-0.002309468822170851	0.002309468822170851	87365910
2021-12-07	0.0	-0.002309468822170851	0.004618937644341702	-0.004618937644341908	0.0	85493857
2021-12-06	0.0023148148148147652	-0.002314814814814971	0.011574074074074032	-0.004629629629629736	0.0023148148148147652	131942432
2021-12-03	0.009345794392523372	0.0	0.018691588785046745	-0.002336448598130999	0.009345794392523372	125563534
2021-12-02	-0.002331002331002281	-0.002331002331002281	0.0	-0.0046620046620047696	-0.002331002331002281	52096090
2021-12-01	0.002336448598130791	-0.002336448598130999	0.004672897196261582	-0.00467289719626179	0.002336448598130791	57230649
2021-11-30	0.0	0.0	0.004672897196261582	-0.002336448598130999	0.0	61362300
2021-11-29	0.0	-0.002336448598130999	0.007009345794392373	-0.009345794392523372	0.0	71173828
2021-11-26	0.0	0.0	0.002336448598130791	-0.002336448598130999	0.0	50985664
2021-11-25	-0.002331002331002281	-0.002331002331002281	0.002331002331002281	-0.002331002331002281	-0.002331002331002281	42905517
2021-11-24	-0.0023255813953487877	-0.0023255813953487877	0.004651162790697782	-0.009302325581395357	-0.0023255813953487877	74774503
2021-11-23	-0.022727272727272846	-0.018181818181818195	-0.011363636363636524	-0.02500000000000007	-0.022727272727272846	124425580
2021-11-22	0.05011933174224342	0.0	0.05011933174224342	-0.002386634844868896	0.05011933174224342	232716104
2021-11-19	0.002392344497607817	0.0	0.004784688995215422	-0.0023923444976076047	0.002392344497607817	57566672
2021-11-18	-0.007125890736342102	0.0	0.0023752969121139636	-0.007125890736342102	-0.007125890736342102	62993300
2021-11-17	0.0	0.0	0.0023752969121139636	-0.0023752969121139636	0.0	39879159
2021-11-16	-0.002369668246445447	0.0	0.002369668246445658	-0.004739336492890894	-0.002369668246445447	55596261
2021-11-15	0.0023752969121139636	0.0023752969121139636	0.009501187648456066	0.0	0.0023752969121139636	69201950
2021-11-12	0.0	0.0	0.0023752969121139636	-0.0023752969121139636	0.0	56733806
2021-11-11	0.0	-0.0023752969121139636	0.004750593824228138	-0.0023752969121139636	0.0	63302413
2021-11-10	-0.002369668246445447	0.0	0.002369668246445658	-0.007109004739336342	-0.002369668246445447	53161541
2021-11-09	0.0023752969121139636	-0.0023752969121139636	0.007125890736342102	-0.004750593824227927	0.0023752969121139636	54105157
2021-11-08	-0.007075471698113266	-0.004716981132075581	0.0	-0.009433962264150952	-0.007075471698113266	57234348
2021-11-05	0.011933174224343632	0.0	0.019093078758949684	-0.00477326968973758	0.011933174224343632	117217118
2021-11-04	-0.004750593824227927	0.0	0.0023752969121139636	-0.007125890736342102	-0.004750593824227927	60252322
2021-11-03	-0.002369668246445447	-0.002369668246445447	0.0	-0.007109004739336342	-0.002369668246445447	56751205
2021-11-02	-0.02540415704387998	-0.004618937644341908	0.0	-0.02540415704387998	-0.02540415704387998	103392173
2021-11-01	-0.013667425968109251	-0.009111617312072901	-0.006833712984054525	-0.018223234624145802	-0.013667425968109251	86848662
2021-10-29	-0.004535147392290354	-0.01360544217687086	-0.004535147392290354	-0.02267573696145137	-0.004535147392290354	166786136
2021-10-28	0.04255319148936163	0.0	0.04255319148936163	-0.011820330969267306	0.04255319148936163	211183338
2021-10-27	0.007142857142857202	-0.004761904761904872	0.007142857142857202	-0.014285714285714403	0.007142857142857202	127170880
2021-10-26	-0.004739336492890894	-0.004739336492890894	0.0	-0.014218009478672893	-0.004739336492890894	106323021
2021-10-25	0.01932367149758456	0.0	0.01932367149758456	0.0	0.01932367149758456	140698566
2021-10-22	-0.007194244604316606	-0.0023980815347721313	-0.0023980815347721313	-0.009592326139088737	-0.007194244604316606	103028857
2021-10-21	-0.00477326968973758	0.0	0.0	-0.007159904534606264	-0.00477326968973758	88284552
2021-10-20	-0.00238095238095233	0.0	0.00238095238095233	-0.004761904761904872	-0.00238095238095233	80494821
2021-10-19	-0.004739336492890894	0.0	0.002369668246445658	-0.007109004739336342	-0.004739336492890894	93616996
2021-10-18	-0.009389671361502356	0.0	0.0	-0.011737089201877894	-0.009389671361502356	115107082
2021-10-15	0.0	0.0	0.004694835680751282	-0.002347417840375537	0.0	78302887
2021-10-14	-0.00234192037470721	0.0	0.0	-0.00468384074941442	-0.00234192037470721	67538893
2021-10-13	-0.002336448598130999	-0.002336448598130999	0.0	-0.007009345794392581	-0.002336448598130999	85803160
2021-10-12	-0.011547344110854462	-0.002309468822170851	0.0	-0.018475750577367223	-0.011547344110854462	126268161
2021-10-11	-0.002304147465437739	-0.002304147465437739	0.002304147465437739	-0.006912442396313422	-0.002304147465437739	105987535
2021-10-08	0.011655011655011614	0.002331002331002281	0.013986013986013894	-0.0046620046620047696	0.011655011655011614	140377383
2021-09-30	0.00704225352112682	0.0	0.009389671361502356	-0.002347417840375537	0.00704225352112682	97689323
2021-09-29	-0.01843317972350232	-0.011520737327188899	-0.006912442396313422	-0.02073732718894006	-0.01843317972350232	145843812
2021-09-28	0.0069605568445476225	-0.004640371229698278	0.016241299303944384	-0.013921113689095039	0.0069605568445476225	158002969
2021-09-27	-0.029279279279279452	0.0	0.0	-0.031531531531531654	-0.029279279279279452	285734320
2021-09-24	-0.024175824175824052	-0.002197802197802151	0.0	-0.026373626373626398	-0.024175824175824052	354509152
2021-09-23	-0.01727861771058317	-0.008639308855291584	-0.006479481641468736	-0.019438444924406016	-0.01727861771058317	334993200
2021-09-22	0.02207505518763789	0.0022075055187637496	0.044150110375275976	0.0	0.02207505518763789	543501920
2021-09-17	0.0	0.0	0.0022075055187637496	0.0	0.0	539070048
2021-09-16	0.0	0.0	0.0022075055187637496	0.0	0.0	436825808
2021-09-15	0.0	0.0	0.0022075055187637496	0.0	0.0	339075120
2021-09-14	-0.0022026431718061203	0.0	0.0	-0.0022026431718061203	-0.0022026431718061203	408281632
2021-09-13	0.0022075055187637496	0.0	0.0022075055187637496	0.0	0.0022075055187637496	343276816
2021-09-10	-0.0022026431718061203	0.0	0.0022026431718061203	-0.0022026431718061203	-0.0022026431718061203	402243808
2021-09-09	0.0	0.0	0.0022026431718061203	-0.0022026431718061203	0.0	419472208
2021-09-08	0.0	0.0	0.0022026431718061203	-0.0022026431718061203	0.0	457927360
2021-09-07	-0.002197802197802151	-0.002197802197802151	0.0	-0.004395604395604302	-0.002197802197802151	498043232
2021-09-06	0.0022026431718061203	0.0	0.008810572687224677	-0.0022026431718061203	0.0022026431718061203	596007072
2021-09-03	-0.004385964912280609	-0.0021929824561403044	-0.0021929824561403044	-0.006578947368420913	-0.004385964912280609	560911936
2021-09-02	-0.004366812227074336	-0.004366812227074336	-0.0021834061135370714	-0.00873362445414848	-0.004366812227074336	598877040
2021-09-01	0.004385964912280803	-0.0021929824561403044	0.010964912280701912	-0.004385964912280609	0.004385964912280803	691719408
2021-08-31	-0.017241379310344845	-0.006465517241379173	-0.004310344827586115	-0.0193965517241379	-0.017241379310344845	742828832
2021-08-30	0.006507592190889232	0.0021691973969630773	0.013015184381778656	-0.0065075921908894245	0.006507592190889232	828324064
2021-08-27	-0.02123142250530778	-0.01061571125265389	-0.0021231422505307404	-0.02335456475583871	-0.02123142250530778	915488256
2021-08-26	-0.024844720496894433	-0.020703933747411935	0.0020703933747411567	-0.04347826086956521	-0.024844720496894433	1381649328
2021-08-25	-0.024242424242424263	0.0	0.038383838383838284	-0.03636363636363649	-0.024242424242424263	2084090256
2021-08-24	-0.09999999999999996	-0.09999999999999996	-0.09999999999999996	-0.09999999999999996	-0.09999999999999996	406597504
