2024-12-31	-0.05235151420298937	0.006182017372251399	0.007747085061428866	-0.057124970654980914	-0.05235151420298937	5525152
2024-12-30	-0.02016561877012714	-0.013494862751111725	0.016561877012728304	-0.022005827327096997	-0.02016561877012714	4440050
2024-12-27	-0.0346410066617321	-0.008142116950407063	0.0013323464100666678	-0.04515173945225755	-0.0346410066617321	7161050
2024-12-26	0.031061588949095574	-0.006105472029306352	0.03296954895825378	-0.013355720064107457	0.031061588949095574	8031900
2024-12-25	0.0024481676994873624	-0.010251702241603575	0.016525131971540024	-0.01285288042230898	0.0024481676994873624	5757600
2024-12-24	0.01759439470611148	-0.0011677695601399554	0.01977423121837307	-0.0217205138186064	0.01759439470611148	6191000
2024-12-23	-0.0074949775923350255	-0.012594653067531922	0.01900788131664355	-0.014371812702827889	-0.0074949775923350255	6550787
2024-12-20	0.04666397088556394	-0.005661140315406411	0.08774767488879898	-0.009300444803881971	0.04666397088556394	10340732
2024-12-19	-0.0005657937277723341	-0.021985127707727117	0.011235046880051735	-0.03006789524733268	-0.0005657937277723341	5035910
2024-12-18	0.0118590005725035	0.001553938006052161	0.025353725361904052	-0.0024535863253455237	0.0118590005725035	5109233
2024-12-17	-0.011160533764658387	-0.006874241811564969	-0.00040436716538626256	-0.01730691467852811	-0.011160533764658387	4436416
2024-12-16	-0.03503980021851086	-0.012018105197440239	-0.0015607928827843659	-0.04089277352895256	-0.03503980021851086	7033556
2024-12-13	-0.0019471921489212557	-0.008333982397382922	0.024612508762364867	-0.015032323389672036	-0.0019471921489212557	9053927
2024-12-12	0.0007014809041307481	7.794232268114501e-05	0.04442712392829297	-0.006157443491816105	0.0007014809041307481	8321500
2024-12-11	-0.04225141833383097	-0.02306658704090776	0.00268736936398914	-0.04822335025380716	-0.04225141833383097	11654518
2024-12-10	0.0871611751339069	0.11994806037980849	0.18049018016555762	0.0777471189741926	0.0871611751339069	19623924
2024-12-09	-0.03326533814530045	-0.01145457398399493	-0.004707359171504741	-0.04613211988074687	-0.03326533814530045	6693921
2024-12-06	-0.0063922669161210425	-0.0021827252884315646	0.008574992204552496	-0.0315715622076707	-0.0063922669161210425	7658120
2024-12-05	-0.028917486752460208	-0.02346707040121116	-0.0049205147615443276	-0.034822104466313356	-0.028917486752460208	8044207
2024-12-04	0.003037205770691008	0.037965072133637055	0.05687167805618838	-0.009111617312072808	0.003037205770691008	11668813
2024-12-03	-0.01972459992556759	0.01228135467063644	0.08582061778935617	-0.03230368440640122	-0.01972459992556759	16598560
2024-12-02	0.06677783071303793	-0.01993012545656655	0.06876290296966807	-0.028346831824678363	0.06677783071303793	14657645
2024-11-29	0.015563261027336446	-0.008950891057172804	0.04427062333682763	-0.040319329086364	0.015563261027336446	11017792
2024-11-28	-0.03245689318873358	-0.015838339705079092	0.019817429975813535	-0.0364359834594678	-0.03245689318873358	10717126
2024-11-27	0.05040157351253886	-0.016636616948041315	0.05064743484674638	-0.049254220619570487	0.05040157351253886	11137995
2024-11-26	0.00427983539094647	-0.01983539094650203	0.044691358024691416	-0.027078189300411573	0.00427983539094647	9007703
2024-11-25	0.030534351145038118	0.02366412213740451	0.04783715012722647	-0.024003392705682886	0.030534351145038118	8871740
2024-11-22	-0.08206166303332289	-0.018997197134848938	-0.011367175334786622	-0.09015882902522578	-0.08206166303332289	12117542
2024-11-21	0.04831864185439114	-0.015344433561867413	0.09043421482206986	-0.023832843617368607	0.04831864185439114	13947676
2024-11-20	0.004015406047693148	-0.01729083012374006	0.00794886503318855	-0.02982873064000656	0.004015406047693148	9411489
2024-11-19	0.052073454608155934	0.01732908009311152	0.07500646607466163	-0.008362789895680652	0.052073454608155934	11328879
2024-11-18	-0.07252518790980335	-0.016552055013593536	-0.0010395010395010031	-0.08084119622581161	-0.07252518790980335	10879955
2024-11-15	-0.05250397757405869	-0.012122130464429295	0.021668308205166943	-0.0567467232366089	-0.05250397757405869	12711982
2024-11-14	-0.0751821748878923	-0.02830717488789232	-0.019058295964125553	-0.08562219730941703	-0.0751821748878923	13657098
2024-11-13	-0.04208336129941614	-0.013356601114168797	0.0	-0.08047519967783079	-0.04208336129941614	15979091
2024-11-12	-0.003677945700147004	-0.016985421960679363	0.036511970041460534	-0.07476260532299037	-0.003677945700147004	23254926
2024-11-11	0.19996790242336693	0.03498635852993087	0.19996790242336693	0.02407318247472316	0.19996790242336693	26027411
2024-11-08	0.20000000000000012	0.025517573423206603	0.20000000000000012	0.020799229658160914	0.20000000000000012	18404535
2024-11-07	0.012578003120124727	-0.005460218408736371	0.033541341653666124	-0.010335413416536684	0.012578003120124727	5664026
2024-11-06	0.025189924030387802	0.0004998000799679844	0.07457017193122745	-0.007596961215513845	0.025189924030387802	8125600
2024-11-05	0.06030736618971926	0.012188659247482837	0.0757816640169582	0.006889242183359891	0.06030736618971926	5492297
2024-11-04	0.00639999999999994	0.01141333333333326	0.022719999999999952	-0.0019200000000000727	0.00639999999999994	2287936
2024-11-01	-0.06015037593984962	-0.012631578947368473	-0.012631578947368473	-0.06666666666666672	-0.06015037593984962	4985698
2024-10-31	0.013204672422549489	-0.007922803453529722	0.03291010665312336	-0.010665312341289966	0.013204672422549489	3278449
2024-10-30	-0.01932463392768202	-0.011355712720390482	0.010758043629843592	-0.033768303615898006	-0.01932463392768202	3022334
2024-10-29	-0.01385068762278975	-0.0028487229862474662	0.013752455795677855	-0.017681728880157142	-0.01385068762278975	3308303
2024-10-28	-0.021153846153846183	0.0	0.008653846153846208	-0.028846153846153848	-0.021153846153846183	3380910
2024-10-25	0.0629599345870809	0.01236713000817655	0.09014717906786583	0.00010220768601789559	0.0629599345870809	5556734
2024-10-24	-0.014702920443101649	-0.012789526686807613	0.003625377643504526	-0.02014098690835851	-0.014702920443101649	2689987
2024-10-23	-0.011743630573248474	-0.004777070063694307	0.015127388535031807	-0.01741640127388535	-0.011743630573248474	4471585
2024-10-22	0.004197481511093361	-0.020487707375574628	0.009394363381970795	-0.040075954427343644	0.004197481511093361	6950407
2024-10-21	0.024050762460341917	0.009108586633916699	0.05465151980350019	-0.007266400573124489	0.024050762460341917	9149253
2024-10-18	0.09417693169092942	0.0	0.12978723404255324	-0.012765957446808517	0.09417693169092942	8128817
2024-10-17	0.0033707865168539006	0.028089887640449437	0.0415730337078652	0.001235955056179769	0.0033707865168539006	3489253
2024-10-16	-0.012866015971605997	-0.02062999112688553	-0.0018855368234250412	-0.029281277728482706	-0.012866015971605997	2543410
2024-10-15	-0.01281068652140591	0.0	0.03558524033723859	-0.024416949523705288	-0.01281068652140591	4074619
2024-10-14	0.03619242114817334	0.0	0.043793964147946444	-0.012933968686181081	0.03619242114817334	4044196
2024-10-11	-0.06887809000633843	-0.017642087470948677	0.0012676949080921672	-0.08102683287555464	-0.06887809000633843	4501362
2024-10-10	-0.04383838383838387	0.030303030303030304	0.034040404040404086	-0.05252525252525255	-0.04383838383838387	5411305
2024-10-09	-0.11298270764268434	-0.058328106800465955	0.0034943105456500365	-0.11656661589463314	-0.11298270764268434	8986858
2024-10-08	0.1999784969358133	0.1999784969358133	0.1999784969358133	0.1160090312869583	0.1999784969358133	11340360
2024-09-30	0.13013365735115442	0.051032806804374276	0.15139732685297702	0.03876063183475088	0.13013365735115442	7015091
2024-09-27	0.06330749354005157	0.01937984496124031	0.07881136950904385	0.00775193798449605	0.06330749354005157	3613109
2024-09-26	0.018689128718083727	-0.001184522242695491	0.01947881021321387	-0.006054224795999052	0.018689128718083727	1767610
2024-09-25	0.01050671631865948	0.007314802500332454	0.022742385955579307	0.004122888682005616	0.01050671631865948	1944347
2024-09-24	0.028450280399398144	0.007933251265216773	0.0311858842839557	-0.008890712624812004	0.028450280399398144	1449955
2024-09-23	-0.017734784361144798	-0.0077925567647455654	0.005239822652156205	-0.017734784361144798	-0.017734784361144798	788432
2024-09-20	0.007444504602057545	-0.0014889009204114704	0.009068760151597209	-0.007173795343800774	0.007444504602057545	1020148
2024-09-19	0.03647586980920306	0.0005611672278337829	0.043490460157126744	-0.003647586980920386	0.03647586980920306	1527573
2024-09-18	0.01321961620469093	-0.0034115138592749807	0.015636105188344115	-0.008955223880596951	0.01321961620469093	711720
2024-09-13	-0.014015416958654521	0.00098107918710592	0.0014015416958655716	-0.01723896285914492	-0.014015416958654521	580400
2024-09-12	-0.01789401238816258	0.004817618719889804	0.007019958706125132	-0.02161046111493472	-0.01789401238816258	662600
2024-09-11	0.0037303122409506804	-0.002072395689416848	0.0063553467808788065	-0.013539651837524038	0.0037303122409506804	553799
2024-09-10	0.022316384180790936	-0.0002824858757061585	0.031073446327683656	-0.0077683615819208645	0.022316384180790936	841900
2024-09-09	-0.011035060762676439	0.0034921078362899847	0.01815896074870788	-0.025981282301997477	-0.011035060762676439	1037333
2024-09-06	-0.016620879120879034	-0.004120879120879082	0.00453296703296701	-0.02005494505494497	-0.016620879120879034	624460
2024-09-05	0.003999448351951345	0.0012412081092261645	0.009929664873810492	-0.008412632740311673	0.003999448351951345	772700
2024-09-04	-0.01131715298609215	-0.004635942187073949	0.01090809926370326	-0.01131715298609215	-0.01131715298609215	635200
2024-09-03	0.011586206896551772	0.0004137931034482915	0.018896551724137994	0.0004137931034482915	0.011586206896551772	759900
2024-09-02	-0.019077256122310874	-0.005547287241239299	-0.0027059937762143535	-0.019077256122310874	-0.019077256122310874	901500
2024-08-30	0.011080711354309198	-0.0019151846785225798	0.017647058823529498	-0.006839945280437757	0.011080711354309198	1851944
2024-08-29	0.03394625176803383	-0.001414427157001535	0.04031117397454023	-0.008910891089109047	0.03394625176803383	1642825
2024-08-28	0.005689900426742613	-0.004836415362731201	0.014082503556187898	-0.007112375533428165	0.005689900426742613	599392
2024-08-27	-0.0029783009502199398	-0.00014182385477244525	0.0036874202240815613	-0.00780031201248066	-0.0029783009502199398	502574
2024-08-26	-0.004517859663984092	-0.003247211633488691	0.005223775236481781	-0.010588733587462939	-0.004517859663984092	689400
2024-08-23	0.0038265306122448415	-0.003259637188208673	0.01176303854875281	-0.006519274376417346	0.0038265306122448415	863376
2024-08-22	-0.009823182711198468	0.0002806623631770421	0.0056132472635418386	-0.01164748807184954	-0.009823182711198468	821829
2024-08-21	0.0007021485746385532	-0.003510742873191968	0.00800449375087779	-0.006038477741890081	0.0007021485746385532	756596
2024-08-20	-0.01738650476059066	-0.004415620256657833	0.005105560921760791	-0.021940113150269124	-0.01738650476059066	1118025
2024-08-19	0.017122807017543845	-0.003649122807017616	0.028070175438596492	-0.003649122807017616	0.017122807017543845	1486785
2024-08-16	-0.013157894736842144	0.0	0.007202216066481939	-0.014127423822714626	-0.013157894736842144	1462031
2024-08-15	-0.0052356020942407756	-0.0015155690272802347	0.008817856158721419	-0.012124552218241878	-0.0052356020942407756	1546600
2024-08-14	-0.03071581196581193	-0.000267094017093964	0.010683760683760837	-0.03325320512820506	-0.03071581196581193	2004973
2024-08-13	0.0010695187165775174	0.0013368983957220391	0.004545454545454591	-0.008021390374331475	0.0010695187165775174	820356
2024-08-12	-0.025153134367261916	-0.00938355271732046	-0.0029975237846996475	-0.027759676788739862	-0.025153134367261916	1488900
2024-08-09	-0.02626903553299484	-0.02576142131979697	-0.002664974619289261	-0.06624365482233502	-0.02626903553299484	3406099
2024-08-08	-0.009925870084181509	-0.005528332705113679	0.004523181304183935	-0.01997738409347912	-0.009925870084181509	1553878
2024-08-07	-0.00772970951252949	-0.0019947637451688894	0.007605036778456545	-0.02181772846278519	-0.00772970951252949	1581795
2024-08-06	0.019316304485957506	0.014105985512771629	0.06328631338162415	0.004320752319227392	0.019316304485957506	3378574
2024-08-05	-0.006313928526329082	-0.009344614218966978	0.015784821315822706	-0.013764364187397442	-0.006313928526329082	2437645
2024-08-02	0.008789808917197424	0.0022929936305733354	0.013757961783439469	-0.0024203821656050666	0.008789808917197424	2008401
2024-08-01	-0.0030480060960121273	-0.001397002794005581	0.010922021844043681	-0.009779019558039066	-0.0030480060960121273	2149004
2024-07-31	0.04471275043120592	-0.00039803635398701255	0.04590685949316696	-0.0049091150325063625	0.04471275043120592	2523528
2024-07-30	0.01906435911303422	-0.0036506219578149816	0.028123309897241922	-0.0037858301784746747	0.01906435911303422	1449864
2024-07-29	-0.012418213379623538	0.004940579516624443	0.011884096675123522	-0.015222326078248105	-0.012418213379623538	1069844
2024-07-26	0.026171553850369917	0.0004110715264456171	0.04055905727596593	-0.0050698821594958145	0.026171553850369917	1665036
2024-07-25	0.007454445057979104	-0.0022087244616233654	0.02291551628934286	-0.0071783545002760355	0.007454445057979104	1231197
2024-07-24	-0.014421768707483023	-0.0012244897959184137	0.009251700680272201	-0.01551020408163266	-0.014421768707483023	1541381
2024-07-23	-0.04952799689641793	-0.004914004914004855	-0.0016811069442647802	-0.05082115608431388	-0.04952799689641793	2181376
2024-07-22	0.00012933264355930054	0.0	0.02625452664252459	-0.00012933264355911674	0.00012933264355930054	2868700
2024-07-19	0.020995642413838493	-0.009639508781196408	0.02733394955763889	-0.009639508781196408	0.020995642413838493	2951675
2024-07-18	0.026708242950108443	-0.00637201735357916	0.0338937093275488	-0.022505422993492553	0.026708242950108443	2291550
2024-07-17	-0.0080688542227003	-0.005513717052178545	0.006993006993006939	-0.00914470145239366	-0.0080688542227003	1453653
2024-07-16	0.01446111869031381	-0.00736698499317861	0.017735334242837617	-0.012687585266029913	0.01446111869031381	1704210
2024-07-15	0.022885849846497358	-0.0022327658386826206	0.03684063633826403	-0.0040468880826122254	0.022885849846497358	2365968
2024-07-12	-0.021305654192843516	-0.00983337885823544	0.007101884730947774	-0.029090412455613158	-0.021305654192843516	1904400
2024-07-11	0.034619188921859584	0.01949978804578225	0.04337996326126901	0.0035325702981489336	0.034619188921859584	2144533
2024-07-10	-0.01885484541799528	-0.006100097046998444	0.0023568556772494346	-0.020657146818244765	-0.01885484541799528	1618700
2024-07-09	0.029546103339994193	-0.0022837567799028915	0.031972594918641094	-0.007707679132172513	0.029546103339994193	2246291
2024-07-08	-0.03935280405868647	0.0002742355683531608	0.009324009324009222	-0.04003839297956947	-0.03935280405868647	2200796
2024-07-05	0.0019233411182854865	0.0001373815084488378	0.00975408709987627	-0.013326006319549567	0.0019233411182854865	1130500
2024-07-04	-0.03474340273173306	0.0015913008884763898	0.007426070812889568	-0.035008619546479255	-0.03474340273173306	1763552
2024-07-03	-0.0027770431102883885	-0.0005289605924359462	0.01018249140439032	-0.01613329806929382	-0.0027770431102883885	1496454
2024-07-02	-0.004869061718647064	0.00013159626266620762	0.00802737202263455	-0.008422160810632986	-0.004869061718647064	1383723
2024-07-01	-0.013757300454250517	-0.012329656067488681	-0.0001297858533418677	-0.044646333549643064	-0.013757300454250517	2016982
2024-06-28	-0.009640102827763496	-0.003727506426735116	0.009125964010282879	-0.011568123393316086	-0.009640102827763496	1748093
2024-06-27	-0.01693201920646959	-0.0001263583522871508	0.012383118524134495	-0.019080111195350077	-0.01693201920646959	1689100
2024-06-26	0.024864024864024885	0.0037555037555038365	0.02913752913752914	-0.015151515151515174	0.024864024864024885	2123745
2024-06-25	-0.048897647493533675	-0.0038182042123414495	0.0036950363345239212	-0.05407069836186723	-0.048897647493533675	3427852
2024-06-24	-0.028595357741086392	-0.011844938980617312	0.014596793491265839	-0.028595357741086392	-0.028595357741086392	2746174
2024-06-21	-0.002268115076996511	-0.014921809717082488	-0.00011937447773655134	-0.028769249134534998	-0.002268115076996511	2271237
2024-06-20	0.014410268830225208	-0.0039961249697263055	0.048437878420925166	-0.0039961249697263055	0.014410268830225208	4625888
2024-06-19	-0.006616143389871252	0.0	0.008059665584025042	-0.027186334656561905	-0.006616143389871252	3053444
2024-06-18	-0.018420120439249052	-0.0011807769512338449	0.0023615539024678576	-0.022316684378320944	-0.018420120439249052	2639968
2024-06-17	0.0016558249556475526	0.00011827321111774236	0.01360141927853348	-0.00579538734476635	0.0016558249556475526	2501236
2024-06-14	-0.0016530877317274834	-0.005785807061046108	0.0034242531585784186	-0.02703979218325649	-0.0016530877317274834	4136779
2024-06-13	-0.005402231356429922	0.0	0.014210217263652304	-0.01937756899588967	-0.005402231356429922	4284660
2024-06-12	-0.0065336600163340116	0.0016334150040835443	0.01680084004200224	-0.018550927546377195	-0.0065336600163340116	4233018
2024-06-11	0.07987904749905492	-0.004661710973919674	0.11616479778253747	-0.007181554743605989	0.07987904749905492	5781792
2024-06-07	-0.007874999999999943	-0.0025000000000000356	0.01587499999999995	-0.018374999999999985	-0.007874999999999943	1894119
2024-06-06	-0.01719901719901727	0.0013513513513513443	0.009582309582309595	-0.022972972972973026	-0.01719901719901727	2453458
2024-06-05	0.018645976723814406	-0.0005005631335251163	0.03691653109748471	-0.005005631335252052	0.018645976723814406	2872901
2024-06-04	-0.0016241879060470972	-0.006746626686656749	0.0028735632183906766	-0.014242878560719647	-0.0016241879060470972	1528400
2024-06-03	0.00856854838709686	-0.007056451612903254	0.02431955645161299	-0.013356854838709705	0.00856854838709686	2594200
2024-05-31	-0.012935323383084655	-0.0012437810945274692	-0.0012437810945274692	-0.015298507462686616	-0.012935323383084655	2252111
2024-05-30	0.04010349288486428	0.0	0.04773609314359635	-0.011901681759379066	0.04010349288486428	3397980
2024-05-29	-0.011508951406649688	-0.0049872122762148405	0.008567774936061402	-0.01278772378516624	-0.011508951406649688	1622329
2024-05-28	-0.0063532401524777635	-0.008894536213468906	0.027954256670902195	-0.011689961880559107	-0.0063532401524777635	2941952
2024-05-27	0.03935552033808774	0.0035657686212360808	0.04067617538298994	-0.016111991547807698	0.03935552033808774	2006100
2024-05-24	-0.006168788554928454	-0.002493765586034883	0.00931880824255162	-0.007743798398740037	-0.006168788554928454	1127712
2024-05-23	-0.022202258726899435	-0.002823408624229965	0.005903490759753513	-0.025795687885010334	-0.022202258726899435	1396714
2024-05-22	0.013791308873276117	0.001951600312256124	0.01613322924798328	-0.004683840749414513	0.013791308873276117	1199421
2024-05-21	-0.016380854875863847	0.0	0.0	-0.017020732019452242	-0.016380854875863847	991201
2024-05-20	0.002051808155937376	0.00038471402923828077	0.01269556296486272	-0.010643754808925343	0.002051808155937376	1590892
2024-05-17	0.012332857328313681	0.0	0.012592496429962338	-0.012852135531610994	0.012332857328313681	1085362
2024-05-16	-0.00926045016077169	0.0	0.00964630225080386	-0.014405144694533821	-0.00926045016077169	2015152
2024-05-15	-0.044957621913769764	-0.00012283503255117192	0.0034393809114359555	-0.046677312369487745	-0.044957621913769764	2633885
2024-05-14	0.0029567574226930502	-0.0034495503264753125	0.014906985339411035	-0.01170383146482694	0.0029567574226930502	1800501
2024-05-13	-0.002457908320019698	-0.005407398304043231	0.015853508664126728	-0.019294580312154447	-0.002457908320019698	2582251
2024-05-10	-0.01608222490931074	0.0	0.0036275695284159267	-0.019226118500604635	-0.01608222490931074	1605299
2024-05-09	0.05002539360081256	-0.0005078720162519838	0.05738953783646516	-0.0005078720162519838	0.05002539360081256	4055234
2024-05-08	-0.012289942312515548	-0.0030097817908201017	-0.00012540757461739285	-0.024579884625031276	-0.012289942312515548	2015604
2024-05-07	-0.010792705619650223	0.0	0.003349460364718968	-0.015010544597444409	-0.010792705619650223	1566256
2024-05-06	0.030818414322250593	0.016624040920716076	0.04066496163682855	0.001918158567774827	0.030818414322250593	2872031
2024-04-30	-0.02808849117573939	-0.00074571215510798	-0.00074571215510798	-0.0320656226696495	-0.02808849117573939	2136480
2024-04-29	0.008270676691729281	-0.01992481203007523	0.01654135338345874	-0.02117794486215536	0.008270676691729281	2575213
2024-04-26	0.04395604395604395	-0.005756148613291441	0.044086865515437	-0.011512297226582882	0.04395604395604395	2655400
2024-04-25	0.002360346184106905	-0.004720692368213997	0.01626016260162595	-0.019538421190663638	0.002360346184106905	2122200
2024-04-24	0.013826110077107236	-0.00026588673225200774	0.018080297793140115	-0.011034299388460494	0.013826110077107236	1759444
2024-04-23	-0.014800261951538907	0.00026195153896542547	0.014800261951539093	-0.025933202357563717	-0.014800261951538907	1698800
2024-04-22	-0.013565891472868363	-0.00801033591731272	0.007622739018087715	-0.030878552971576233	-0.013565891472868363	1945574
2024-04-19	-0.04160475482912332	-0.009410599306587481	-0.0069341258048539155	-0.04197622585438336	-0.04160475482912332	2330060
2024-04-18	-0.011505507955936325	0.0012239902080782657	0.011750305997551943	-0.01823745410036731	-0.011505507955936325	1862981
2024-04-17	0.014906832298136682	0.0013664596273291855	0.01602484472049697	-0.011180124223602554	0.014906832298136682	2380156
2024-04-16	-0.013117567733235176	-0.009439745004290746	0.023415471374279895	-0.018021331371827865	-0.013117567733235176	2958856
2024-04-15	0.06404904774328199	0.014870858335507444	0.08426819723454224	-0.0032611531437516305	0.06404904774328199	3258359
2024-04-12	-0.014652956298200522	0.004884318766066963	0.009640102827763496	-0.01658097686375311	-0.014652956298200522	1178677
2024-04-11	-0.0075264702130374206	-0.010077816047965382	0.011608623548922012	-0.010077816047965382	-0.0075264702130374206	1095309
2024-04-10	-0.025363670272286535	-0.0003729951510630503	-0.00012433171702107566	-0.025985328857391563	-0.025363670272286535	1194500
2024-04-09	0.002742800149607444	0.00012467273407312202	0.014586709886547835	-0.008602418651040989	0.002742800149607444	1028248
2024-04-08	-0.019797140413051504	0.0020774776976659136	0.0031773188317243692	-0.025051936942441615	-0.019797140413051504	1216753
2024-04-03	-0.023974236641221433	-0.005009541984732845	0.0	-0.02898377862595428	-0.023974236641221433	1509184
2024-04-02	0.010607521697203588	0.0	0.029050144648023277	-0.006147540983606448	0.010607521697203588	2744119
2024-04-01	-0.008841099163679917	0.019952210274790938	0.019952210274790938	-0.019115890083632122	-0.008841099163679917	2257067
2024-03-29	0.04494382022471921	-0.0027465667915105977	0.05243445692883899	-0.011860174781522955	0.04494382022471921	2936839
2024-03-28	0.04269721426711796	0.008851861494402589	0.053762041135121195	0.002343139807341927	0.04269721426711796	2325240
2024-03-27	-0.02388818297331651	-0.0015247776365947211	0.005717916137230023	-0.02388818297331651	-0.02388818297331651	2167204
2024-03-26	-0.03019100431300065	-0.00012322858903271862	0.006777572396796021	-0.0416512630930377	-0.03019100431300065	2680858
2024-03-25	-0.05353393981805446	-0.004665267086540605	0.0017494751574528306	-0.05528341497550729	-0.05353393981805446	3239517
2024-03-22	-0.02590320381731426	-0.005907748239036538	0.0038627584639854967	-0.027720972506248557	-0.02590320381731426	1841776
2024-03-21	-0.014333706606942902	0.002575587905935095	0.020156774916013406	-0.020156774916013406	-0.014333706606942902	1985392
2024-03-20	0.007673211464680575	-0.004513653802753393	0.007673211464680575	-0.008237418190024869	0.007673211464680575	1659900
2024-03-19	-0.0033738191632928156	-0.003148897885740004	0.008322087269455632	-0.012483130904183529	-0.0033738191632928156	1703500
2024-03-18	0.030837004405286302	0.009158358451193971	0.03547414792487814	0.0	0.030837004405286302	2214469
2024-03-15	-0.013946044810242328	-0.004343850022862479	0.0003429355281207263	-0.021490626428898145	-0.013946044810242328	1847225
2024-03-14	-0.027567807914628612	-0.003334815473543766	0.0	-0.03279235215651388	-0.027567807914628612	2331211
2024-03-13	0.005139664804469204	0.0068156424581005525	0.02067039106145245	-0.002234636871508412	0.005139664804469204	2132944
2024-03-12	0.0022396416573348585	0.0	0.012318029115341642	-0.007278835386338091	0.0022396416573348585	1843069
2024-03-11	0.008925545136142719	-0.009038526720144744	0.008925545136142719	-0.013557790080216956	0.008925545136142719	1805872
2024-03-08	0.004653802497162438	0.0021566401816119404	0.014528944381384804	-0.004994324631100996	0.004653802497162438	1388500
2024-03-07	-0.02002224694104573	0.0015572858731924422	0.02191323692992212	-0.02002224694104573	-0.02002224694104573	1949746
2024-03-06	-0.013388937664618072	-0.0013169446883231403	0.005048287971905111	-0.017559262510974633	-0.013388937664618072	1835600
2024-03-05	-0.010855405992184108	-0.012049500651324353	-0.0014112027789840388	-0.017585757707338303	-0.010855405992184108	2071283
2024-03-04	0.006226105953031211	0.0016384489350082544	0.022282905516111482	-0.011359912616056712	0.006226105953031211	2891182
2024-03-01	0.006043956043956013	0.005494505494505495	0.024175824175824208	-0.015164835164835114	0.006043956043956013	3570188
2024-02-29	0.06870229007633581	-0.015854374633000688	0.06870229007633581	-0.01597181444509688	0.06870229007633581	4192469
2024-02-28	-0.054938956714761254	0.0	0.028412874583795808	-0.054938956714761254	-0.054938956714761254	3695467
2024-02-27	0.008281110116383113	-0.006266786034019721	0.008281110116383113	-0.01868845120859447	0.008281110116383113	3544199
2024-02-26	0.007668019846639519	0.00011276499774459748	0.016801984663960247	-0.010825439783491294	0.007668019846639519	1852101
2024-02-23	0.007727272727272805	0.0015909090909090975	0.007727272727272805	-0.011136363636363682	0.007727272727272805	1426177
2024-02-22	0.011378002528444947	0.009654062751407759	0.019308125502815684	-0.0017239397770371875	0.011378002528444947	1384677
2024-02-21	-0.0057136327276882636	-0.005942178036795911	0.020454805165123893	-0.015312535710204586	-0.0057136327276882636	1640200
2024-02-20	0.0008005489478500388	-0.010635864592863593	0.00640439158279966	-0.01223696248856351	0.0008005489478500388	1320179
2024-02-19	-0.0006857142857143117	0.02857142857142857	0.03085714285714289	-0.011428571428571429	-0.0006857142857143117	2416891
2024-02-08	0.040923150130858885	0.010825600761360892	0.0466333571258625	-0.009041161075422377	0.040923150130858885	3133215
2024-02-07	0.02838267678003435	0.000856373868363193	0.050770736481526864	-0.01517005138243204	0.02838267678003435	2947531
2024-02-06	0.08624584717607967	-0.009966777408637873	0.08624584717607967	-0.020730897009966807	0.08624584717607967	3079345
2024-02-05	-0.008171872940556274	-0.012257809410834411	0.014630288651640956	-0.07077896401739824	-0.008171872940556274	3307154
2024-02-02	-0.03338004841381056	-0.006242833481972161	0.005223595362466694	-0.07070964454070579	-0.03338004841381056	2359437
2024-02-01	0.008868894601542388	-0.0007712082262211089	0.020437017994858656	-0.01439588688946003	0.008868894601542388	1830084
2024-01-31	-0.028835351391836253	-0.00287105230308331	0.004493820996130314	-0.03058294844588694	-0.028835351391836253	1881232
2024-01-30	-0.032604757879483186	-0.0026566839753652803	0.0	-0.03453689167974881	-0.032604757879483186	1587125
2024-01-29	-0.019999999999999973	-0.005917159763313609	0.01597633136094668	-0.020118343195266307	-0.019999999999999973	1730274
2024-01-26	-0.04702830720649601	-0.009134994925002846	-0.007781662343520895	-0.04702830720649601	-0.04702830720649601	2216139
2024-01-25	0.01779155188246094	-0.004017447199265479	0.02731864095500454	-0.015151515151515235	0.01779155188246094	2684712
2024-01-24	0.0036866359447005463	0.0005760368663594143	0.008986175115207386	-0.03536866359446997	0.0036866359447005463	2446682
2024-01-23	0.01782363977485924	-0.0007035647279549985	0.02462476547842395	-0.012195121951219585	0.01782363977485924	2275728
2024-01-22	-0.04136690647482007	-0.014388489208632947	0.00247302158273396	-0.04889838129496397	-0.04136690647482007	2475380
2024-01-19	-0.04220499569336781	0.005167958656330792	0.005167958656330792	-0.04500430663221353	-0.04220499569336781	2812125
2024-01-18	-0.012860027633117312	0.0	0.010946965671165917	-0.044531831225422445	-0.012860027633117312	3057820
2024-01-17	-0.0325930495578861	-0.0055521283158544744	0.015731030228254176	-0.0335184042771952	-0.0325930495578861	2261122
2024-01-16	-0.01248857752056036	0.004568991775814833	0.004568991775814833	-0.02325109148136859	-0.01248857752056036	1149983
2024-01-15	0.011087157376039405	-0.009341956677959107	0.017862642439174715	-0.020634431783184384	0.011087157376039405	1591782
2024-01-12	-0.03716516753978457	-0.0010872788376000734	0.0	-0.037264011070475396	-0.03716516753978457	1533215
2024-01-11	0.017806841046277624	-0.0040241448692153485	0.025955734406438613	-0.008752515090543304	0.017806841046277624	1720248
2024-01-10	-0.0012057877813503853	-0.002210610932475873	0.006732315112540211	-0.03989147909967845	-0.0012057877813503853	1992828
2024-01-09	-0.0027056819320574227	-0.0006012626515683162	0.015833249824631707	-0.010321675518589047	-0.0027056819320574227	1030742
2024-01-08	-0.01011804384485662	-0.0025791092153556704	0.0017855371490922787	-0.030056542009721268	-0.01011804384485662	1609797
2024-01-05	-0.016103845403084047	-9.759906304890597e-05	0.006929533476478704	-0.020105406988092798	-0.016103845403084047	1102305
2024-01-04	-0.009090909090909207	0.001063829787234037	0.004642166344293905	-0.017408123791102622	-0.009090909090909207	1218145
2024-01-03	-0.015238095238095184	-0.004761904761904762	-9.523809523814396e-05	-0.020190476190476234	-0.015238095238095184	1295071
2024-01-02	-0.008030231459612605	-0.0025507794048181013	0.003306565895134705	-0.012564950401511557	-0.008030231459612605	1783823
2023-12-29	0.006274360680673036	-0.0028519821275786402	0.01245365529042687	-0.009411541021009552	0.006274360680673036	1904373
2023-12-28	0.007181156644963616	-0.004212945231711966	0.008234392952891608	-0.010915358100344701	0.007181156644963616	2035357
2023-12-27	0.010742282009097062	0.0016452143617536215	0.019839349656440502	-0.006096970870028021	0.010742282009097062	1710496
2023-12-26	0.006232349790632005	-9.738046547853642e-05	0.014704450287272424	-0.012562080046742545	0.006232349790632005	1398825
2023-12-25	0.01172413793103446	-0.0037438423645319747	0.01458128078817738	-0.012610837438423656	0.01172413793103446	1306118
2023-12-22	-0.005779214418650244	-0.0019590557351356922	0.0	-0.03222646684298174	-0.005779214418650244	2014480
2023-12-21	0.008894159501927124	-0.0018776558948512476	0.015218895147741935	-0.006818855618144063	0.008894159501927124	1354385
2023-12-20	0.002079619726678488	-0.0027728263022380783	0.015052485640720896	-0.01218062982768869	0.002079619726678488	1751785
2023-12-19	0.016918429003021217	-0.003021148036253748	0.017220543806646605	-0.0076535750251761426	0.016918429003021217	1927548
2023-12-18	-0.0010060362173039087	0.00010060362173029078	0.007746478873239396	-0.011971830985915612	-0.0010060362173039087	1578029
2023-12-15	-0.01496382915469221	0.0015855713011594154	0.006837776236250101	-0.018927757407590888	-0.01496382915469221	1760433
2023-12-14	-0.004636022884198056	0.006115604655750687	0.020911422371276432	-0.004734661668968137	-0.004636022884198056	2088369
2023-12-13	-0.02509856716992018	0.0	0.0049043177228580166	-0.027406481392441527	-0.02509856716992018	2727082
2023-12-12	-0.026128488480989007	0.0	0.010395205094586996	-0.031934819254542016	-0.026128488480989007	3237449
2023-12-11	-0.016033910799852516	-0.009399189089568707	-0.004699594544784288	-0.035293033542204186	-0.016033910799852516	5194618
2023-12-08	0.01915852742299016	0.00018782870022535707	0.02545078888054089	-0.004507888805409504	0.01915852742299016	12888808
2023-12-07	0.019923371647509562	0.0052681992337164476	0.0344827586206896	-0.0038314176245211272	0.019923371647509562	6262931
2023-12-06	0.040047818290496216	-0.003785614664275707	0.04891412631998417	-0.005578800557880079	0.040047818290496216	5124474
2023-12-05	0.0009972078181092372	-0.0027921818907060345	0.010769844435580357	-0.010769844435580357	0.0009972078181092372	2755845
2023-12-04	0.009970792627656308	0.007150770470339346	0.01822942894551302	0.0057407593916808655	0.009970792627656308	1844830
2023-12-01	0.009968467093886725	-0.0001017190519784876	0.0102736242498219	-0.010273624249822044	0.009968467093886725	1304199
2023-11-30	-0.012456052235057708	-0.0006027122049221725	0.0037167252636866356	-0.01747865394274229	-0.012456052235057708	2607202
2023-11-29	0.0018114118949380355	-0.0007044379591426727	0.011371641340444756	-0.0037234577840394942	0.0018114118949380355	1673037
2023-11-28	-0.0003018108651911583	0.004124748490945639	0.004527162977867089	-0.011670020120724454	-0.0003018108651911583	1495543
2023-11-27	0.032727272727272785	-0.005402597402597361	0.041870129870129884	-0.006753246753246812	0.032727272727272785	2635576
2023-11-24	-0.015244526294249999	-0.0012277470841005765	0.0019439328831595247	-0.021894822999795383	-0.015244526294249999	1638882
2023-11-23	0.004728618421052567	-0.0021587171052632396	0.009354440789473648	-0.007812500000000052	0.004728618421052567	1024675
2023-11-22	-0.010477062353778875	-0.002339538195504058	0.0036618858712236745	-0.01139253382158483	-0.010477062353778875	1318119
2023-11-21	-0.015620306398317836	0.0025032542304996496	0.011114448783418438	-0.018724341644137422	-0.015620306398317836	2003894
2023-11-20	0.008075098415262051	0.0	0.014535177147471606	-0.0077722822246895735	0.008075098415262051	1418409
2023-11-17	0.0008081624406505536	0.005859177694716621	0.008081624406505823	-0.012324477219921193	0.0008081624406505536	1659638
2023-11-16	-0.016003976143141148	-0.00347912524850889	-0.0025844930417494127	-0.016898608349900486	-0.016003976143141148	1596732
2023-11-15	-0.015944439010075414	0.009292771202191165	0.009488408490658308	-0.02161792037562367	-0.015944439010075414	2415600
2023-11-14	0.002254901960784353	-0.0021568627450980283	0.006568627450980409	-0.012843137254901982	0.002254901960784353	2076079
2023-11-13	0.03890812792829489	0.007027907924220795	0.04308413118761448	0.005194540639641382	0.03890812792829489	3296523
2023-11-10	-0.008983546986978766	-0.009891995558695769	0.007267588573735875	-0.012617341273846776	-0.008983546986978766	1839953
2023-11-09	-0.010783824263604717	0.0	0.010983524712930546	-0.011482775836245688	-0.010783824263604717	1793071
2023-11-08	-0.013786312161496716	-0.00935499753815857	-0.0018709995076316862	-0.020187099950763142	-0.013786312161496716	2597381
2023-11-07	-0.014077669902912648	-0.005922330097087373	-0.005631067961165032	-0.05407766990291255	-0.014077669902912648	4158544
2023-11-06	0.0012637309225235292	9.721007096326338e-05	0.014873140857392836	-0.005832604257801191	0.0012637309225235292	2776624
2023-11-03	0.013497536945812853	0.0002955665024630654	0.01802955665024629	-0.005911330049261028	0.013497536945812853	1791516
2023-11-02	-0.009369510052703433	-0.004489556900253697	0.006343939098184714	-0.009369510052703433	-0.009369510052703433	1555996
2023-11-01	-0.007170542635659002	-0.011143410852713233	0.012499999999999923	-0.01937984496124031	-0.007170542635659002	2195905
2023-10-31	0.0033054637371184464	0.0033054637371184464	0.016430099163912092	-0.0032082442154384434	0.0033054637371184464	1799478
2023-10-30	0.027983210073955597	-0.009894063561862973	0.03767739356386164	-0.009894063561862973	0.027983210073955597	3435178
2023-10-27	0.017283448556323737	-0.008946726311508698	0.020333468889792598	-0.013725091500609946	0.017283448556323737	2246323
2023-10-26	0.0177980132450331	-0.00920943708609272	0.021833609271523172	-0.010554635761589362	0.0177980132450331	2123596
2023-10-25	0.014486668066344693	0.0056686961998739455	0.023514591643921844	-0.006928406466512815	0.014486668066344693	2224099
2023-10-24	-0.006362782935224777	0.007301554187962748	0.010743715448002514	-0.029936372170647797	-0.006362782935224777	2599178
2023-10-23	-0.03580408327466562	0.0017097455496327817	0.004324650507894927	-0.040028160514935164	-0.03580408327466562	2028148
2023-10-20	-0.02681804835078785	-0.0014681413330723861	0.00978760888714887	-0.029852207105804024	-0.02681804835078785	2308540
2023-10-19	-0.0032195121951219346	-0.007512195121951181	0.02809756097560971	-0.00975609756097561	-0.0032195121951219346	2408921
2023-10-18	-0.023902485477573614	-0.002952099800019067	0.011903628225883249	-0.0421864584325303	-0.023902485477573614	2698841
2023-10-17	0.004015680275360949	0.0009561143512763582	0.01816617267425176	-0.007648914810211274	0.004015680275360949	1912082
2023-10-16	-0.012370160528800776	-0.008498583569405152	-0.004721435316336166	-0.02171860245514647	-0.012370160528800776	1934600
2023-10-13	-0.01387466244529281	-0.01294347704627992	-0.00251420057733491	-0.02598007263246118	-0.01387466244529281	2067400
2023-10-12	0.01984805318138655	0.006457739791073189	0.035137701804368496	-0.005318138651472007	0.01984805318138655	3472631
2023-10-11	-0.004914004914004877	-9.450009450000856e-05	0.004347004347004422	-0.01965601965601964	-0.004914004914004877	2500845
2023-10-10	0.008866431499666247	-0.00019067594622934522	0.014396033940318478	-0.003718180951472977	0.008866431499666247	2020027
2023-10-09	-0.00028593213877240885	-0.008768585589020222	0.0027640106747997715	-0.013057567670606219	-0.00028593213877240885	1325724
2023-09-28	0.01254584057131825	0.006851959081258384	0.019108280254776972	-0.007141478479058184	0.01254584057131825	2221541
2023-09-27	0.0006760019314341612	-0.005311443746982107	0.015065185900531167	-0.00724287783679382	0.0006760019314341612	1377936
2023-09-26	-0.013809523809523836	-0.007142857142857143	0.011428571428571456	-0.014285714285714285	-0.013809523809523836	1614226
2023-09-25	0.00047641734159120685	-0.00047641734159120685	0.008670795616960424	-0.019533111005240564	0.00047641734159120685	1964864
2023-09-22	0.013520038628681851	-0.006277160791887895	0.016706904876871116	-0.024625784645098958	0.013520038628681851	2712080
2023-09-21	0.003585966272533343	0.00019383601473149854	0.024423337856173635	0.00019383601473149854	0.003585966272533343	1565750
2023-09-20	-0.05443548387096772	-0.014479472140762447	-0.002016129032258054	-0.05810117302052789	-0.05443548387096772	3782513
2023-09-19	0.0001833180568286914	0.008065994500458385	0.01879010082493136	-0.011824014665444475	0.0001833180568286914	2419477
2023-09-18	-0.019766397124887716	-0.01994609164420484	0.00026954177897575146	-0.02425876010781674	-0.019766397124887716	2732095
2023-09-15	0.0344827586206896	-0.0038107630820707924	0.039130030671995476	-0.011711125569290874	0.0344827586206896	4654637
2023-09-14	0.012040259618098025	-0.002916000376258134	0.012604646787696391	-0.01674348603141756	0.012040259618098025	2795795
2023-09-13	-0.01655874190564285	-0.007585568917668762	-0.003145235892691852	-0.04209065679925992	-0.01655874190564285	4433360
2023-09-12	-0.00916590284142988	-0.00036663611365712233	-0.00036663611365712233	-0.025389550870760735	-0.00916590284142988	3472605
2023-09-11	-0.009532455742169871	-0.010440308669995511	0.012256014525646793	-0.030413073082160767	-0.009532455742169871	4846913
2023-09-08	0.014179173188472574	-0.014087100635300628	0.035816223183868894	-0.014363318294816336	0.014179173188472574	7586111
2023-09-07	-0.04753135139875473	0.019468560905024985	0.02017013066736821	-0.053845479259843905	-0.04753135139875473	10293026
2023-09-06	0.05897102526002966	-0.006315007429420568	0.08961738484398209	-0.007708023774145732	0.05897102526002966	15273020
2023-09-05	-0.007923346231803938	0.015293900866040138	0.05030403537866218	-0.008107610097659937	-0.007923346231803938	9542462
2023-09-04	0.03489702517162482	0.010678871090770448	0.04271548436308166	0.0011441647597254438	0.03489702517162482	5329752
2023-09-01	-0.0360294117647059	-0.007352941176470562	0.01838235294117647	-0.03658088235294121	-0.0360294117647059	4506013
2023-08-31	-9.190331770981633e-05	-0.004503262567778781	0.01277456116165794	-0.018380663541953866	-9.190331770981633e-05	5257635
2023-08-30	0.01473468245826726	0.05567471789611115	0.08682271752308124	0.002984239485218625	0.01473468245826726	7069762
2023-08-29	0.03925179298313624	-0.005330490405117381	0.04022097305679387	-0.008722620662919225	0.03925179298313624	2115376
2023-08-28	-0.007598345676637415	0.06280657882081371	0.06665384245455426	-0.013657785899778799	-0.007598345676637415	1785877
2023-08-25	-0.012161520190023764	-0.0023752969121140144	0.00570071258907358	-0.015866983372921632	-0.012161520190023764	1516613
2023-08-24	0.02164628227528639	0.0007765482430595836	0.027955736750145697	-0.009900990099009863	0.02164628227528639	2192793
2023-08-23	-0.016045845272206368	-0.000955109837631409	0.014899713467048731	-0.016236867239732597	-0.016045845272206368	2139100
2023-08-22	0.03755822019621451	0.010801704489148781	0.0442968982261421	-0.001486473094836899	0.03755822019621451	2622726
2023-08-21	0.004079601990049717	-0.000597014925373157	0.014925373134328358	-0.009950248756218905	0.004079601990049717	1095000
2023-08-18	-0.014995589532490455	0.005586592178770883	0.007546799960795806	-0.014995589532490455	-0.014995589532490455	1419505
2023-08-17	-0.0004898119122256775	-0.004212382445140993	0.018318965517241423	-0.012147335423197443	-0.0004898119122256775	1546068
2023-08-16	-0.013433845559099261	-0.0024161592732192907	0.018459456847395347	-0.016139943945104877	-0.013433845559099261	1761401
2023-08-15	-0.029544175576814907	0.0030951041080472547	0.007690864753329517	-0.0407053085725005	-0.029544175576814907	2282099
2023-08-14	0.0368569483613732	-0.012933968686181059	0.05309734513274344	-0.013420208110473553	0.0368569483613732	2704273
2023-08-11	-0.017109539285031602	0.0	0.009558401835213151	-0.017205123303383783	-0.017109539285031602	1165600
2023-08-10	0.003838034926117882	-0.0045096910381884365	0.022932258683554026	-0.006908462867012079	0.003838034926117882	1227652
2023-08-09	-0.01679245283018869	-0.0015094339622641188	0.0063207547169811485	-0.031415094339622626	-0.01679245283018869	2003439
2023-08-08	-0.02555616841331128	-0.031163816878102598	-0.005515719801434035	-0.05010112152969298	-0.02555616841331128	3014895
2023-08-07	0.016730535564071468	-0.0001869333582577439	0.027853070380409423	-0.010655201420693528	0.016730535564071468	2661139
2023-08-04	0.0003740065451144651	-0.00018700327255723255	0.01748480598410463	-0.012155212716222507	0.0003740065451144651	3269640
2023-08-03	-0.020065970313358966	-0.010445299615173178	-0.0014660069635330456	-0.022723107934762725	-0.020065970313358966	2983994
2023-08-02	0.057660626029654063	-0.01027231320864427	0.07229382692121337	-0.015893012888845825	0.057660626029654063	8079657
2023-08-01	0.00526059425231361	-0.0004870920603995262	0.01529469069654158	-0.016074037993180766	0.00526059425231361	2956952
2023-07-31	0.004108383057810835	-0.02279174410642667	0.004206201702044337	-0.043333659395480846	0.004108383057810835	4440459
2023-07-28	-0.005351235648958914	0.01673477330219886	0.02802101576182132	-0.008270091457481945	-0.005351235648958914	2127418
2023-07-27	-0.000486239424292494	-0.0036954196246231203	0.015559661577360776	-0.009919284255567403	-0.000486239424292494	1056796
2023-07-26	0.002437122246051862	-0.007603821407681821	0.018132189510625847	-0.014817703255995282	0.002437122246051862	1599048
2023-07-25	0.023854676115380783	0.011977243237848116	0.03493362611039026	-0.0025950693682003285	0.023854676115380783	2182173
2023-07-24	-0.011640524810101674	0.0	0.008681069349906239	-0.01765808424583216	-0.011640524810101674	1433015
2023-07-21	-0.01849341595662274	-0.012393493415956634	-0.0027110766847405223	-0.02042989930286599	-0.01849341595662274	1794441
2023-07-20	-0.04942475839852742	-0.0050621260929591474	0.00497008743672335	-0.05200184077312476	-0.04942475839852742	2673093
2023-07-19	0.003231763619575333	-0.0036011080332410024	0.0040627885503231554	-0.018836565096952834	0.003231763619575333	2061362
2023-07-18	-0.027391109115401862	0.0004490345756624281	0.005657835653345395	-0.02954647507858098	-0.027391109115401862	2412769
2023-07-17	-0.02495621716287223	-0.006129597197898448	0.006479859894921146	-0.02924693520140108	-0.02495621716287223	1762657
2023-07-14	-0.022845897150680257	-0.000598956105074077	0.000513390947206317	-0.026011807991785797	-0.022845897150680257	1802855
2023-07-13	0.0013709193728044795	-0.003770028275212045	0.014566018336046637	-0.02424813640647758	0.0013709193728044795	1817503
2023-07-12	0.010476190476190422	-0.004242424242424198	0.01714285714285718	-0.03376623376623381	0.010476190476190422	2342846
2023-07-11	-0.005253638790801821	0.000689001808629733	0.014813538885539565	-0.00775127034708471	-0.005253638790801821	1248473
2023-07-10	-0.004373177842565641	0.0007717372663350128	0.020065168924712648	-0.012176299091065011	-0.004373177842565641	1011657
2023-07-07	-0.018432791852537645	-0.002609207979126355	-0.002609207979126355	-0.031226327750189443	-0.018432791852537645	1441115
2023-07-06	-0.01947676817694148	-0.0055294214739622155	-0.001402987538169528	-0.022942972683007355	-0.01947676817694148	1942310
2023-07-05	0.002482005460411989	-0.006370480681724251	0.02225531562836103	-0.014892032762472172	0.002482005460411989	2388670
2023-07-04	0.0008280202036930408	8.280202036933938e-05	0.007700587894344679	-0.0228533576219259	0.0008280202036930408	2050827
2023-07-03	-0.016851188537935585	0.0004884402474764106	0.005372842722240285	-0.020840117225659413	-0.016851188537935585	2152499
2023-06-30	0.0666898228551581	-0.006512678013199028	0.06799235845779783	-0.011114970475859683	0.0666898228551581	3999678
2023-06-29	-0.008096468561584821	-0.0037898363479758634	0.021274763135228244	-0.01981050818260118	-0.008096468561584821	1767756
2023-06-28	0.013619696176008276	8.730574471792304e-05	0.028461672778068717	-0.010127466387288377	0.013619696176008276	2280452
2023-06-27	0.016236358796912542	0.0	0.026350811817939964	-0.006299352320113511	0.016236358796912542	1458575
2023-06-26	-0.027943078913324787	-0.011642949547218702	-0.0006037084950410297	-0.049417852522639104	-0.027943078913324787	2138792
2023-06-21	-0.042842991579990074	-0.008997853722965193	-0.004457652303120408	-0.046144956248968166	-0.042842991579990074	3139944
2023-06-20	-0.0014013683950210346	-0.00255543648503835	0.012282581815184197	-0.01368395021020523	-0.0014013683950210346	2468752
2023-06-19	0.004388143732406037	0.00016559032952472282	0.00993541977148537	-0.019539658883921174	0.004388143732406037	2187922
2023-06-16	0.006500000000000009	0.0	0.014916666666666719	-0.0081666666666667	0.006500000000000009	1888977
2023-06-15	-0.009083402146985916	0.0	0.010734929810074413	-0.0173410404624277	-0.009083402146985916	2686071
2023-06-14	-0.02730923694779121	-0.004016064257028112	0.0	-0.03710843373493979	-0.02730923694779121	3567514
2023-06-13	0.0008843154594420728	-0.005064715813168225	0.01503336281051535	-0.005064715813168225	0.0008843154594420728	1927165
2023-06-12	-0.014732673267326728	0.0049108910891089465	0.01718811881188109	-0.024950495049504997	-0.014732673267326728	3820205
2023-06-09	0.027759687398241587	-0.007000976880494948	0.05828720286551609	-0.019049169651579316	0.027759687398241587	6483391
2023-06-08	0.013698630136986273	0.0067667932001979954	0.022115860703086257	-0.012213236507674566	0.013698630136986273	3398764
2023-06-07	0.004559396501699506	-0.0004973887092763183	0.01873497471607399	-0.008289811821271658	0.004559396501699506	2412927
2023-06-06	-0.00756890168654876	-0.005347593582887631	0.023611682435211886	-0.01703002879473462	-0.00756890168654876	3513979
2023-06-05	0.00829531314807134	-0.00995437577768563	0.020074657818332658	-0.016922438822065466	0.00829531314807134	2995565
2023-06-02	-0.026566537467700307	-0.01065891472868223	-0.007186692506459953	-0.03997093023255816	-0.026566537467700307	3215110
2023-06-01	0.030883209855989413	-0.011487555148588992	0.03621077166403071	-0.01856322317489378	0.030883209855989413	4338445
2023-05-31	0.05377192982456137	-0.0009649122807017494	0.08771929824561403	-0.010087719298245664	0.05377192982456137	6626803
2023-05-30	0.004936530324400584	-0.012693935119887145	0.007404795486600876	-0.02485895627644564	0.004936530324400584	3221913
2023-05-29	0.04063847353453805	0.012017246124208679	0.04467480047702037	0.0006421429226675826	0.04063847353453805	4844938
2023-05-26	0.023471974462491784	-0.0005633273870998242	0.024316965543141385	-0.0005633273870998242	0.023471974462491784	2420641
2023-05-25	-0.003648269410664177	-0.0009354536950421751	0.016370439663236667	-0.02245088868101034	-0.003648269410664177	1819452
2023-05-24	0.010588012856872797	0.0005672149744753477	0.022877670637171502	-0.012100586122140301	0.010588012856872797	2255643
2023-05-23	-0.037838821175186436	-0.007458613789339578	-0.0009095870474803922	-0.037929779879934525	-0.037838821175186436	3331172
2023-05-22	-0.015844597618834447	0.005729120042968406	0.009757407573180587	-0.02211082266583116	-0.015844597618834447	2012391
2023-05-19	0.009671005061460531	0.00325379609544468	0.024313087490961657	-0.013828633405639923	0.009671005061460531	3050763
2023-05-18	-0.016795521194348177	0.001510708255576306	0.022838354216653277	-0.02177197191859951	-0.016795521194348177	3098365
2023-05-17	0.01332733003151737	-0.009455200360198084	0.027465105808194484	-0.015038271049077009	0.01332733003151737	2413098
2023-05-16	0.00954545454545452	-0.00236363636363641	0.030272727272727257	-0.013636363636363636	0.00954545454545452	3077615
2023-05-15	-0.035933391761612574	-0.018404907975460075	-0.010078878177037611	-0.05872042068361077	-0.035933391761612574	4587138
2023-05-12	-0.022698072805139236	-0.00916488222698067	0.019186295503211947	-0.023468950749464625	-0.022698072805139236	3038607
2023-05-11	0.03181617322138749	0.01626159964648687	0.05046398585947851	-0.00486080424215653	0.03181617322138749	4008250
2023-05-10	-0.02085496711664933	-0.013499480789200435	0.008393907926618196	-0.04248875043267564	-0.02085496711664933	3258696
2023-05-09	0.003822098679638618	-0.0031271716469770624	0.028926337734537858	-0.007817929117442718	0.003822098679638618	3303730
2023-05-08	0.024563901744393067	0.001245995016019941	0.03773584905660373	-0.015040939836240635	0.024563901744393067	3073613
2023-05-05	-0.021254355400696846	-0.004790940766550498	0.016898954703832732	-0.026045296167247343	-0.021254355400696846	2704051
2023-05-04	-0.011367550809507469	-0.009645194626248747	0.0015501205649327645	-0.03375818119187049	-0.011367550809507469	2993349
2023-04-28	0.03586083853702061	0.02586975914362182	0.04826048171275656	0.015165031222123131	0.03586083853702061	4744834
2023-04-27	-0.0026690391459075744	-0.00800711743772247	0.028469750889679613	-0.01690391459074738	-0.0026690391459075744	3623826
2023-04-26	-0.039480430695607506	-0.017176551016920106	0.004956417706374964	-0.06853529311228847	-0.039480430695607506	5124735
2023-04-25	0.01351117270050236	-0.0001732201628269186	0.047462324614585175	-0.015243374328771792	0.01351117270050236	5765756
2023-04-24	0.0013876843018213062	-0.002168256721595837	0.023417172593235065	-0.009713790112749266	0.0013876843018213062	4218155
2023-04-21	-0.07804253958100116	-0.0004797697105389595	0.003438349592195687	-0.0798016951863106	-0.07804253958100116	7728053
2023-04-20	0.016747967479674816	-0.0016260162601626248	0.022682926829268344	-0.010243902439024432	0.016747967479674816	5062405
2023-04-19	-0.0032414910858995596	0.0	0.028119935170178273	-0.007374392220421481	-0.0032414910858995596	5427745
2023-04-18	-0.02834645669291334	-0.010629921259842474	0.003149606299212643	-0.05370078740157475	-0.02834645669291334	5763117
2023-04-17	-0.026745344470840746	-0.007586788259636823	0.013104452448463326	-0.0336424247068742	-0.026745344470840746	5833855
2023-04-14	0.06193033854166678	0.011555989583333348	0.07405598958333329	-0.007161458333333297	0.06193033854166678	8015275
2023-04-13	-0.04950495049504955	-0.010674504950495014	0.004950495049504845	-0.05662128712871293	-0.04950495049504955	6636611
2023-04-12	-0.002161160852114859	-0.012040753318925611	0.012889780796542046	-0.0426829268292683	-0.002161160852114859	6570712
2023-04-11	0.010450787708625826	-0.0017158009670878089	0.034783965060053094	-0.009358914365933575	0.010450787708625826	6878070
2023-04-10	-0.06347235410123438	-0.013950770579212598	0.01095610254911986	-0.0687312833248119	-0.06347235410123438	9206069
2023-04-07	0.03814073400060662	0.061571125265392816	0.10244161358811034	0.01774340309372159	0.03814073400060662	11012141
2023-04-06	-0.014938751120406334	-0.02860770839557801	0.04489094711682097	-0.02972811472960853	-0.014938751120406334	9865158
2023-04-04	0.05867467974062947	-0.008777479044757232	0.1027202277399968	-0.011545152617428387	0.05867467974062947	11940346
2023-04-03	0.0254622121310412	0.008433344145313057	0.037787868958806446	-0.015893610120012926	0.0254622121310412	9243413
2023-03-31	0.0058727569331158145	0.0035073409461664506	0.02365415986949434	-0.019575856443719345	0.0058727569331158145	5919646
2023-03-30	0.003683995088006456	-0.00941465411379456	0.018583708555055225	-0.030699959066721242	0.003683995088006456	6519126
2023-03-29	0.04939862542955326	-0.0034364261168385365	0.07371134020618555	-0.007731958762886647	0.04939862542955326	9289242
2023-03-28	-0.06506024096385538	-0.03445783132530125	-0.030682730923694723	-0.07502008032128517	-0.06506024096385538	9586496
2023-03-27	0.0176557135850907	0.021742684322380225	0.07078633316985447	-0.024521824423737126	0.0176557135850907	12743519
2023-03-24	0.028326468857695256	-0.012608220559804992	0.09901655879633522	-0.01571824829789026	0.028326468857695256	13033491
2023-03-23	0.05311144551650881	-0.02629016553067185	0.06665486412321857	-0.02983092856510582	0.05311144551650881	10714525
2023-03-22	0.021890547263681608	0.0	0.03636363636363633	-0.006603346901854401	0.021890547263681608	6805111
2023-03-21	-0.03043325732327661	-0.008858095071040089	0.008156463778284571	-0.048412559200140294	-0.03043325732327661	6866800
2023-03-20	0.03335145912633671	-0.00489396411092991	0.05691499003081386	-0.009697299256842554	0.03335145912633671	8553805
2023-03-17	0.03518153672952434	0.013228257810301122	0.05704099821746879	-0.002626888075804495	0.03518153672952434	6569574
2023-03-16	-0.023543422499083852	-0.013374862587028158	0.013100036643459205	-0.02803224624404546	-0.023543422499083852	4832109
2023-03-15	-0.017461746174617442	-0.00738073807380732	0.014941494149415039	-0.022682268226822646	-0.017461746174617442	5833363
2023-03-14	0.02784716440003692	-0.010084189101674561	0.045147562216671246	-0.022388750115644385	0.02784716440003692	9391477
2023-03-13	0.01028133470417804	-0.006449200859893427	0.02439480325264043	-0.01757173567623138	0.01028133470417804	7065231
2023-03-10	0.046561674655189185	-0.01193387459649808	0.09243861880074344	-0.02005282206788611	0.046561674655189185	9791853
2023-03-09	0.0025497695400608523	0.008924193390212774	0.03216632342845936	-0.00431499460625672	0.0025497695400608523	6149624
2023-03-08	0.02875302663438251	-0.00020177562550454227	0.03914447134786113	-0.0012106537530266802	0.02875302663438251	5032447
2023-03-07	-0.042041171354015604	-0.008891466125447006	-0.0020295737895041437	-0.04242775683773075	-0.042041171354015604	4886663
2023-03-06	-0.005574243152330594	0.011052378664103852	0.01201345506967804	-0.02931283037001439	-0.005574243152330594	6381623
2023-03-03	0.08160083160083154	0.03742203742203736	0.10187110187110184	0.03513513513513509	0.08160083160083154	11505582
2023-03-02	-0.017565359477124173	0.0010212418300653014	0.010008169934640564	-0.01848447712418303	-0.017565359477124173	2999617
2023-03-01	0.017879417879417867	-0.006237006237006326	0.02058212058212062	-0.009355509355509415	0.017879417879417867	3062838
2023-02-28	0.014982063726524601	0.011289301540409297	0.01962439333192656	-0.010656256594218243	0.014982063726524601	2442109
2023-02-27	-0.027199014677204203	-0.006774094221492464	-0.0035923226932157294	-0.02904649491942946	-0.027199014677204203	2558911
2023-02-24	-0.007335710646968913	0.0	0.020376974019358125	-0.008150789607743366	-0.007335710646968913	3303216
2023-02-23	-0.017517517517517518	-0.004304304304304373	0.00430430430430423	-0.024924924924925016	-0.017517517517517518	3443553
2023-02-22	0.06028444067077061	-0.008703035448949195	0.07259605179367441	-0.011887072808320999	0.06028444067077061	7053085
2023-02-21	-0.0298599670510709	-0.0012355848434926332	0.003397858319604595	-0.03984761120263596	-0.0298599670510709	4508763
2023-02-20	0.011666666666666714	0.0	0.014062499999999941	-0.012708333333333321	0.011666666666666714	2948478
2023-02-17	-0.0323556093135772	0.0	0.010079629069650238	-0.0331619796391492	-0.0323556093135772	3925110
2023-02-16	-0.04375903614457837	0.0	0.0024096385542168677	-0.05156626506024091	-0.04375903614457837	5631688
2023-02-15	0.0028999516674721813	-0.004253262445625884	0.009859835669405471	-0.025036249395843434	0.0028999516674721813	5522587
2023-02-14	0.0388632255472987	0.009238802972484451	0.06979313115083353	0.00873669411528424	0.0388632255472987	9389833
2023-02-13	0.0038306451612902764	-0.01189516129032265	0.01028225806451609	-0.012399193548387137	0.0038306451612902764	3694710
2023-02-10	-0.005912416073754919	-0.01292714700871837	0.019641246617897522	-0.01292714700871837	-0.005912416073754919	4872821
2023-02-09	0.028868955562429237	-0.006907928652438414	0.031034127229611356	-0.018455510877409962	0.028868955562429237	5550199
2023-02-08	-0.028934721665999207	-0.008710452543051566	0.0211253504205046	-0.03524229074889864	-0.028934721665999207	4394991
2023-02-07	0.022522522522522403	0.0010237510237509654	0.038493038493038395	-0.014537264537264553	0.022522522522522403	5510253
2023-02-06	-0.018291457286432094	-0.005125628140703569	-0.0007035175879396299	-0.02512562814070352	-0.018291457286432094	3691635
2023-02-03	0.022085259373395026	-0.011813045711350709	0.042424242424242524	-0.01510015408320492	0.022085259373395026	6211644
2023-02-02	0.015119916579770475	0.002189781021897745	0.04244004171011463	-0.003545359749739347	0.015119916579770475	5935936
2023-02-01	0.03889069439930672	0.0021666125013541635	0.03997400064998372	-0.002816596251760428	0.03889069439930672	5155491
2023-01-31	-0.00901771336553949	-0.00912506709608168	0.004294149221685362	-0.017069243156199714	-0.00901771336553949	2951248
2023-01-30	0.0036633983406960825	0.0036633983406960825	0.017562762633336875	-0.00851201379161735	0.0036633983406960825	5433552
2023-01-20	0.0012946380407811474	0.0008630920271873805	0.02384291725105198	-0.0008630920271873805	0.0012946380407811474	2860656
2023-01-19	0.0221658579620643	-0.0031980591089546344	0.04201588001764433	-0.004190560211733675	0.0221658579620643	3732640
2023-01-18	-0.005156335710367514	-0.005046626439934261	0.0032912781130005173	-0.011519473395502043	-0.005156335710367514	1785391
2023-01-17	0.012777777777777841	-0.0013333333333333838	0.02066666666666666	-0.0014444444444443939	0.012777777777777841	2747222
2023-01-16	0.021566401816118113	-0.009080590238365462	0.03053348467650411	-0.009194097616344928	0.021566401816118113	3479042
2023-01-13	-0.007547594908189723	0.0025909654162442715	0.005970485524388883	-0.012729525740678106	-0.007547594908189723	1758417
2023-01-12	-0.01835674001990502	-0.00475505916178267	-0.00475505916178267	-0.03549706955656317	-0.01835674001990502	2486412
2023-01-11	0.004889432159128925	0.00011112345816207486	0.02955883987109691	0.00011112345816207486	0.004889432159128925	2676175
2023-01-10	0.0018926742373636353	0.004230683589401132	0.02081941661099983	-0.0017813404586951302	0.0018926742373636353	2544637
2023-01-09	-0.00981148715687356	0.0027560357182229082	0.0159850071656929	-0.011354867159078238	-0.00981148715687356	2694561
2023-01-06	-0.01348558999456236	-0.003480152256661309	0.0028276237085371496	-0.016856987493202795	-0.01348558999456236	2675631
2023-01-05	-0.0026033192320207713	-0.00043388653867005146	0.0031456774053585665	-0.011823408178761291	-0.0026033192320207713	2298924
2023-01-04	-0.0140106951871658	-0.00588235294117644	0.020855614973262063	-0.02245989304812828	-0.0140106951871658	2878387
2023-01-03	0.038081492172754604	0.0016653713778173164	0.04119018541134682	-0.0007771733096479758	0.038081492172754604	3266849
2022-12-30	0.001556766373846173	0.0007783831869230865	0.008228622261759088	-0.005448682308462238	0.001556766373846173	1555968
2022-12-29	0.01730769230769232	-0.0031674208144796506	0.02692307692307687	-0.004524886877828118	0.01730769230769232	2220523
2022-12-28	-0.025680590763804675	-0.008045850325140571	-0.006172159153532484	-0.02898710459605433	-0.025680590763804675	2326571
2022-12-27	0.011933972786080832	0.0012268570153914726	0.014945349096587145	-0.012045505242025412	0.011933972786080832	2490906
2022-12-26	0.020603301081388758	0.0014797951052932233	0.029937393284006943	0.0014797951052932233	0.020603301081388758	2682558
2022-12-23	-0.02280311457174651	-0.013681868743047875	0.0008898776418242301	-0.031368186874304864	-0.02280311457174651	2348282
2022-12-22	-0.016088431651526746	0.0003283353398270891	0.007661157929298332	-0.019371785049797637	-0.016088431651526746	1720891
2022-12-21	-0.02403332621234779	-0.0011749626148258858	0.0034180730613116127	-0.043473616748558076	-0.02403332621234779	3226370
2022-12-20	-0.006262604819021221	0.002016771043413777	0.010933021972189802	-0.013905105615115043	-0.006262604819021221	2407380
2022-12-19	-0.039653414882772686	-0.00886850152905189	0.008868501529052034	-0.041692150866462684	-0.039653414882772686	2926603
2022-12-16	-0.04105571847507334	-0.01466275659824047	0.000782013685239475	-0.042033235581622655	-0.04105571847507334	3627316
2022-12-15	0.014377788795240485	-0.007635101636093169	0.03470500743678731	-0.016559246405552678	0.014377788795240485	4575214
2022-12-14	0.009307445956765338	0.03773018414731781	0.05584467574059246	0.0066052842273818715	0.009307445956765338	5734560
2022-12-13	-0.00971258671952432	-0.013875123885034743	0.010901883052527197	-0.01883052527254713	-0.00971258671952432	3047946
2022-12-12	0.043109686756952356	0.0	0.06481960095110095	-0.004445363382611463	0.043109686756952356	6649434
2022-12-09	0.018961339934688688	-0.0048456757610872	0.04814073527862628	-0.007689876751290466	0.018961339934688688	6069769
2022-12-08	-0.027456203257862848	-0.0011269337158078007	0.006659153775228006	-0.03165659256223751	-0.027456203257862848	3874716
2022-12-07	-0.012744007282289927	-0.009810862749064416	-0.007889147365227077	-0.02397087084049767	-0.012744007282289927	3446643
2022-12-06	0.03669917164726853	0.0004194191045401283	0.05221767851525626	-0.004299045821537284	0.03669917164726853	6073251
2022-12-05	-0.007492975335622842	0.0	0.011343532105317966	-0.01717140181080243	-0.007492975335622842	3116788
2022-12-02	-0.0026984950700569893	0.0005189413596264803	0.015049299429164534	-0.006746237675142621	-0.0026984950700569893	3339413
2022-12-01	0.02641951635240215	0.012037924789602594	0.03675295621604334	0.007776712474698942	0.02641951635240215	4741928
2022-11-30	-0.025537215820616566	-0.003425724073497335	-0.0002076196408179801	-0.029689608636977054	-0.025537215820616566	3304551
2022-11-29	0.019688790092092723	0.0016936593627606287	0.02212342542606122	-0.004763416957764399	0.019688790092092723	3326755
2022-11-28	-0.00042323563644065446	-0.01692942545762362	0.005290445455507354	-0.021267590731139614	-0.00042323563644065446	2348584
2022-11-25	0.000741211351122484	-0.0014824227022448176	0.01831850910631093	-0.013235916984328674	0.000741211351122484	2783608
2022-11-24	-0.021752641392169137	0.0006215040397761349	0.0026931841723636927	-0.026206753677232245	-0.021752641392169137	3078754
2022-11-23	0.008566652737150099	-0.00752193898871708	0.008984538236523187	-0.043355620559966626	0.008566652737150099	4674246
2022-11-22	-0.0025010421008753118	-0.008857857440600192	0.01385994164235111	-0.018549395581492153	-0.0025010421008753118	3112660
2022-11-21	-0.021016119159355258	-0.020608039175678394	0.0044888798204447845	-0.04509283819628649	-0.021016119159355258	5317870
2022-11-18	-0.030081139916881123	-0.010983574114387487	0.0011874134177716658	-0.03225806451612908	-0.030081139916881123	4779931
2022-11-17	0.018749999999999992	-0.0018145161290323269	0.020463709677419367	-0.014112903225806508	0.018749999999999992	4196085
2022-11-16	-0.04642891473613379	-0.00028837835239835756	0.0074017110448908584	-0.04787080649812558	-0.04642891473613379	5606145
2022-11-15	0.03533041401273882	0.001293789808917152	0.04538216560509556	-0.0019904458598726396	0.03533041401273882	6144537
2022-11-14	-0.005640771895101367	-0.012370113805047007	0.011677387431964443	-0.020286986640277064	-0.005640771895101367	3771216
2022-11-11	0.0035753302214718385	0.029496474327142704	0.04379779521303006	0.0031780713079750463	0.0035753302214718385	5647852
2022-11-10	-0.028088803088803058	0.0	0.019787644787644897	-0.03281853281853274	-0.028088803088803058	5239189
2022-11-09	-0.03313112459169399	-0.003266448903406519	-0.0007466168922073029	-0.03695753616425579	-0.03313112459169399	5334107
2022-11-08	0.008945386064030158	0.000188323917137439	0.01666666666666663	-0.011299435028248614	0.008945386064030158	4380252
2022-11-07	-0.015572858731924292	-0.002317389692250649	0.017890248424175074	-0.022061549870226137	-0.015572858731924292	4551355
2022-11-04	-0.004521546553474293	-0.00433699363292423	0.00286057026852452	-0.02989757312909485	-0.004521546553474293	6097443
2022-11-03	0.026911778641144732	-0.019804794845067784	0.035345399412489376	-0.02368994598692315	0.026911778641144732	8327657
2022-11-02	-0.07608124671686217	-0.0030642619506215576	0.015408860094554415	-0.08063386447207138	-0.07608124671686217	11451578
2022-11-01	0.003867111970469307	-0.007031112673580569	0.008613113025136263	-0.031640007031112624	0.003867111970469307	7417083
2022-10-31	0.052738712065136965	-0.009992598075499614	0.07161361954108063	-0.01165803108808295	0.052738712065136965	10049485
2022-10-28	0.013693490902269683	-0.01603826674169957	0.05402363534046136	-0.01613205777527667	0.013693490902269683	10051095
2022-10-27	-0.0041098449467588056	-0.009060339996263767	0.027461236689706684	-0.02054922473379416	-0.0041098449467588056	9600165
2022-10-26	0.04786140745815798	0.001468141333072247	0.05481060976803361	-0.02456689830674371	0.04786140745815798	10313032
2022-10-25	0.0025512707290747242	-0.0069669316063192405	0.03611029339613391	-0.01844764988715529	0.0025512707290747242	6809185
2022-10-24	-0.0102942604642129	-0.009420219481402339	0.029426046421287766	-0.01320773040691463	-0.0102942604642129	7667249
2022-10-21	-0.014641148325358863	-0.02000000000000003	-0.006698564593301462	-0.041244019138756	-0.014641148325358863	6924531
2022-10-20	0.06091370558375635	-0.013096446700507677	0.09573604060913712	-0.015228426395939087	0.06091370558375635	11708800
2022-10-19	-0.015	-0.01	0.014000000000000058	-0.023700000000000044	-0.015	5005407
2022-10-18	-0.028937657797630644	0.009904835890464129	0.013206447853952218	-0.03563798795882697	-0.028937657797630644	6335577
2022-10-17	0.03915237134207881	-0.01311806256306758	0.043895055499495544	-0.01866801210898077	0.03915237134207881	8504440
2022-10-14	-0.0009073495312027766	-0.00040326645831224964	0.013005343280572701	-0.024095170884161715	-0.0009073495312027766	8271790
2022-10-13	0.023210233133897258	-0.00969671962038372	0.03930266144006604	-0.017227150814937094	0.023210233133897258	10060443
2022-10-12	0.057719585379159756	-0.008401527550463831	0.058156028368794306	-0.03000545553737043	0.057719585379159756	9825645
2022-10-11	0.029543922713996966	0.0	0.039092338800269646	-0.025275219051898452	0.029543922713996966	7299808
2022-10-10	-0.014174972314507211	-0.0034330011074197374	0.02547065337763009	-0.029235880398671102	-0.014174972314507211	6626744
2022-09-30	-0.08649468892260999	0.00354071825998997	0.010419828022255955	-0.08942842690945867	-0.08649468892260999	9581339
2022-09-29	-0.01983143282102132	0.01289043133366397	0.019633118492811148	-0.02776400594942982	-0.01983143282102132	7690500
2022-09-28	-0.011758941695247455	9.79911807937787e-05	0.01812836844683987	-0.03057324840764322	-0.011758941695247455	8826143
2022-09-27	0.03984104340737718	-0.0014265335235378088	0.04921540656205419	-0.0018341145302629592	0.03984104340737718	9332528
2022-09-26	-0.03148129872693178	-0.017566367314714313	0.006315997236751214	-0.03177736109740451	-0.03148129872693178	7544089
2022-09-23	-0.030427710266960162	-0.0068892928906324645	0.009281408477657628	-0.030714764137403195	-0.030427710266960162	7243930
2022-09-22	0.030873939633063816	0.0011836654172421046	0.05346222134543304	-0.00631288222529099	0.030873939633063816	9636782
2022-09-21	-0.04466641537881652	-0.01997738409347912	-0.004805880135695487	-0.06596306068601583	-0.04466641537881652	10139363
2022-09-20	0.007787274453941191	-0.0028490028490028223	0.021462488129154845	-0.022981956315289664	0.007787274453941191	9490940
2022-09-19	-0.08744258601265277	-0.003986480630903837	0.02157899298032754	-0.08848253748158413	-0.08744258601265277	14379341
2022-09-16	0.037959881262930636	-0.01250337321219754	0.06503553116848074	-0.019519654583070988	0.037959881262930636	15890477
2022-09-15	0.011187920684009495	-0.011278879388757457	0.011187920684009495	-0.02683281790067312	0.011187920684009495	11980414
2022-09-14	0.054782692123189036	-0.016597908471649273	0.06783075889858958	-0.017557325146311024	0.054782692123189036	12985400
2022-09-13	-0.02131455399061029	-0.004694835680751174	0.05708920187793426	-0.025258215962441294	-0.02131455399061029	12794124
2022-09-09	0.04207436399217218	0.012720156555772966	0.05185909980430525	-0.006849315068493178	0.04207436399217218	11090923
2022-09-08	-0.021447721179624617	-0.023362696284948276	-0.001340482573726547	-0.0328418230563002	-0.021447721179624617	9496029
2022-09-07	0.08973288814691145	0.02253756260434053	0.11080968280467435	0.02191151919866438	0.08973288814691145	17519298
2022-09-06	0.0009399477806788868	-0.0006266318537859246	0.01618798955613574	-0.020365535248041806	0.0009399477806788868	7074466
2022-09-05	-0.026930894308943146	-0.018902439024390236	-0.001321138211382212	-0.05894308943089442	-0.026930894308943146	9806985
2022-09-02	0.03361344537815129	-0.0021008403361344836	0.044957983193277325	-0.011554621848739585	0.03361344537815129	10554714
2022-09-01	-0.028769638849214376	0.009997959600081657	0.04947969802081217	-0.03101407875943677	-0.028769638849214376	11240595
2022-08-31	0.030596151824203516	-0.0009462727368310736	0.05456839449058982	-0.0010514141520344266	0.030596151824203516	13304306
2022-08-30	-0.01745867768595039	0.0	0.029855371900826454	-0.020247933884297457	-0.01745867768595039	7677394
2022-08-29	0.02934921310080807	-0.02169289663972784	0.05274351339855374	-0.024883028498511307	0.02934921310080807	9985449
2022-08-26	-0.03598154792414138	0.0058431573552025365	0.016094310609943693	-0.03762173244490007	-0.03598154792414138	11959596
2022-08-25	-0.12204122041220414	0.005310053100531036	0.006210062100620986	-0.13005130051300515	-0.12204122041220414	18210174
2022-08-24	0.004520386945122502	0.002260193472561251	0.044028568845493214	-0.004610794684024999	0.004520386945122502	14232007
2022-08-23	0.01579575718615115	0.005234640462852358	0.046377077784920534	-0.010928459913674329	0.01579575718615115	11400704
2022-08-22	-0.037989221662691024	-0.03701740436434312	0.005212474600229732	-0.05124127573107162	-0.037989221662691024	13476494
2022-08-19	-0.0723651860350762	-0.015899032945418765	0.024340272086543182	-0.08031470250778559	-0.0723651860350762	19922648
2022-08-18	0.042460486971379746	-0.015548910721913655	0.08287056813327641	-0.015548910721913655	0.042460486971379746	20334929
2022-08-17	-0.06374980003199487	-0.00815869460886255	-0.0001599744040953129	-0.06414973604223322	-0.06374980003199487	18883257
2022-08-16	0.026436781609195395	-0.047619047619047596	0.03801313628899844	-0.05845648604269286	0.026436781609195395	20921256
2022-08-15	0.06032906764168183	0.05336467310873157	0.16218333768607987	0.0446591799425437	0.06032906764168183	28002389
2022-08-12	-0.04195162635529609	-0.02243536280233538	0.015763135946622188	-0.06872393661384495	-0.04195162635529609	20540665
2022-08-11	-0.025599349857781322	-0.006095083299471759	0.0401462819991873	-0.03941487200325067	-0.025599349857781322	21672664
2022-08-10	-0.05331589475303888	-0.03831358670564695	0.03400523157408845	-0.05346976457916594	-0.05331589475303888	24812076
2022-08-09	-0.05811594202898558	-0.07239130434782615	-0.03789855072463761	-0.10144927536231885	-0.05811594202898558	26607815
2022-08-08	0.09523809523809523	0.11119047619047612	0.1585714285714285	-0.07134920634920631	0.09523809523809523	31166580
2022-08-05	0.2	0.012285714285714346	0.2	0.010476190476190422	0.2	14250143
2022-08-04	0.14105629211041082	0.010649858726363877	0.177787437513584	0.009563138448163548	0.14105629211041082	23401536
2022-08-03	0.1545796737766624	-0.00953575909661236	0.2604767879548305	-0.026223337515683856	0.1545796737766624	29398936
2022-08-02	0.048546243915274276	-0.02657545059860558	0.053940271016971374	-0.04749375082226022	0.048546243915274276	25538052
