2024-12-31	-0.07677293428757309	-0.014964216005204835	-0.0061158100195185285	-0.09433962264150944	-0.07677293428757309	24092073
2024-12-30	0.054039226443560524	0.0015087093677136117	0.06981209710602117	0.0015087093677136117	0.054039226443560524	20677579
2024-12-27	-0.03952048478461336	-0.0001317349492819247	0.009748386246871415	-0.05177183506784341	-0.03952048478461336	20603352
2024-12-26	0.0999855093464714	-0.028981307056948267	0.0999855093464714	-0.028981307056948267	0.0999855093464714	26603224
2024-12-25	0.07710316840955225	-0.001092555017949012	0.10004682378648372	-0.006555330107694626	0.07710316840955225	25626611
2024-12-24	0.010567823343848495	0.017981072555205167	0.02902208201892739	-0.004731861198738125	0.010567823343848495	6627218
2024-12-23	-0.022811344019728685	0.017262638717632624	0.05579531442663386	-0.023890258939580723	-0.022811344019728685	9515353
2024-12-20	0.030004762660739696	0.01079536434354659	0.04778536275599298	0.00984283219558656	0.030004762660739696	13347021
2024-12-19	0.02239896120759621	-0.011524103229995145	0.03262457393280308	-0.012984905047881792	0.02239896120759621	7518128
2024-12-18	0.018178813419269566	0.006445215666831938	0.024293505205751097	-0.008263097008758883	0.018178813419269566	5575146
2024-12-17	-0.023559786993706647	-0.000806842020332373	0.022752944973374274	-0.02710989188316927	-0.023559786993706647	5763837
2024-12-16	-0.007368252442735878	0.0	0.01681883709754921	-0.014896684286400765	-0.007368252442735878	7138102
2024-12-13	0.0045052292839903646	-0.010458567980691853	0.03781174577634757	-0.011263073209975797	0.0045052292839903646	14846011
2024-12-12	0.004201001777346874	0.0017773469058006048	0.014703506220714115	-0.012279851349167847	0.004201001777346874	6778984
2024-12-11	-0.022429316063813008	-0.0048965408308324476	0.0018954351603221835	-0.037592797346390816	-0.022429316063813008	8322778
2024-12-10	-0.008457321848081427	0.02505873140172281	0.03743148003132331	-0.008613938919342276	-0.008457321848081427	7619641
2024-12-09	-0.0007824726134584845	-0.0026604068857590253	0.007511737089201829	-0.012363067292644744	-0.0007824726134584845	4219328
2024-12-06	0.01107594936708854	-0.003164556962025361	0.02515822784810132	-0.004746835443038042	0.01107594936708854	6219819
2024-12-05	0.005888906573293085	-0.00366067165366858	0.01862167754257523	-0.007003024033105169	0.005888906573293085	5291089
2024-12-04	-0.008521382357582439	0.0020514439008995195	0.008205775603597967	-0.017358371469149352	-0.008521382357582439	4519177
2024-12-03	-0.038391502276176145	-0.009104704097116972	0.0015174506828527208	-0.04081942336874059	-0.038391502276176145	7538936
2024-12-02	0.053557154276578874	0.0065547561950440245	0.06634692246203047	0.005595523581135115	0.053557154276578874	12955598
2024-11-29	0.0072463768115941345	-0.0008051529790660912	0.021256038647343	-0.012399355877616798	0.0072463768115941345	6728922
2024-11-28	0.006972596075887785	0.00016215339711363728	0.021079941624776992	-0.00908059023836553	0.006972596075887785	7997620
2024-11-27	0.037691401648998854	-0.004038364462392765	0.03853272757866396	-0.028268551236749113	0.037691401648998854	9469525
2024-11-26	-0.020761245674740452	-0.003295435821387308	-0.003295435821387308	-0.03344867358708191	-0.020761245674740452	7095838
2024-11-25	-0.018120045300113324	-0.006956803106293475	0.014398964568840001	-0.05355120530658473	-0.018120045300113324	15081592
2024-11-22	0.04887154250806045	0.013066349906668983	0.09282199219412873	0.005430171389784495	0.04887154250806045	18004674
2024-11-21	-0.01734200433550107	-0.0028347507086877058	0.0026680006670002283	-0.02467900616975149	-0.01734200433550107	6500069
2024-11-20	-0.0034895314057826663	-0.007643735460285824	0.006480558325024935	-0.011964107676969074	-0.0034895314057826663	6000201
2024-11-19	0.0033344448149383605	-0.005001667222407422	0.019339779926642278	-0.029676558852950886	0.0033344448149383605	9364911
2024-11-18	-0.060463659147869775	-0.010025062656641612	-0.0014097744360902788	-0.07268170426065164	-0.060463659147869775	12034470
2024-11-15	0.029677419354838766	-0.0016129032258064746	0.06693548387096783	-0.018064516129032218	0.029677419354838766	16779327
2024-11-14	-0.04128653162208136	0.0	0.015153858048554259	-0.042523581258698005	-0.04128653162208136	12375521
2024-11-13	0.021965865992414672	-0.009797724399494383	0.03603034134007587	-0.012326169405815442	0.021965865992414672	18542734
2024-11-12	0.04164609053497944	0.006419753086419762	0.06765432098765431	-0.00032921810699593624	0.04164609053497944	23244656
2024-11-11	0.015376901220123713	0.011198395453785755	0.035935149590506414	-0.0025071034598027507	0.015376901220123713	17875483
2024-11-08	0.031729608553198764	0.025004311088118566	0.07880669080876013	0.02052077944473181	0.031729608553198764	22843729
2024-11-07	0.039992826398852294	0.0021520803443329365	0.0414275466284075	0.0021520803443329365	0.039992826398852294	12379169
2024-11-06	-0.020895522388059785	0.005267778753292311	0.005267778753292311	-0.02563652326602284	-0.020895522388059785	5746854
2024-11-05	0.009751773049645467	0.004255319148936206	0.012765957446808491	-0.007092198581560258	0.009751773049645467	7076044
2024-11-04	0.02713531232926611	0.009652158076853054	0.0358768894554727	0.00036423238025866194	0.02713531232926611	3732550
2024-11-01	-0.02033898305084747	-0.001962533452274745	0.005352363960749408	-0.020517395182872412	-0.02033898305084747	4027220
2024-10-31	-0.007964601769911555	-0.009734513274336233	0.0010619469026549074	-0.023008849557522075	-0.007964601769911555	5686371
2024-10-30	-0.02417962003454229	-0.011053540587219354	-0.01036269430051816	-0.04835924006908458	-0.02417962003454229	8545107
2024-10-29	-0.0008628127696290641	0.0008628127696289414	0.003968938740293302	-0.03347713546160491	-0.0008628127696290641	10478057
2024-10-28	-0.010416666666666657	0.0	0.0011953551912568354	-0.021345628415300546	-0.010416666666666657	3636811
2024-10-25	-0.0057724957555177646	0.0033955857385399467	0.0033955857385399467	-0.014940577249575475	-0.0057724957555177646	4150608
2024-10-24	-0.0013563919972871873	-0.011868429976263068	0.0052560189894880005	-0.020854526958290893	-0.0013563919972871873	3689158
2024-10-23	0.014273430782459129	-0.004299226139294927	0.01478933791917454	-0.0189165950128977	0.014273430782459129	5636846
2024-10-22	-0.03083333333333336	-0.010000000000000024	-0.010000000000000024	-0.03533333333333329	-0.03083333333333336	6258483
2024-10-21	0.043478260869565216	-0.0060869565217391555	0.04521739130434785	-0.006434782608695608	0.043478260869565216	11051717
2024-10-18	0.026785714285714284	-0.008928571428571428	0.045000000000000054	-0.016071428571428546	0.026785714285714284	9229919
2024-10-17	-0.0044444444444444444	-0.0012444444444444495	0.01031111111111108	-0.01706666666666668	-0.0044444444444444444	4502829
2024-10-16	0.03686635944700461	-0.022857142857142895	0.04368663594470042	-0.02304147465437788	0.03686635944700461	8686919
2024-10-15	-0.0485794458084883	-0.010171869519466949	0.004033672395650594	-0.0485794458084883	-0.0485794458084883	7079833
2024-10-14	0.0405109489051096	-0.0003649635036495624	0.04689781021897811	-0.016423357664233553	0.0405109489051096	10502731
2024-10-11	0.004030780505679715	-0.007878343715646751	0.016855991205569836	-0.031146940271161522	0.004030780505679715	9298114
2024-10-10	0.007382798080472473	0.0	0.04891103728313028	-0.02454780361757103	0.007382798080472473	11904306
2024-10-09	-0.10000000000000005	-0.00830564784053156	-0.00830564784053156	-0.10000000000000005	-0.10000000000000005	13126165
2024-10-08	0.08001435235019735	0.09992823824901327	0.09992823824901327	0.007893792608539608	0.08001435235019735	11509069
2024-09-30	0.10005920663114269	0.03276100256562062	0.10005920663114269	0.03197158081705146	0.10005920663114269	7901250
2024-09-27	0.04711717296962185	0.00640628228972933	0.050630295515602455	0.006199628022318602	0.04711717296962185	3873880
2024-09-26	0.019165964616680787	0.00884582982308344	0.021482729570345475	-0.018323504633529854	0.019165964616680787	5626006
2024-09-25	0.027928122970339885	0.011041350941762397	0.04091794760770731	0.004546438623078607	0.027928122970339885	6893533
2024-09-24	0.011607533946561568	0.00021901007446353737	0.011826544021025105	-0.043802014892685065	0.011607533946561568	6174340
2024-09-23	0.003295978905734972	0.008130081300813108	0.02724675895407607	-0.0107668644254009	0.003295978905734972	4204614
2024-09-20	-0.0017547707830665802	0.0004386926957665282	0.018863785917964452	-0.016889668787014762	-0.0017547707830665802	2572812
2024-09-19	-0.011062906724511887	0.003036876355748385	0.003036876355748385	-0.01757049891540135	-0.011062906724511887	2552037
2024-09-18	-0.014536126549807604	-0.0006412997007268306	-0.0006412997007268306	-0.04980761008978192	-0.014536126549807604	3773912
2024-09-13	0.017177647314633598	-0.005435964340073929	0.029571646010002162	-0.006088280060882825	0.017177647314633598	4114524
2024-09-12	-0.0032509752925877454	0.0008669267446900552	0.020156046814044207	-0.004768097095795381	-0.0032509752925877454	3801220
2024-09-11	0.003479773814702125	0.0	0.010656807307525055	-0.023923444976076434	0.003479773814702125	4503049
2024-09-10	0.05628302320238906	-0.004364805881001556	0.06271536871123355	-0.008499885136687447	0.05628302320238906	5641455
2024-09-09	0.006706753006475465	-0.00925069380203512	0.021045328399629894	-0.00925069380203512	0.006706753006475465	2397688
2024-09-06	-0.01927874801542303	0.0015876616012699745	0.004309367203447442	-0.020866409616693164	-0.01927874801542303	2064440
2024-09-05	0.0015901862789641135	-0.001363016810540715	0.013857337573830064	-0.00726942298955021	0.0015901862789641135	2497890
2024-09-04	-0.02889918376351192	-0.011912640635340815	-0.0011030222810500146	-0.04742995808515329	-0.02889918376351192	4003356
2024-09-03	-0.00022055580061766905	-0.007278341420379475	0.014777238641376148	-0.007498897220996987	-0.00022055580061766905	2670109
2024-09-02	-0.022844827586206793	0.0	0.014870689655172518	-0.02349137931034475	-0.022844827586206793	3681541
2024-08-30	0.038728453100514815	-0.001119319453772202	0.04365345869711206	-0.0024625027982986217	0.038728453100514815	6175948
2024-08-29	-0.0002238137869292303	-0.005147717099373251	0.0058191584601611016	-0.017233661593554234	-0.0002238137869292303	3374526
2024-08-28	-0.004234455092489363	-0.0015600624024961062	0.020280811232449382	-0.006017383552484868	-0.004234455092489363	3641990
2024-08-27	0.0011155734047299678	-0.002454261490406056	0.02811244979919674	-0.010486390004462269	0.0011155734047299678	4410510
2024-08-26	0.008777852802160716	-0.008777852802160716	0.026333558406482147	-0.009678145397254102	0.008777852802160716	3434291
2024-08-23	0.00702629193109706	-0.007026291931096899	0.012466001813236725	-0.011786038077969085	0.00702629193109706	2063060
2024-08-22	-0.009429726088908885	-0.002245172878311662	-0.0006735518634935145	-0.018410417602155373	-0.009429726088908885	1615832
2024-08-21	0.008833522083805223	-0.007248018120045307	0.010872027180068041	-0.010192525481313608	0.008833522083805223	2286120
2024-08-20	-0.016922734357604056	-0.00022266755733685173	-0.00022266755733685173	-0.02159875306167889	-0.016922734357604056	2049903
2024-08-19	0.006048387096774104	-0.0008960573476702318	0.014560931899641544	-0.008512544802867441	0.006048387096774104	2532686
2024-08-16	-0.006896551724137981	-0.0022246941045606546	0.018909899888765166	-0.016240266963292636	-0.006896551724137981	3836546
2024-08-15	-0.03229278794402583	-0.001722282023681494	0.002798708288482141	-0.04305705059203444	-0.03229278794402583	4682540
2024-08-14	-0.011070896316797871	-0.0014903129657228079	0.00042580370449229565	-0.020651479667873087	-0.011070896316797871	2111660
2024-08-13	-0.001700318809776797	-0.00021253985122206186	0.016153028692880024	-0.009989373007438872	-0.001700318809776797	1900310
2024-08-12	-0.008638853771597212	0.0	0.00969237252423095	-0.013906447534766197	-0.008638853771597212	1540789
2024-08-09	-0.00273166631645309	0.007984870771170318	0.017860895146038964	-0.008825383483925229	-0.00273166631645309	3272110
2024-08-08	-0.04052419354838706	-0.004032258064516186	-0.004032258064516186	-0.06491935483870966	-0.04052419354838706	5133862
2024-08-07	0.012451520718513971	-0.0028577260665442043	0.025107164727495343	-0.00653194529495816	0.012451520718513971	1726561
2024-08-06	0.023182957393483698	0.015037593984962381	0.02422723475355047	-0.004803675856307518	0.023182957393483698	1543711
2024-08-05	-0.01724137931034475	-0.01354679802955658	0.0034893267651888694	-0.021346469622331676	-0.01724137931034475	1516790
2024-08-02	-0.020900321543408342	-0.009043408360128532	-0.005426045016077091	-0.022909967845659178	-0.020900321543408342	1238649
2024-08-01	-0.00915969733174036	0.006770211071286408	0.01194743130227004	-0.010752688172042994	-0.00915969733174036	1252320
2024-07-31	0.03078817733990148	0.0006157635467980529	0.035098522167487704	-0.01354679802955658	0.03078817733990148	1693236
2024-07-30	-0.021686746987951776	-0.0058232931726907465	-0.0032128514056224216	-0.02530120481927707	-0.021686746987951776	1209382
2024-07-29	-0.005988023952095893	-0.0019960079840319646	0.006986027944111805	-0.011776447105788491	-0.005988023952095893	1117937
2024-07-26	0.009673518742442645	0.0	0.01571946795646919	-0.006852075775896742	0.009673518742442645	1457625
2024-07-25	-0.04595270140357625	-0.011920784464526005	-0.006921745818111891	-0.05248990578734853	-0.04595270140357625	2713835
2024-07-24	-0.0059250764525994315	0.008983180428134535	0.01414373088685019	-0.0068807339449541175	-0.0059250764525994315	1379503
2024-07-23	-0.03164908384230984	-0.003146400148065921	-0.0005552470849528251	-0.03275957801221549	-0.03164908384230984	1767359
2024-07-22	0.0024118738404453163	0.0018552875695733103	0.016326530612244945	-0.00927643784786642	0.0024118738404453163	1694013
2024-07-19	0.005597014925373081	-0.00018656716417906735	0.013992537313432836	-0.013059701492537367	0.005597014925373081	1756458
2024-07-18	-0.017775334432838536	-0.010445299615173178	-0.007513285688107086	-0.04984423676012459	-0.017775334432838536	2788720
2024-07-17	-0.029866666666666663	-0.0044444444444444444	-0.0008888888888888384	-0.0307555555555555	-0.029866666666666663	1908774
2024-07-16	0.0124190064794816	-0.00269978401727872	0.016558675305975424	-0.008999280057595392	0.0124190064794816	2688084
2024-07-15	-0.04928131416837775	-0.0075290896646132395	-0.0068446269678302295	-0.05167693360711834	-0.04928131416837775	3024837
2024-07-12	0.004296270836913559	0.0	0.009451795841209903	-0.021996906684997444	0.004296270836913559	2457016
2024-07-11	0.040221666070790134	0.010010725777618919	0.0525563103324992	0.0010725777618877776	0.040221666070790134	3934116
2024-07-10	-0.0023185304084180946	-0.0064205457463884326	0.01123595505617982	-0.009274121633672252	-0.0023185304084180946	1857858
2024-07-09	0.06942590120160215	0.0	0.07057028418844179	-0.0009536524890329422	0.06942590120160215	3486788
2024-07-08	-0.018716077110237695	-0.003930376193149932	0.0054276623619689155	-0.02433090024330895	-0.018716077110237695	1959725
2024-07-05	-0.010738752082947571	-0.009257544899092762	-0.000740603591927405	-0.025921125717459706	-0.010738752082947571	1677888
2024-07-04	-0.008262945280940192	-0.0020198310686742457	0.01670951156812333	-0.014873301505692292	-0.008262945280940192	1745720
2024-07-03	0.004797047970479668	-0.0012915129151291566	0.019372693726937215	-0.009594095940959467	0.004797047970479668	2255318
2024-07-02	-0.009683902795541642	0.010049333089713215	0.01041476338388453	-0.017540654120226453	-0.009683902795541642	1854714
2024-07-01	-0.009053050878145936	-0.006518196632265064	-0.0043454644215099565	-0.0385659967409016	-0.009053050878145936	2520470
2024-06-28	0.007479022254651525	-0.007114191900766154	0.02407880335643926	-0.01149215614739151	0.007479022254651525	2643861
2024-06-27	0.004029304029304008	-0.00952380952380958	0.039743589743589776	-0.011721611721611732	0.004029304029304008	4123405
2024-06-26	0.02631578947368418	-0.0003759398496241189	0.03139097744360892	-0.014661654135338367	0.02631578947368418	3281354
2024-06-25	-0.031141868512110614	0.004735020943361958	0.006374066654525614	-0.03660535421598977	-0.031141868512110614	2565841
2024-06-24	-0.037848256527072084	-0.009812510951463155	0.005957595934816827	-0.037848256527072084	-0.037848256527072084	2690586
2024-06-21	-0.0020982689281342447	-0.005595383808358109	0.005245672320335798	-0.02587865011365618	-0.0020982689281342447	3101432
2024-06-20	-0.027380952380952374	-0.0034013605442176145	0.006292517006802799	-0.028231292517006745	-0.027380952380952374	2555258
2024-06-19	-0.01391916820392429	-0.003857118899882676	0.00402481972161655	-0.025993627368774176	-0.01391916820392429	3025959
2024-06-18	0.020013684570646624	-0.004789599726308606	0.02052685596989387	-0.007013342456380494	0.020013684570646624	3962031
2024-06-17	0.01758050478677107	0.0026109660574412286	0.03690165361183633	0.0026109660574412286	0.01758050478677107	4866918
2024-06-14	-0.03396670590213546	-0.00016815200941647907	0.016815200941651252	-0.03396670590213546	-0.03396670590213546	7359199
2024-06-13	0.008307900983384232	0.00016954899966098875	0.05069515089860974	-0.0084774499830451	0.008307900983384232	5336954
2024-06-12	0.004770017035775026	0.0023850085178875736	0.038500851788756354	-0.0023850085178875736	0.004770017035775026	4913626
2024-06-11	-0.2841463414634146	-0.2934146341463415	-0.28219512195121954	-0.3115853658536585	-0.2841463414634146	3221124
2024-06-07	-0.02531796029953638	0.0	0.002971591584452633	-0.0383929632711279	-0.02531796029953638	2790309
2024-06-06	0.023230357577231776	0.0021892483580638143	0.04439309170518129	0.0021892483580638143	0.023230357577231776	3988508
2024-06-05	0.0020719073735527326	-0.0009750152346130201	0.011212675198049991	-0.005484460694698389	0.0020719073735527326	2109354
2024-06-04	-0.02541869580710299	-0.0008314526665873997	0.009383537237201643	-0.0393158332343509	-0.02541869580710299	3779597
2024-06-03	-0.01647196261682239	0.0011682242990655202	0.011682242990654207	-0.02453271028037377	-0.01647196261682239	4204981
2024-05-31	0.04148923226669907	0.018858741939408653	0.05852293466358441	-0.009855213529626504	0.04148923226669907	5919594
2024-05-30	0.027374999999999972	-0.00625	0.04375	-0.021374999999999922	0.027374999999999972	4705517
2024-05-29	0.050834099566530996	-0.000919479837120625	0.06528306843557072	-0.008932089846315416	0.050834099566530996	3942264
2024-05-28	-0.014370792335577415	0.00012946659761788084	0.004660797514241318	-0.017348524080787017	-0.014370792335577415	1451961
2024-05-27	0.029866666666666597	-0.0026666666666667047	0.03	-0.010666666666666628	0.029866666666666597	2325391
2024-05-24	-0.041900868676545744	-0.009964230965763939	0.010219724067450142	-0.044200306591722124	-0.041900868676545744	2776758
2024-05-23	0.018210197710718076	0.00039021852237254345	0.03655046826222688	0.00026014568158181885	0.018210197710718076	3922860
2024-05-22	0.022204494083233637	-0.005584363781411881	0.026193325355670965	-0.006116207951070254	0.022204494083233637	3272156
2024-05-21	0.0373793103448275	-0.002068965517241458	0.052689655172413696	-0.002068965517241458	0.0373793103448275	3659490
2024-05-20	0.017686692869174694	0.0009825940482875827	0.022599663110612008	-0.003509264458169568	0.017686692869174694	1695328
2024-05-17	0.00042128914478305207	-0.006881056031456185	0.002387305153770562	-0.009549220615082048	0.00042128914478305207	627133
2024-05-16	0.0045140358301593055	0.006488926505854052	0.016363379884327782	-0.005642544787699332	0.0045140358301593055	973909
2024-05-15	-0.0061685125473152636	-0.007430253750175258	0.009252768820972895	-0.008832188420019564	-0.0061685125473152636	857863
2024-05-14	0.02060380598082698	0.0	0.026470167405923513	0.0	0.02060380598082698	1293825
2024-05-13	-0.0267372232279627	-0.01044422782342292	-0.007519844032864591	-0.029383094276563142	-0.0267372232279627	1819644
2024-05-10	-0.02538002171552666	-0.004750271444082634	-0.000542888165038087	-0.03637350705754624	-0.02538002171552666	1828539
2024-05-09	0.009315068493150778	-0.0027397260273972993	0.012191780821917816	-0.0027397260273972993	0.009315068493150778	1270928
2024-05-08	-0.00936355000678515	0.0018998507260143923	0.01628443479440905	-0.01004206812321882	-0.00936355000678515	2095236
2024-05-07	0.0004072766766223342	0.0029866956285636557	0.008009774640238982	-0.007602497963616648	0.0004072766766223342	1600561
2024-05-06	0.015019980708281708	0.011850626980846268	0.027284001653575914	0.008543475265261192	0.015019980708281708	1919157
2024-04-30	-0.0024742268041238052	-0.003986254295532732	0.006735395189003366	-0.012096219931271416	-0.0024742268041238052	1530219
2024-04-29	0.013513513513513497	0.011145165784341002	0.023683477291724753	0.0004179437169128049	0.013513513513513497	2107584
2024-04-26	0.060265878877400265	0.003840472673559688	0.07134416543574591	0.003840472673559688	0.060265878877400265	4037701
2024-04-25	-0.022523823274617414	0.021801905861969256	0.021801905861969256	-0.027144094715564678	-0.022523823274617414	2476582
2024-04-24	0.037447573397243854	0.0020970641102456646	0.044188136608747576	-0.0004493708807669433	0.037447573397243854	2021538
2024-04-23	-0.019676945668134938	0.00822320117474306	0.00822320117474306	-0.027312775330396468	-0.019676945668134938	1430670
2024-04-22	0.0016178849830857398	0.0	0.014708045300779527	-0.030004412413590118	0.0016178849830857398	1679162
2024-04-19	-0.04158443755286161	-0.0005638567803776718	-0.0005638567803776718	-0.05201578798985055	-0.04158443755286161	3369239
2024-04-18	-0.014722222222222255	0.0	0.00916666666666662	-0.02250000000000006	-0.014722222222222255	2126452
2024-04-17	0.03418557885665032	0.01738006320022973	0.04639471416259681	0.01738006320022973	0.03418557885665032	1776425
2024-04-16	-0.060078304306736725	-0.003645200486026678	-0.002430133657351055	-0.061698393411637555	-0.060078304306736725	2409829
2024-04-15	-0.012400000000000092	-0.0002666666666666136	0.010400000000000015	-0.02533333333333341	-0.012400000000000092	1873183
2024-04-12	0.024870183110139287	-0.008472260180377214	0.050560262366766716	-0.009838753757857515	0.024870183110139287	3864435
2024-04-11	0.021068787498255966	-0.005162550579042899	0.03083577508022874	-0.010743686340170169	0.021068787498255966	2827780
2024-04-10	-0.029650690495532057	-0.002166260492824216	-0.002166260492824216	-0.03872190630923368	-0.029650690495532057	2013619
2024-04-09	-0.018210820151535353	-0.0029243652798085717	0.005317027781470044	-0.026983915990961067	-0.018210820151535353	2839284
2024-04-08	-0.019549068161084322	0.0009122898475171794	0.013163039228463324	-0.025544115730483617	-0.019549068161084322	2394741
2024-04-03	-0.014513228872334902	-0.008733624454148377	0.0017980991523246926	-0.04572309273054203	-0.014513228872334902	3583228
2024-04-02	0.019109947643978973	-0.006544502617801046	0.04319371727748687	-0.016492146596858704	0.019109947643978973	4943576
2024-04-01	-0.07617896009673515	-0.008706166868198292	-0.00483675937122135	-0.09081015719467962	-0.07617896009673515	7413447
2024-03-29	0.07878945995303947	0.014479519958257234	0.08100704409079061	0.014479519958257234	0.07878945995303947	8086593
2024-03-28	0.06472222222222218	-0.00013888888888895993	0.09097222222222218	-0.0015277777777777698	0.06472222222222218	4550327
2024-03-27	-0.04496617588539595	-0.0045098819472078975	0.018172171375514055	-0.04496617588539595	-0.04496617588539595	3040249
2024-03-26	0.009777658719528582	-0.001339405304044928	0.030806321993035055	-0.008170372354674518	0.009777658719528582	3119050
2024-03-25	-0.0071808510638298705	0.005984042553191527	0.02473404255319148	-0.01861702127659582	-0.0071808510638298705	2557143
2024-03-22	-0.00896151818661034	-0.007643647865050057	0.006589351607801793	-0.011597258829731096	-0.00896151818661034	1457047
2024-03-21	-0.008104575163398752	-0.0006535947712417929	0.007843137254901886	-0.009411764705882338	-0.008104575163398752	1631922
2024-03-20	0.004728132387706848	-0.00840556868925664	0.021013921723141506	-0.009718938796952913	0.004728132387706848	2513913
2024-03-19	0.0017103012761478153	0.0019734245494012824	0.0261807656887251	-0.002762794369162057	0.0017103012761478153	3186975
2024-03-18	0.03697135061391552	-0.0039563437926329065	0.04392905866302864	-0.0039563437926329065	0.03697135061391552	3720815
2024-03-15	-0.006775067750677507	-0.0004065040650406658	0.004471544715447131	-0.024390243902438987	-0.006775067750677507	3311208
2024-03-14	-0.02651365255243378	-0.009629336499142646	0.0035615354174910437	-0.033109088510750624	-0.02651365255243378	2866271
2024-03-13	-0.006422018348623787	0.0015727391874181462	0.011271297509829612	-0.014154652686762756	-0.006422018348623787	3063466
2024-03-12	0.004872909258527463	0.0007902015013826954	0.03015935730277877	-0.00316080600553153	0.004872909258527463	3169703
2024-03-11	-0.01886548649696335	-0.013696860059439233	-0.013438428737563074	-0.04509626566739882	-0.01886548649696335	4327410
2024-03-08	0.012295618051013705	0.00013080444735109097	0.018574231523871835	-0.009679529103989655	0.012295618051013705	3652114
2024-03-07	-0.0049459846414160544	-0.0016920473773265059	0.037355199791748075	-0.009761811792268645	-0.0049459846414160544	3366234
2024-03-06	-0.012086922978012058	-0.00990099009900985	0.01067249582101065	-0.028545711714028532	-0.012086922978012058	3976503
2024-03-05	-0.011691447452026963	-0.01893506163426096	0.01817257593086805	-0.028720294827805196	-0.011691447452026963	6508378
2024-03-04	0.07353342428376536	0.04120054570259203	0.08458390177353346	0.023192360163710818	0.07353342428376536	7762634
2024-03-01	0.07446496628554673	0.01905599530929342	0.09088243916739963	0.01905599530929342	0.07446496628554673	5560411
2024-02-29	0.03363636363636362	-0.0018181818181818871	0.03560606060606052	-0.007575757575757576	0.03363636363636362	2261437
2024-02-28	-0.03719912472647698	0.0036469730123997084	0.040846097738876694	-0.037345003646973046	-0.03719912472647698	4350660
2024-02-27	0.028507126781695293	-0.005401350337584387	0.03465866466616636	-0.009452363090772837	0.028507126781695293	2885610
2024-02-26	0.010307715628316005	-0.002273760800363888	0.02152493557677735	-0.007427618614521675	0.010307715628316005	3485397
2024-02-23	0.04598065641350878	0.009037577295068976	0.05517678769621051	-0.0011098779134295273	0.04598065641350878	3741723
2024-02-22	0.00863585478970093	-0.00815608507916197	0.024948024948024984	-0.00815608507916197	0.00863585478970093	2515705
2024-02-21	0.03956774729842066	-0.012801330008312486	0.07464671654197842	-0.021113881961762195	0.03956774729842066	4027014
2024-02-20	-0.008244023083264633	-0.010222588623248104	-0.0026380873866446264	-0.02638087386644685	-0.008244023083264633	2569974
2024-02-19	0.05441585535465917	0.02068845618915156	0.05441585535465917	0.011995827538247525	0.05441585535465917	4003964
2024-02-08	0.053094104723544595	-0.0159282314170633	0.05968509703405356	-0.03881362138410834	0.053094104723544595	4164512
2024-02-07	-0.010327957963399172	-0.003442652654466348	0.03497010327957963	-0.01993114694691057	-0.010327957963399172	2714380
2024-02-06	0.04112431616676099	-0.019053008866251615	0.05357479720807402	-0.021128089039803764	0.04112431616676099	2632561
2024-02-05	-0.03828011611030478	-0.02013788098693758	-0.0029027576197386902	-0.07746734397677787	-0.03828011611030478	2604037
2024-02-02	-0.04981899672470265	-0.0022409929322529817	0.011722116876400616	-0.07602137562489221	-0.04981899672470265	2299623
2024-02-01	0.0041544054007269324	-0.004500605850787694	0.029946338930240554	-0.016963822052968737	0.0041544054007269324	1662869
2024-01-31	-0.028095558546433287	0.002691790040376913	0.01564602960969044	-0.0314602960969044	-0.028095558546433287	1728849
2024-01-30	-0.04850328157515609	-0.007523611333440033	-0.007523611333440033	-0.049943973107091366	-0.04850328157515609	2058867
2024-01-29	-0.004937878305192773	0.011150047785919014	0.028034405861739487	-0.012105766167569258	-0.004937878305192773	2045705
2024-01-26	-0.05451807228915669	-0.006024096385542254	-0.0015060240963856704	-0.05617469879518078	-0.05451807228915669	4134590
2024-01-25	-0.012345679012345652	-0.013981853339283024	-0.0019336605681988645	-0.045069165551093276	-0.012345679012345652	2799486
2024-01-24	0.015865820489573846	0.016923541855545333	0.021456633423994974	-0.020852221214868683	0.015865820489573846	1410022
2024-01-23	0.02923794712286174	-0.0015552099533436131	0.0409020217729395	-0.00933125972006212	0.02923794712286174	1966559
2024-01-22	-0.04286990175647528	0.0011908306043465061	0.003870199464126092	-0.04569812444179826	-0.04286990175647528	1637624
2024-01-19	-0.014233308877476137	-0.00014673514306683954	0.0019075568598678715	-0.016874541452678	-0.014233308877476137	1051046
2024-01-18	0.009480077025625842	0.0	0.009480077025625842	-0.01940453266182791	0.009480077025625842	1457419
2024-01-17	-0.032114695340501716	-0.0050179211469533235	-0.0018637992831540566	-0.032114695340501716	-0.032114695340501716	1328173
2024-01-16	0.005477872279083112	0.004180481476142309	0.019172552976791095	-0.00720772668300418	0.005477872279083112	1586399
2024-01-15	0.013440467494521572	-0.001168736303871414	0.020160701241782257	-0.0064280496712928814	0.013440467494521572	1952027
2024-01-12	-0.040106576917683344	-0.001542560650680121	0.0005609311457017535	-0.04641705230682937	-0.040106576917683344	2961259
2024-01-11	0.008200197935812219	0.01625901314859312	0.023610914746218035	-0.0016965926763750111	0.008200197935812219	1926490
2024-01-10	-0.04715074767614172	-0.0028290448605686105	-0.0028290448605686105	-0.055233732992051844	-0.04715074767614172	1815610
2024-01-09	-0.002150826724022	0.009544293587847745	0.030514854147062724	-0.006586906842317447	-0.002150826724022	1996153
2024-01-08	0.0012113055181696287	0.0	0.016016150740242232	-0.01278600269179008	0.0012113055181696287	1665733
2024-01-05	-0.009201226830244004	0.0030670756100813976	0.021602880384051268	-0.017468995866115323	-0.009201226830244004	1860484
2024-01-04	-0.00609675281643483	0.0005301524188203054	0.016302186878727688	-0.011265738899933844	-0.00609675281643483	1824172
2024-01-03	-0.038975926633549894	0.002929563112979108	0.004712775442618652	-0.045981403642848036	-0.038975926633549894	2549273
2024-01-02	-0.0172737514081862	0.007635498810864932	0.007635498810864932	-0.019151333082989126	-0.0172737514081862	1412221
2023-12-29	0.04431372549019608	-0.000915032679738473	0.04836601307189546	-0.0022222222222222443	0.04431372549019608	2595921
2023-12-28	-0.006880436193690784	-0.0032454887706088536	0.003375308321433274	-0.01882383486953139	-0.006880436193690784	1516539
2023-12-27	0.05103015418201657	0.005594214763269157	0.052258152544685466	0.005594214763269157	0.05103015418201657	2852115
2023-12-26	-0.03540405369834164	-0.002369044485390982	0.0015793629902604675	-0.03645696235851553	-0.03540405369834164	1361290
2023-12-25	0.025371120107962344	-0.0013495276653170624	0.03427800269905542	-0.003913630229419596	0.025371120107962344	1718054
2023-12-22	-0.04015544041450788	-0.0010362694300517913	-0.0010362694300517913	-0.044041450777202146	-0.04015544041450788	2033570
2023-12-21	-0.005667181865018003	-0.0037351880473983287	0.004636785162287473	-0.024987120041215838	-0.005667181865018003	1386076
2023-12-20	-0.0025693730729702316	-0.0048818088386434946	0.0183710174717368	-0.009892086330935383	-0.0025693730729702316	1325737
2023-12-19	0.005295105256360539	-0.005424254165052327	0.017435102673382333	-0.008136381247578582	0.005295105256360539	1284359
2023-12-18	-0.02135995955510614	-0.007836198179979834	0.020601617795753226	-0.02565722952477251	-0.02135995955510614	1524217
2023-12-15	0.00918367346938774	0.0057397959183672015	0.016071428571428455	-0.018112244897959203	0.00918367346938774	2031117
2023-12-14	-0.01938711694809252	0.0007504690431519984	0.00675422138836763	-0.021138211382113792	-0.01938711694809252	1233440
2023-12-13	-0.006215040397762585	0.0029832193909259774	0.013051584835301394	-0.007458048477315208	-0.006215040397762585	1563523
2023-12-12	-0.005070492208755832	-0.0058125154588176955	0.011377689834281496	-0.0205293099183774	-0.005070492208755832	2455869
2023-12-11	0.05355048859934853	0.011726384364820921	0.06188925081433225	0.00951140065146585	0.05355048859934853	4523067
2023-12-08	0.013602746962493412	-0.0014527205493924911	0.027469624933967225	-0.0014527205493924911	0.013602746962493412	1712989
2023-12-07	0.008792965627497956	-0.004263256061817311	0.012390087929656176	-0.007460698108180152	0.008792965627497956	1074135
2023-12-06	-0.01340694006309143	-0.0007886435331230583	0.002760252365930704	-0.020373291272344864	-0.01340694006309143	1255004
2023-12-05	-0.01832258064516131	-0.0032258064516129032	-0.0032258064516129032	-0.02193548387096778	-0.01832258064516131	1015875
2023-12-04	-0.0051347881899872355	0.001155327342746973	0.001155327342746973	-0.022079589216944785	-0.0051347881899872355	1838734
2023-12-01	0.01591027647365674	0.0041731872717787315	0.021909233176838714	-0.012128325508607287	0.01591027647365674	1461345
2023-11-30	-0.008661926308984972	-0.002973497091144018	0.006722689075630385	-0.015772462831286346	-0.008661926308984972	799358
2023-11-29	0.0006468305304009982	-0.003880983182406173	0.01319534282018106	-0.003880983182406173	0.0006468305304009982	1032380
2023-11-28	0.005463059313215423	-0.0023413111342350757	0.022242455775234236	-0.007023933402705412	0.005463059313215423	1436241
2023-11-27	0.012378193310508266	-0.005794047932578322	0.01316829075585989	-0.009086120621543294	0.012378193310508266	1395587
2023-11-24	-0.02765685019206142	0.0033290653008963525	0.006402048655569783	-0.034827144686299605	-0.02765685019206142	1834648
2023-11-23	0.012313674659753578	-0.0006480881399871856	0.020090732339598148	-0.006351263771873093	0.012313674659753578	1105506
2023-11-22	-0.01594387755102041	-0.008801020408163418	0.0005102040816325515	-0.01900510204081644	-0.01594387755102041	1333701
2023-11-21	-0.009600808489135812	0.0011369378473977188	0.008084891359272367	-0.014148559878726508	-0.009600808489135812	1657718
2023-11-20	-0.021023992085085368	-0.00568884491714066	-0.00568884491714066	-0.040811278753400904	-0.021023992085085368	3712043
2023-11-17	0.004472049689440987	-0.0043478260869564515	0.028571428571428536	-0.0043478260869564515	0.004472049689440987	1783957
2023-11-16	-0.009474590869939658	-0.003199212501537971	0.008859357696566985	-0.010705057216685005	-0.009474590869939658	1364605
2023-11-15	0.0008620689655171573	0.0034482758620689793	0.014162561576354574	-0.005295566502463138	0.0008620689655171573	1593801
2023-11-14	-0.005145797598627808	0.0	0.0001225189904434073	-0.013844645920117736	-0.005145797598627808	1805711
2023-11-13	0.010023511941591415	0.0023511941591386923	0.026481871055562437	-0.0035886647692118085	0.010023511941591415	2268577
2023-11-10	-0.014391999024271164	-0.004634711550188992	0.0014635931211123864	-0.017563117453347942	-0.014391999024271164	1992246
2023-11-09	-0.014306323635489443	-0.004568405866795019	0.0010819908631881365	-0.02260158691993279	-0.014306323635489443	2891324
2023-11-08	0.006169106084432141	0.00036288859320190075	0.026127978710535824	-0.0020563686948107136	0.006169106084432141	3419772
2023-11-07	-0.006131281558066904	-0.008054820870401559	0.024885789853330044	-0.010699687424861751	-0.006131281558066904	4237562
2023-11-06	0.028564362557190578	0.008655867441572753	0.03561271175961414	-0.006306417707431743	0.028564362557190578	4555876
2023-11-03	-0.0019745773170430285	-0.0030852770578797977	0.007034431691965854	-0.018141429100333197	-0.0019745773170430285	2747824
2023-11-02	0.01988672120830709	0.008307111390811788	0.05173064820641912	0.00692259282567649	0.01988672120830709	5956097
2023-11-01	-0.030979387730210906	-0.013050371996584867	-0.0004878643737040132	-0.04012684473716297	-0.030979387730210906	3098538
2023-10-31	0.012222222222222159	0.0	0.03444444444444452	-0.012098765432098814	0.012222222222222159	5263506
2023-10-30	0.04881522724329918	-0.005567784539686738	0.058138029263239605	-0.005567784539686738	0.04881522724329918	8382113
2023-10-27	-0.01290899795501011	-0.01584867075664615	-0.004729038854805603	-0.034509202453987586	-0.01290899795501011	3560229
2023-10-26	0.005655526992287889	-0.008740359897172142	0.04755784061696662	-0.016066838046272493	0.005655526992287889	6490590
2023-10-25	-0.012690355329949238	0.0	0.00901015228426406	-0.035532994923857836	-0.012690355329949238	6154436
2023-10-24	0.0743012951601909	0.011451942740286346	0.1000681663258351	0.003408316291751875	0.0743012951601909	8466051
2023-10-23	0.020166898470097196	0.02920723226703747	0.05479833101529899	0.011404728789985996	0.020166898470097196	4234989
2023-10-20	-0.003188687092749061	-0.008318314154997843	0.016775266879245916	-0.011229724109247224	-0.003188687092749061	2096865
2023-10-19	0.003897007654836481	0.0020876826722338996	0.020320111343075965	-0.0041753653444676015	0.003897007654836481	1970744
2023-10-18	-0.016292442497261937	0.015197152245345007	0.015334063526834477	-0.01697699890470987	-0.016292442497261937	2195334
2023-10-17	-0.020254862508383514	0.0032193158953723556	0.006170355466130221	-0.027498323272971123	-0.020254862508383514	2944603
2023-10-16	-0.030180824769090765	0.015870950956159733	0.01990373357616757	-0.04266944191492131	-0.030180824769090765	4344244
2023-10-13	0.01398232423163174	0.0	0.040759794222398144	-0.007782614430813921	0.01398232423163174	7018776
2023-10-12	0.016219839142091262	0.019973190348525592	0.053351206434316414	0.010723860589812485	0.016219839142091262	9364996
2023-10-11	0.0634354953670704	-0.0007127583749110672	0.10007127583749102	-0.005131860299358509	0.0634354953670704	8832720
2023-10-10	-0.012250070402703329	-0.000281610813855196	0.004646578428611635	-0.014784567727400694	-0.012250070402703329	1103511
2023-10-09	0.0029656828131618945	-0.002824459822059071	0.006072588617426812	-0.015675752012427616	0.0029656828131618945	1728477
2023-09-28	0.013308528906697294	0.001001717229536454	0.01416714367487134	0.001001717229536454	0.013308528906697294	1740168
2023-09-27	-0.008090844570617563	-0.00567778566359128	0.0021291696238465788	-0.009084457061745927	-0.008090844570617563	1175451
2023-09-26	0.020275162925416448	0.00883417813178855	0.03330919623461256	-0.008689355539464075	0.020275162925416448	2681718
2023-09-25	-0.020567375886524863	-0.004964539007092118	-0.0012765957446808994	-0.021134751773049573	-0.020567375886524863	1417226
2023-09-22	0.03813871300250336	-0.001914298336032918	0.04373435429244587	-0.004564865262847921	0.03813871300250336	2928212
2023-09-21	-0.01750578703703715	-0.0017361111111111767	0.0007233796296295885	-0.01750578703703715	-0.01750578703703715	1182792
2023-09-20	0.0027564195560713435	0.0	0.012621500072537215	-0.0018859712752068716	0.0027564195560713435	1265030
2023-09-19	0.0029099374363451597	0.0008729812309035686	0.004510403026334967	-0.0018914593336244675	0.0029099374363451597	817807
2023-09-18	-0.0007269555103227269	-0.0053794707763885515	0.0039255597557428905	-0.008432683919744086	-0.0007269555103227269	735080
2023-09-15	0.0029163021289005954	0.010936132983377079	0.010936132983377079	-0.0013123359580052992	0.0029163021289005954	1023054
2023-09-14	0.00233849751534634	0.00116924875767317	0.007015492546039228	-0.005992399883075074	0.00233849751534634	1085510
2023-09-13	-0.010556760665220592	-0.001446131597975539	0.003181489515545898	-0.01561822125813467	-0.010556760665220592	1341537
2023-09-12	-0.008459994264410515	-0.0024376254660166577	-0.0012905075996557098	-0.009176942930886157	-0.008459994264410515	1204751
2023-09-11	0.005623648161499648	0.0038932948810383597	0.012256669069935236	-0.005046863734679082	0.005623648161499648	1221778
2023-09-08	-0.0038781959207125857	0.0011490950876184758	0.012496409077851052	-0.008043665613329535	-0.0038781959207125857	1317351
2023-09-07	-0.02629370629370623	-0.006433566433566346	-0.003636363636363708	-0.02769230769230775	-0.02629370629370623	2015087
2023-09-06	0.0032271643047566156	-0.006173705626490778	0.008418689490669406	-0.013890837659604251	0.0032271643047566156	2053830
2023-09-05	-0.009451007644197453	-0.006810284920083517	0.01570535093815143	-0.013064628214037494	-0.009451007644197453	2273383
2023-09-04	0.024345102505694875	0.006976082004555939	0.025484054669703965	-0.002989749430523829	0.024345102505694875	2095395
2023-09-01	-0.006506364922206619	0.0018387553041017744	0.012022630834511942	-0.006930693069307059	-0.006506364922206619	1814848
2023-08-31	-0.017236586043925424	0.0029190992493745896	0.0029190992493745896	-0.017514595496246746	-0.017236586043925424	2068235
2023-08-30	0.014525454801861532	-0.002256381328444459	0.03215343393033424	-0.002256381328444459	0.014525454801861532	3267267
2023-08-29	0.028128171668841493	-0.013629114107582975	0.03668261562998407	-0.020588661736987122	0.028128171668841493	3043502
2023-08-28	0.007596785975164295	0.05259313367421467	0.05259313367421467	0.005259313367421467	0.007596785975164295	2623896
2023-08-25	-0.03740683448178873	-0.007171987062297921	0.0018281535648993876	-0.03754746167908876	-0.03740683448178873	3214005
2023-08-24	0.0004220596510973711	0.0016882386043894843	0.012380416432189019	-0.005627462014631281	0.0004220596510973711	1995628
2023-08-23	-0.028829075010247295	-0.005875119551851245	-0.005875119551851245	-0.029922120508266127	-0.028829075010247295	2663755
2023-08-22	0.015117891816920992	0.006934812760055479	0.018169209431345385	-0.013592233009708597	0.015117891816920992	3750765
2023-08-21	-0.0002773155851360265	-0.0033277870216307415	0.014836383804769733	-0.01677759290072113	-0.0002773155851360265	3029562
2023-08-18	-0.016768916155419086	-0.0006816632583503362	0.006134969325153413	-0.01731424676209947	-0.016768916155419086	3643158
2023-08-17	0.023155251778490676	-0.009624773329613583	0.034732877667736216	-0.01241456270051612	0.023155251778490676	5296211
2023-08-16	0.0029378847229993526	-0.007694459988808018	0.012451035254616683	-0.01930609960828217	0.0029378847229993526	5096058
2023-08-15	0.016062544420753513	0.013503909026297127	0.03013503909026304	0.007960199004975157	0.016062544420753513	6569504
2023-08-14	-0.042857142857142934	-0.010068027210884284	-0.009523809523809563	-0.04462585034013607	-0.042857142857142934	7667331
2023-08-11	-0.017904863709246436	-0.01990913949759499	0.006146445750935245	-0.027258150721539365	-0.017904863709246436	8591345
2023-08-10	-0.020290613954706077	-0.03298861107474795	0.02932320984422038	-0.048566566304490036	-0.020290613954706077	12608120
