2024-12-31	-0.01996257018091081	0.0012476606363068978	0.0031191515907671337	-0.021210230817217818	-0.01996257018091081	4367034
2024-12-30	-0.008658008658008693	0.0018552875695731343	0.005565862708719842	-0.01236858379715529	-0.008658008658008693	3280527
2024-12-27	0.009993753903810127	0.006870705808869421	0.016864459712679546	-0.002498438475952587	0.009993753903810127	5385704
2024-12-26	-0.03087167070217906	0.0024213075060532173	0.0024213075060532173	-0.033898305084745686	-0.03087167070217906	7131867
2024-12-25	-0.015494636471990557	0.0011918951132300103	0.004171632896305142	-0.02383790226460084	-0.015494636471990557	4015656
2024-12-24	-0.0005955926146514599	0.0023823704586062627	0.011316259678380064	-0.010125074449076722	-0.0005955926146514599	4462842
2024-12-23	-0.015826494724501736	0.0	0.016998827667057605	-0.016998827667057397	-0.015826494724501736	6146598
2024-12-20	-0.002922267679719504	0.0005844535359439838	0.013442431326709551	-0.007597895967270544	-0.002922267679719504	4292720
2024-12-19	-0.02060675443617627	-0.009730967372638705	-0.008013737836290818	-0.029192902117916315	-0.02060675443617627	6415884
2024-12-18	0.04236276849641988	0.004176610978520091	0.06682577565632443	0.004176610978520091	0.04236276849641988	13101753
2024-12-17	-0.002974419988102151	-0.0005948839976203458	0.01011302795954799	-0.007733491969065974	-0.002974419988102151	3444471
2024-12-16	0.004181600955794521	0.0	0.01911589008363204	0.0	0.004181600955794521	3874150
2024-12-13	-0.02162478082992408	-0.00350672121566328	-0.0005844535359437762	-0.022209234365867855	-0.02162478082992408	3643703
2024-12-12	0.0011702750146284128	0.001755412521942723	0.0029256875365711358	-0.008191925102399097	0.0011702750146284128	3152983
2024-12-11	0.013641755634638222	-0.0005931198102015427	0.017793594306049865	-0.0005931198102015427	0.013641755634638222	3886823
2024-12-10	-0.0035460992907802758	0.01832151300236399	0.02541371158392433	-0.005319148936170414	-0.0035460992907802758	4965260
2024-12-09	-0.005875440658049229	-0.0011750881316098458	0.0023501762632196915	-0.012925969447708512	-0.005875440658049229	3027340
2024-12-06	0.009489916963226581	0.0017793594306050498	0.01126927639383163	-0.0017793594306050498	0.009489916963226581	3051159
2024-12-05	0.001782531194295968	-0.0035650623885917247	0.007724301841949053	-0.006535947712418268	0.001782531194295968	3103282
2024-12-04	-0.016364699006429055	0.0	0.0023378141437755203	-0.020455873758036112	-0.016364699006429055	3503977
2024-12-03	-0.00581057524694953	0.0	0.006391632771644359	-0.006972690296339395	-0.00581057524694953	3509066
2024-12-02	0.014142604596346612	0.010606953447259855	0.01826753093694769	-0.008839127872716476	0.014142604596346612	5169149
2024-11-29	0.0005896226415093166	0.0	0.005896226415094213	-0.009433962264150952	0.0005896226415093166	4571393
2024-11-28	-0.006444053895723458	0.0	0.003514938488576375	-0.009373169302870542	-0.006444053895723458	2917976
2024-11-27	0.005300353356890451	0.0017667844522968868	0.00588928150765594	-0.014723203769140164	0.005300353356890451	4254233
2024-11-26	-0.007597895967270544	0.001753360607831744	0.004091174751607264	-0.015780245470485073	-0.007597895967270544	3973794
2024-11-25	-0.006964596633778351	0.0	0.008125362739408042	-0.010446894950667423	-0.006964596633778351	3571008
2024-11-22	-0.029842342342342405	-0.001689189189189253	0.002815315315315155	-0.03209459459459461	-0.029842342342342405	4797727
2024-11-21	-0.0033670033670032953	-0.001122334455667765	0.010101010101010085	-0.00673400673400679	-0.0033670033670032953	3952391
2024-11-20	-0.003355704697986506	-0.002237136465324337	0.0044742729306488736	-0.010067114093959717	-0.003355704697986506	3550608
2024-11-19	-0.010514665190924255	-0.006640841173215329	0.0060874377421139695	-0.030437188710570044	-0.010514665190924255	5580776
2024-11-18	0.0337528604118993	0.005148741418764294	0.06521739130434785	0.004004576659038917	0.0337528604118993	12824100
2024-11-15	-0.018528916339135223	-0.00505334081976417	0.008422234699607083	-0.018528916339135223	-0.018528916339135223	4758579
2024-11-14	-0.01602209944751396	0.0005524861878451939	0.006629834254143504	-0.01823204419889513	-0.01602209944751396	5536910
2024-11-13	-0.0076754385964910654	-0.007127192982456086	0.002741228070175478	-0.020285087719298107	-0.0076754385964910654	5714633
2024-11-12	-0.028753993610223783	-0.006389776357827529	-0.0010649627263045567	-0.03620873269435568	-0.028753993610223783	8879878
2024-11-11	0.04044321329639891	0.029362880886426457	0.04376731301939053	-0.0011080332409972062	0.04044321329639891	14157289
2024-11-08	-0.01902173913043467	-0.0005434782608694571	0.01086956521739146	-0.022826086956521642	-0.01902173913043467	11083114
2024-11-07	0.04072398190045243	0.0005656108597285952	0.04638009049773757	-0.0011312217194569894	0.04072398190045243	15953143
2024-11-06	-0.014492753623188493	-0.003344481605351297	0.0078037904124858976	-0.024526198439241986	-0.014492753623188493	10393920
2024-11-05	0.0016750418760469647	-0.004466778336125173	0.0022333891680624872	-0.017308766052484575	0.0016750418760469647	9881373
2024-11-04	-0.002228412256267362	0.0005571030640669395	0.008356545961002904	-0.01504178272980499	-0.002228412256267362	7518208
2024-11-01	-0.026044492674986458	-0.004883342376559949	-0.001627780792186714	-0.034725990233315275	-0.026044492674986458	12016961
2024-10-31	0.08157276995305168	0.026995305164319302	0.09741784037558687	0.01995305164319248	0.08157276995305168	24006433
2024-10-30	-0.015597920277296336	-0.006932409012131569	-0.0028885037550547177	-0.023108030040438973	-0.015597920277296336	8731248
2024-10-29	-0.032960893854748596	0.0	0.002793296089385515	-0.032960893854748596	-0.032960893854748596	13155880
2024-10-28	-0.0011160714285716028	0.011718749999999849	0.015624999999999863	-0.023437500000000094	-0.0011160714285716028	17253056
2024-10-25	0.03823870220162225	-0.015643105446118372	0.060254924681344094	-0.02665121668597919	0.03823870220162225	24175328
2024-10-24	-0.018760659465605362	0.1000568504832292	0.1000568504832292	-0.027288231949971598	-0.018760659465605362	37354030
2024-10-23	0.1000625390869293	0.1000625390869293	0.1000625390869293	0.1000625390869293	0.1000625390869293	4738516
2024-10-22	0.04033832140533514	0.0032530904359141647	0.0448926480156148	0.0006506180871829254	0.04033832140533514	7716104
2024-10-21	-0.004533678756476703	0.003886010362694333	0.006476683937823811	-0.014248704663212363	-0.004533678756476703	5921615
2024-10-18	0.019141914191419085	0.0	0.035643564356435585	-0.014521452145214563	0.019141914191419085	6430804
2024-10-17	-0.020685197155785408	0.007756948933419471	0.010989010989010985	-0.02197802197802197	-0.020685197155785408	3972567
2024-10-16	0.0065061808718283294	-0.007156798959011024	0.013012361743656544	-0.013662979830839238	0.0065061808718283294	4029663
2024-10-15	-0.02905874921036013	-0.0018951358180669211	-0.0006317119393556403	-0.02969046114971577	-0.02905874921036013	4975799
2024-10-14	0.021290322580645164	0.008387096774193598	0.028387096774193515	0.0012903225806451338	0.021290322580645164	5499726
2024-10-11	-0.03606965174129343	0.0012437810945275577	0.0018656716417911156	-0.042288557213930225	-0.03606965174129343	5821422
2024-10-10	0.01836605446485112	0.005699810006333226	0.04179860671310957	0.0006333122229260015	0.01836605446485112	9394219
2024-10-09	-0.08886324293133291	-0.024812463935372172	-0.01500288517022493	-0.09059434506635884	-0.08886324293133291	11121875
2024-10-08	0.03277711561382581	0.09952324195470787	0.09952324195470787	-0.004767580452920253	0.03277711561382581	16575797
2024-09-30	0.07702182284980752	0.02053915275994867	0.08344030808729133	0.01412066752246474	0.07702182284980752	13707896
2024-09-27	0.04144385026737962	0.005347593582887587	0.04946524064171112	0.005347593582887587	0.04144385026737962	8332912
2024-09-26	0.026063100137174264	0.0020576131687242358	0.026063100137174264	-0.014403292181070016	0.026063100137174264	5449229
2024-09-25	0.014613778705636803	0.013221990257480953	0.04244954766875444	0.006263048016701575	0.014613778705636803	6391827
2024-09-24	0.030107526881720425	0.005017921146953426	0.030107526881720425	-0.0021505376344085566	0.030107526881720425	4323657
2024-09-23	0.016763848396501357	-0.0007288629737609173	0.02186588921282791	-0.003644314868804716	0.016763848396501357	2827600
2024-09-20	-0.018597997138769654	0.0	0.0	-0.02360515021459228	-0.018597997138769654	2951938
2024-09-19	0.03021370670596906	0.005158437730287419	0.030950626381724387	0.003684598378776635	0.03021370670596906	3685784
2024-09-18	-0.008765522279035735	-0.0007304601899196338	0.003652300949598299	-0.021913805697589404	-0.008765522279035735	2751258
2024-09-13	-0.014398848092152704	0.001439884809215232	0.001439884809215232	-0.016558675305975552	-0.014398848092152704	2307154
2024-09-12	0.005065123010130267	0.001447178002894325	0.015195369030390671	-0.0007235890014471626	0.005065123010130267	2574606
2024-09-11	-0.02401129943502824	-0.004237288135593255	-0.0007062146892655217	-0.029661016949152536	-0.02401129943502824	2971526
2024-09-10	-0.005617977528089893	0.000702247191011221	0.007022471910112334	-0.02176966292134835	-0.005617977528089893	3400474
2024-09-09	-0.009046624913013153	-0.004871259568545477	-0.0013917884481558507	-0.01322199025748083	-0.009046624913013153	3299681
2024-09-06	-0.019781718963165138	0.000682128240109126	0.009549795361528005	-0.019781718963165138	-0.019781718963165138	3993294
2024-09-05	0.006177076183939592	-0.0006863417982154967	0.0075497597803705855	-0.004804392587508598	0.006177076183939592	2838088
2024-09-04	-0.008168822328114311	-0.007488087134104795	0.004084411164057215	-0.014295439074200073	-0.008168822328114311	4262254
2024-09-03	-0.010774410774410784	0.0	0.0	-0.022895622895622886	-0.010774410774410784	5035137
2024-09-02	-0.021739130434782615	-0.011198945981554673	0.001976284584980312	-0.023056653491436076	-0.021739130434782615	4578529
2024-08-30	0.008637873754152757	0.0	0.01328903654485045	-0.025249169435215997	0.008637873754152757	7422413
2024-08-29	-0.07041383570105006	-0.024706609017912422	-0.024706609017912422	-0.07226683137739355	-0.07041383570105006	9712102
2024-08-28	0.009351620947631057	0.0018703241895262556	0.01246882793017452	-0.004364089775561004	0.009351620947631057	2225270
2024-08-27	-0.01896024464831818	-0.0055045871559632935	-0.0024464831804282996	-0.021406727828746263	-0.01896024464831818	2349519
2024-08-26	0.0030674846625767306	0.0030674846625767306	0.006748466257668676	-0.0030674846625767306	0.0030674846625767306	2056553
2024-08-23	-0.022195560887822492	-0.0017996400719856708	0.0011997600479903762	-0.03059388122375534	-0.022195560887822492	3423196
2024-08-22	-0.00418160095579431	0.000597371565113594	0.0047789725209081155	-0.00418160095579431	-0.00418160095579431	1907709
2024-08-21	-0.008293838862559275	0.004739336492891105	0.004739336492891105	-0.013625592417061638	-0.008293838862559275	2518553
2024-08-20	-0.013442431326709551	-0.0005844535359437762	0.002922267679719504	-0.017533606078316815	-0.013442431326709551	2354412
2024-08-19	0.007656065959952827	0.010600706713780902	0.0111896348645466	-0.0017667844522968868	0.007656065959952827	2490334
2024-08-16	-0.009334889148191373	0.0	0.0023337222870477917	-0.01283547257876306	-0.009334889148191373	2511731
2024-08-15	0.0029256875365711358	0.0023405500292568255	0.00936220011702751	-0.0040959625511995485	0.0029256875365711358	2471334
2024-08-14	-0.0005847953216375183	0.0005847953216373105	0.009356725146198838	-0.0023391812865498655	-0.0005847953216375183	2361852
2024-08-13	0.0005851375073143104	-0.001755412521942723	0.005266237565827961	-0.011117612638970233	0.0005851375073143104	2380654
2024-08-12	-0.004659289458357707	0.007571345369831042	0.03086779266161896	-0.005241700640652498	-0.004659289458357707	5812683
2024-08-09	-0.0017441860465114876	0.0023255813953487877	0.008139534883720963	-0.0023255813953487877	-0.0017441860465114876	3136454
2024-08-08	-0.005205320994794671	0.0005783689994217215	0.004626951995373155	-0.01156737998843258	-0.005205320994794671	3668928
2024-08-07	0.03100775193798447	-0.0005963029218841986	0.039952295766249354	-0.002385211687537218	0.03100775193798447	8304689
2024-08-06	0.0	-0.005366726296958847	0.003577817531305827	-0.01490757304710793	0.0	4196782
2024-08-05	-0.022157434402332307	-0.004664723032069872	0.0	-0.022740524781340934	-0.022157434402332307	5181143
2024-08-02	-0.00694846554719172	-0.0034742327735957567	0.0023161551823971714	-0.010422698320787476	-0.00694846554719172	3048576
2024-08-01	-0.008041355542791532	-0.0017231476163125294	0.0028719126938541477	-0.008615738081562239	-0.008041355542791532	3581867
2024-07-31	0.011621150493898854	0.0005810575246948292	0.012783265543288718	-0.017431725740848385	0.011621150493898854	5176562
2024-07-30	-0.01657142857142852	-0.0005714285714286607	-0.0005714285714286607	-0.01885714285714276	-0.01657142857142852	3165400
2024-07-29	0.004592422502870165	-0.0005740528128588727	0.010332950631458077	-0.00459242250287037	0.004592422502870165	2874317
2024-07-26	-0.002862049227246546	0.004006868918145409	0.0051516886090440675	-0.0068689181453919545	-0.002862049227246546	3353700
2024-07-25	0.007497116493656229	0.0023068050749711156	0.010380622837370226	-0.005767012687427994	0.007497116493656229	2711529
2024-07-24	0.009900990099009792	0.0	0.022714036109493126	-0.0023296447291789573	0.009900990099009792	3807972
2024-07-23	-0.01885714285714276	0.0005714285714286607	0.006285714285714253	-0.01942857142857142	-0.01885714285714276	3245386
2024-07-22	-0.0068104426787741765	-0.002837684449489257	0.002270147559591325	-0.010215664018161165	-0.0068104426787741765	4287763
2024-07-19	0.011481056257175618	-0.004018369690011497	0.012055109070034287	-0.008036739380022993	0.011481056257175618	5385461
2024-07-18	0.013969732246798719	-0.006402793946449326	0.013969732246798719	-0.009895227008148903	0.013969732246798719	5027140
2024-07-17	-0.008083140877598186	-0.003464203233256277	-0.002309468822170851	-0.013279445727482703	-0.008083140877598186	3820724
2024-07-16	0.0034762456546928574	-0.005214368482039389	0.006373117033603675	-0.005214368482039389	0.0034762456546928574	3940027
2024-07-15	0.0011600928074247754	-0.003480278422273708	0.003480278422273914	-0.01334106728538265	0.0011600928074247754	3093969
2024-07-12	-0.004043905257076851	-0.0017331022530327894	0.00866551126516477	-0.005199306759098779	-0.004043905257076851	4060233
2024-07-11	0.011098130841121361	0.009929906542055967	0.014018691588784955	-0.0005841121495328015	0.011098130841121361	5646484
2024-07-10	-0.03057757644394106	-0.005096262740656844	-0.001132502831257054	-0.03454133635334085	-0.03057757644394106	7222589
2024-07-09	0.0028392958546280926	-0.0005678591709254975	0.004542873367404989	-0.024417944349801234	0.0028392958546280926	5949675
2024-07-08	-0.014549524342473506	0.001119194180190239	0.003357582540570717	-0.016787912702853985	-0.014549524342473506	5219472
2024-07-05	-0.014340871483728517	-0.0038610038610038767	0.0038610038610038767	-0.020408163265305982	-0.014340871483728517	4643580
2024-07-04	-0.00983069361004914	-0.0027307482250134986	0.003823047515019131	-0.012015292190060015	-0.00983069361004914	5832871
2024-07-03	-0.0021798365122617275	-0.005449591280654028	0.004904632152588548	-0.014168937329700357	-0.0021798365122617275	7964135
2024-07-02	0.027435610302351737	0.01679731243001124	0.03247480403135509	-0.0033594624860021683	0.027435610302351737	12866843
2024-07-01	0.03536231884057968	0.0	0.038840579710145026	-0.0017391304347826747	0.03536231884057968	9207255
2024-06-28	0.01649970536240431	-0.002946375957572019	0.022981732469063088	-0.005892751915144248	0.01649970536240431	5758714
2024-06-27	-0.019641825534373186	-0.00577700751010964	0.005199306759098779	-0.021952628538417045	-0.019641825534373186	4793169
2024-06-26	0.00932944606413995	-0.002332361516034936	0.009912536443148788	-0.008163265306122276	0.00932944606413995	4463734
2024-06-25	-0.0005827505827506738	-0.002913752913752955	0.007575757575757518	-0.012820512820512754	-0.0005827505827506738	4745066
2024-06-24	-0.009809578765147039	-0.005193306405077892	-0.002308136180034573	-0.033467974610501924	-0.009809578765147039	8551876
2024-06-21	-0.023661971830986013	-0.0022535211267605154	0.0	-0.027605633802816814	-0.023661971830986013	7920479
2024-06-20	-0.0011254924029262562	-0.003939223410241997	0.003939223410241997	-0.006752954417557738	-0.0011254924029262562	4609781
2024-06-19	-0.012777777777777801	-0.002222222222222175	-0.002222222222222175	-0.013888888888888888	-0.012777777777777801	6268791
2024-06-18	-0.007170435741864259	0.0	0.002206287920573784	-0.016547159404302302	-0.007170435741864259	8588700
2024-06-17	-0.015209125475285233	-0.007604562737642617	0.003259098316132467	-0.024443237370993985	-0.015209125475285233	8355414
2024-06-14	-0.01603420630678785	-0.002672367717798007	0.00801710315339383	-0.018706574024585858	-0.01603420630678785	10728312
2024-06-13	0.00267952840300111	-0.00267952840300111	0.014469453376205765	-0.00535905680600222	0.00267952840300111	8294388
2024-06-12	-0.004268943436499376	-0.004802561366061892	-0.0005336179295623272	-0.014407684098185677	-0.004268943436499376	6373400
2024-06-11	-0.010036978341257332	-0.006867406233491759	0.006339144215530956	-0.017432646592709895	-0.010036978341257332	7368995
2024-06-07	0.03217011995637949	0.0027262813522355893	0.03489640130861508	-0.0027262813522355893	0.03217011995637949	10327771
2024-06-06	-0.005962059620596176	-0.0016260162601624707	0.007588075880758839	-0.015176151761517485	-0.005962059620596176	6911044
2024-06-05	-0.015474919957310521	-0.001067235859124844	0.0005336179295625167	-0.018143009605122724	-0.015474919957310521	4357556
2024-06-04	0.02181025081788433	-0.0005452562704471954	0.02290076335877872	-0.009269356597600772	0.02181025081788433	7279971
2024-06-03	-0.007038440714672388	-0.004331348132106026	0.0005414185165133495	-0.021115322144017356	-0.007038440714672388	8380287
2024-05-31	-0.011241970021413321	0.0005353319057816683	0.003211991434689439	-0.014453961456102761	-0.011241970021413321	6903218
2024-05-30	-0.011640211640211581	0.012169312169312193	0.012169312169312193	-0.013227513227513229	-0.011640211640211581	8994539
2024-05-29	-0.005263157894736917	-0.0094736842105263	0.006842105263157842	-0.01999999999999995	-0.005263157894736917	10045283
2024-05-28	0.02702702702702703	-0.004864864864864857	0.042702702702702655	-0.00648648648648654	0.02702702702702703	18745259
2024-05-27	0.008174386920980848	0.005994550408719315	0.02452316076294274	0.0027247956403268206	0.008174386920980848	11178098
2024-05-24	0.022284122562674213	0.002228412256267362	0.04345403899721455	0.002228412256267362	0.022284122562674213	10598418
2024-05-23	-0.021798365122615918	-0.0016348773841962472	-0.0005449591280654802	-0.022888283378746686	-0.021798365122615918	4689195
2024-05-22	0.006030701754386129	-0.0005482456140349787	0.008771929824561412	-0.003837719298245435	0.006030701754386129	3605021
2024-05-21	-0.012987012987013094	0.0005411255411254335	0.0005411255411254335	-0.01731601731601733	-0.012987012987013094	4872493
2024-05-20	0.017621145374449355	0.0011013215859030602	0.026982378854625465	-0.001651982378854688	0.017621145374449355	10471564
2024-05-17	0.015659955257270756	0.0005592841163311837	0.016778523489932928	0.0005592841163311837	0.015659955257270756	6830641
2024-05-16	-0.008869179600886927	-0.0022172949002216822	0.0033259423503327204	-0.012749445676274968	-0.008869179600886927	7912623
2024-05-15	-0.019565217391304318	0.0010869565217393005	0.00543478260869573	-0.020652173913043425	-0.019565217391304318	6536768
2024-05-14	-0.008086253369272352	-0.0037735849056603926	0.0016172506738543172	-0.019946091644204904	-0.008086253369272352	9179913
2024-05-13	-0.0010770059235325564	0.0037695207323640433	0.010770059235325756	-0.014001077005923616	-0.0010770059235325564	11047139
2024-05-10	0.010887316276537794	0.002721829069134497	0.016875340228633573	-0.0005443658138269767	0.010887316276537794	10251892
2024-05-09	0.009340659340659434	-0.002197802197802151	0.009890109890109874	-0.004945054945054937	0.009340659340659434	6652296
2024-05-08	-0.013015184381778849	0.0	0.005965292841648559	-0.014099783080260388	-0.013015184381778849	7145978
2024-05-07	-0.002164502164502118	0.001082251082251059	0.011363636363636409	-0.008658008658008665	-0.002164502164502118	6532332
2024-05-06	0.01260273972602742	0.006027397260273942	0.01424657534246584	0.0	0.01260273972602742	7613770
2024-04-30	0.003298515667949352	0.003848268279274342	0.01264431006047281	-0.001099505222649784	0.003298515667949352	5858345
2024-04-29	0.014500836586726245	-0.00167317345231462	0.017289459007250346	-0.011712214166201943	0.014500836586726245	7655030
2024-04-26	-0.006097560975609725	-0.0044345898004433644	0.0	-0.029379157427937782	-0.006097560975609725	8204353
2024-04-25	0.0016657412548582778	-0.004441976679622534	0.002776235424763862	-0.009994447529150652	0.0016657412548582778	2520170
2024-04-24	0.010662177328844067	-0.0016835016835017472	0.016835016835016876	-0.0016835016835017472	0.010662177328844067	4215383
2024-04-23	-0.007242339832869026	0.0027855153203343017	0.003342618384401241	-0.010027855153203327	-0.007242339832869026	2935191
2024-04-22	0.006165919282511179	-0.0033632286995514977	0.012331838565022358	-0.010089686098654693	0.006165919282511179	4624555
2024-04-19	-0.026200873362445438	-0.006550218340611408	-0.0021834061135370714	-0.031113537117903944	-0.026200873362445438	8891091
2024-04-18	-0.016111707841031185	-0.0010741138560687203	0.005370569280343602	-0.01664876476906564	-0.016111707841031185	8229599
2024-04-17	0.030437188710570044	0.004980630879911447	0.030437188710570044	-0.003320420586607566	0.030437188710570044	7749843
2024-04-16	-0.01472191930207195	-0.0005452562704471954	0.010905125408942165	-0.02017448200654313	-0.01472191930207195	5981397
2024-04-15	0.015503875968992312	0.0	0.028792912513842726	-0.004429678848283406	0.015503875968992312	7006951
2024-04-12	-0.01954397394136824	-0.005428881650380099	0.0010857763300759812	-0.02008686210640613	-0.01954397394136824	4274969
2024-04-11	0.011532125205930853	0.0	0.020867655134541405	-0.015925315760571067	0.011532125205930853	6013680
2024-04-10	-0.008709853021230275	-0.003810560696788257	0.00653238976592256	-0.01034295046271101	-0.008709853021230275	5626930
2024-04-09	-0.012365591397849485	0.0	0.001075268817204278	-0.016129032258064554	-0.012365591397849485	5305019
2024-04-08	0.01583833970507934	-0.0010922992900054382	0.018022938285090218	-0.013107591480065453	0.01583833970507934	6251446
2024-04-03	-0.00704989154013029	-0.0065075921908894245	0.0	-0.012472885032537984	-0.00704989154013029	3913836
2024-04-02	-0.007534983853605868	-0.003229278794402515	0.009149623250807412	-0.011840688912809412	-0.007534983853605868	5254328
2024-04-01	-0.008008542445275074	-0.0010678056593699718	0.0048051254671649685	-0.01227976508275496	-0.008008542445275074	6034180
2024-03-29	0.013528138528138528	-0.002705627705627744	0.016774891774891706	-0.005411255411255488	0.013528138528138528	5543562
2024-03-28	0.015384615384615448	0.0	0.02142857142857146	-0.016483516483516522	0.015384615384615448	6899751
2024-03-27	-0.010869565217391266	-0.0021739130434782145	0.004347826086956622	-0.016847826086956452	-0.010869565217391266	5443892
2024-03-26	0.0005437737901032088	-0.001631321370310013	0.007612833061446469	-0.013050570962479717	0.0005437737901032088	6589253
2024-03-25	-0.013941018766755927	-0.002680965147452931	0.007506702412868663	-0.014477211796246626	-0.013941018766755927	6639954
2024-03-22	-0.011134676564156992	-0.005302226935312719	-0.0005302226935311777	-0.01643690349946971	-0.011134676564156992	5363483
2024-03-21	-0.005798629414865548	0.002108592514496716	0.005271481286241509	-0.016868740115972603	-0.005798629414865548	8405847
2024-03-20	0.0	-0.0026357406431205673	0.0010542962572482643	-0.010015814443858606	0.0	7367992
2024-03-19	-0.016588906168999495	-0.004147226542249782	0.002073613271124891	-0.018662519440124387	-0.016588906168999495	6594477
2024-03-18	0.012598425196850312	0.0	0.015223097112860847	-0.0015748031496063588	0.012598425196850312	5987080
2024-03-15	0.0021041557075223115	-0.002630194634402983	0.0115728563913729	-0.005260389268805966	0.0021041557075223115	4230239
2024-03-14	-0.019091847265221746	-0.0025799793601651556	0.006191950464396336	-0.022187822497420007	-0.019091847265221746	5942066
2024-03-13	-0.0025733401955738916	-0.005146680391147783	0.0005146680391148515	-0.015440041173443166	-0.0025733401955738916	4782049
2024-03-12	-0.03237051792828678	0.0009960159362551358	0.0049800796812749714	-0.03834661354581671	-0.03237051792828678	7398293
2024-03-11	0.009045226130653252	0.016080402010050267	0.04221105527638191	0.0	0.009045226130653252	7237134
2024-03-08	0.017382413087934555	-0.0025562372188137608	0.019938650306748497	-0.005112474437627703	0.017382413087934555	4656011
2024-03-07	-0.00204081632653075	0.005102040816326422	0.009693877551020292	-0.00918367346938774	-0.00204081632653075	5403402
2024-03-06	0.04089219330855035	-0.0037174721189589346	0.05629314922995233	-0.005841741901221426	0.04089219330855035	7673481
2024-03-05	-0.0026483050847458003	-0.0026483050847458003	0.0058262711864406486	-0.013771186440677862	-0.0026483050847458003	4341238
2024-03-04	0.010165864098448246	-0.004815409309791324	0.010165864098448246	-0.01498127340823976	0.010165864098448246	3612711
2024-03-01	-0.02453027139874733	-0.005219206680584626	-0.001043841336116888	-0.03444676409185805	-0.02453027139874733	5741572
2024-02-29	0.001568217459487775	-0.005227391531625608	0.010454783063251401	-0.01097752221641387	0.001568217459487775	4545384
2024-02-28	-0.0077800829875519775	0.0010373443983402268	0.015041493775933565	-0.014522821576763543	-0.0077800829875519775	4712607
2024-02-27	0.010482180293501198	-0.0015723270440250307	0.013102725366876311	-0.0052410901467504125	0.010482180293501198	1990977
2024-02-26	-0.01700154559505419	0.0	0.005151983513652829	-0.020607934054610953	-0.01700154559505419	3221962
2024-02-23	-0.0025693730729702316	-0.0005138746145941194	0.016443987667009264	-0.008735868448098752	-0.0025693730729702316	3694079
2024-02-22	0.019916142557652127	-0.006289308176100496	0.02358490566037751	-0.006289308176100496	0.019916142557652127	3080284
2024-02-21	-0.009859885832900948	-0.01141670991177991	0.006227296315516399	-0.01868188894654901	-0.009859885832900948	4065946
2024-02-20	-0.004648760330578506	0.0005165289256199155	0.0005165289256199155	-0.02892561983471068	-0.004648760330578506	4051250
2024-02-19	0.05274605764002169	-0.000543773790103402	0.05274605764002169	-0.010331702011963092	0.05274605764002169	5235144
2024-02-08	0.0032733224222587167	-0.004364429896344698	0.010911074740862132	-0.03055100927441346	0.0032733224222587167	5456736
2024-02-07	-0.0270700636942676	0.0	0.0005307855626327793	-0.04405520169851371	-0.0270700636942676	4585103
2024-02-06	0.02502720348204575	0.0	0.03210010881392818	-0.009249183895538528	0.02502720348204575	3952583
2024-02-05	-0.007023230686115751	-0.00108049702863334	0.011345218800648151	-0.030253916801728915	-0.007023230686115751	3713318
2024-02-02	-0.016471838469713004	0.0037194473963868377	0.010095642933050014	-0.039319872476089375	-0.016471838469713004	2660670
2024-02-01	-0.00999473961073126	-0.0021041557075224984	0.008942661756969918	-0.015255128879537226	-0.00999473961073126	2366104
2024-01-31	-0.0036687631027251958	0.0026205450733752995	0.014675052410901529	-0.014150943396226395	-0.0036687631027251958	2060311
2024-01-30	-0.010373443983402637	-0.005186721991701318	0.010892116182572473	-0.01244813278008309	-0.010373443983402637	1873160
2024-01-29	0.006788511749347393	-0.0015665796344646258	0.020365535248041806	-0.0046997389033942485	0.006788511749347393	2547547
2024-01-26	-0.0010432968179448683	0.0010432968179446829	0.00991131977047458	-0.008868022952530082	-0.0010432968179448683	1990290
2024-01-25	0.038461538461538505	-0.002708559046587254	0.038461538461538505	-0.007583965330444234	0.038461538461538505	2689658
2024-01-24	0.014843320505772377	-0.0021990104452997636	0.014843320505772377	-0.015393073117097368	0.014843320505772377	2866392
2024-01-23	0.02652370203160285	0.0005643340857788692	0.03047404063205433	-0.01185101580135425	0.02652370203160285	2232229
2024-01-22	-0.032751091703056845	-0.006550218340611408	-0.0016375545851529004	-0.03820960698689952	-0.032751091703056845	1778489
2024-01-19	-0.008658008658008665	-0.005411255411255488	-0.002164502164502118	-0.017857142857142957	-0.008658008658008665	1562978
2024-01-18	-0.012292891501870679	-0.01603420630678785	-0.0037413148049171715	-0.05879208979155539	-0.012292891501870679	4078302
2024-01-17	-0.015781167806417713	-0.006312467122567122	0.007364544976328091	-0.01630720673329838	-0.015781167806417713	1315895
2024-01-16	0.006352567496029698	-0.002117522498676503	0.006352567496029698	-0.0148226574907359	0.006352567496029698	1535267
2024-01-15	-0.007878151260504127	-0.002100840336134409	0.005777310924369719	-0.009978991596638537	-0.007878151260504127	1564520
2024-01-12	0.0	-0.0036764705882353092	0.014180672268907542	-0.0036764705882353092	0.0	1366698
2024-01-11	-0.0005249343832021818	-0.005249343832021072	0.005249343832020885	-0.0068241469816272445	-0.0005249343832021818	1406975
2024-01-10	-0.009360374414976584	-0.0005200208008321145	0.005720228809152336	-0.016120644825792965	-0.009360374414976584	1404902
2024-01-09	0.006806282722513037	-0.0010471204188483311	0.012565445026177928	-0.007853403141361367	0.006806282722513037	1728753
2024-01-08	-0.023017902813299195	-0.0010230179028132775	-0.0010230179028132775	-0.025063938618925932	-0.023017902813299195	1514328
2024-01-05	-0.004075394803871538	-0.002037697401935769	0.013754457463066713	-0.01273560876209883	-0.004075394803871538	1925054
2024-01-04	-0.021435692921236277	0.0	0.0	-0.032901296111665014	-0.021435692921236277	2992274
2024-01-03	0.0035017508754377332	-0.00850425212606294	0.0105052526263132	-0.011505752876438064	0.0035017508754377332	3152598
2024-01-02	0.00908632004038363	0.0035335689045936543	0.014134275618374617	-0.0025239777889953137	0.00908632004038363	2901847
2023-12-29	0.01123021949974471	-0.007146503318019427	0.018376722817764136	-0.008677896886166317	0.01123021949974471	3417643
2023-12-28	0.009793814432989757	-0.0036082474226804273	0.012886597938144331	-0.008247422680412378	0.009793814432989757	2991509
2023-12-27	-0.02365374937091104	-0.003522898842476109	-0.003522898842476109	-0.041268243583291404	-0.02365374937091104	3578090
2023-12-26	-0.0020090406830737895	-0.011551983927674557	0.008036162732295337	-0.013561024610748346	-0.0020090406830737895	2799289
2023-12-25	0.02575991756826378	-0.004636785162287473	0.04276146316331779	-0.01391035548686242	0.02575991756826378	3496949
2023-12-22	0.003619441571871783	-0.0062047569803516545	0.005687693898655606	-0.015511892450879044	0.003619441571871783	2395578
2023-12-21	0.021119324181626112	0.0031678986272438603	0.03748680042238634	-0.012671594508975818	0.021119324181626112	2879891
2023-12-20	0.0042417815482503635	0.003711558854718997	0.02439024390243907	0.000530222693531366	0.0042417815482503635	2320144
2023-12-19	-0.02632937532266399	-0.006195147134744501	-0.006195147134744501	-0.034589571502323266	-0.02632937532266399	2104936
2023-12-18	0.0	-0.008776458440888058	0.0025813113061435573	-0.019101703665462107	0.0	2014066
2023-12-15	-0.009207161125319678	-0.0010230179028132775	0.005115089514066387	-0.0163682864450128	-0.009207161125319678	1991579
2023-12-14	-0.00508905852417292	0.0035623409669211345	0.004071246819338517	-0.013740458015267154	-0.00508905852417292	2229697
2023-12-13	0.009244992295839739	-0.0030816640986131858	0.009244992295839739	-0.0030816640986131858	0.009244992295839739	1514647
2023-12-12	-0.0035823950870010383	-0.0030706243602865264	0.005629477993858723	-0.008700102354145249	-0.0035823950870010383	1157534
2023-12-11	0.009819121447028305	-0.003100775193798567	0.01188630490956056	-0.019121447028423822	0.009819121447028305	2081081
2023-12-08	0.011500261369576709	-0.004181913225300486	0.018818609513852558	-0.005750130684788261	0.011500261369576709	2068895
2023-12-07	-0.006233766233766286	-0.0025974025974026343	0.005714285714285685	-0.00883116883116892	-0.006233766233766286	952124
2023-12-06	0.005221932114882581	-0.0031331592689294373	0.01096605744125331	-0.010443864229764977	0.005221932114882581	1265854
2023-12-05	-0.01744484350949204	-0.003591585428424666	0.003078501795792831	-0.01744484350949204	-0.01744484350949204	1227249
2023-12-04	0.0	-0.004617752693689065	0.007183170856849696	-0.00564391995895328	0.0	1547855
2023-12-01	0.002572016460905203	0.0010288065843621179	0.007201646090534825	-0.0056584362139919225	0.002572016460905203	919095
2023-11-30	0.002578648788035106	0.0010314595152140058	0.006704486848891129	-0.004125838060856207	0.002578648788035106	902413
2023-11-29	-0.005641025641025612	0.0030769230769230114	0.0030769230769230114	-0.011282051282051224	-0.005641025641025612	844251
2023-11-28	-0.004085801838610741	0.0	0.005107252298263607	-0.0097037793667006	-0.004085801838610741	908436
2023-11-27	-0.0035623409669211345	-0.005597964376590302	-0.001017811704834584	-0.023409669211195794	-0.0035623409669211345	1873690
2023-11-24	-0.0015243902439024968	-0.0015243902439024968	-0.0005081300813007119	-0.011178861788617829	-0.0015243902439024968	1456813
2023-11-23	0.004081632653061137	-0.0035714285714285856	0.007653061224489723	-0.007653061224489904	0.004081632653061137	1873743
2023-11-22	-0.01109989909182638	-0.004540867810292626	0.0035317860746720627	-0.020181634712411634	-0.01109989909182638	2104441
2023-11-21	0.0005047955577991703	-0.0025239777889953137	0.006562342251388317	-0.0025239777889953137	0.0005047955577991703	1486765
2023-11-20	-0.0030196275792653384	-0.0015098137896326692	0.0060392551585303185	-0.005535983895319548	-0.0030196275792653384	1750243
2023-11-17	-0.0015075376884420898	-0.002512562814070209	0.008040201005025133	-0.009547738693467223	-0.0015075376884420898	1341184
2023-11-16	-0.014851485148514887	-0.0024752475247525104	0.004455445544554449	-0.014851485148514887	-0.014851485148514887	1944665
2023-11-15	0.007481296758104667	0.001496259351620827	0.017456359102244284	-0.00548628428927678	0.007481296758104667	2874270
2023-11-14	0.0070316423907584415	-0.0045203415369161155	0.020592667001506786	-0.0045203415369161155	0.0070316423907584415	3170690
2023-11-13	-0.013379583746283428	0.0009910802775024566	0.006937561942517372	-0.0203171456888008	-0.013379583746283428	2611067
2023-11-10	0.019191919191919142	-0.007070707070707099	0.024747474747474667	-0.01666666666666676	0.019191919191919142	4176048
2023-11-09	-0.011482775836245651	-0.0059910134797803785	0.0074887668497253404	-0.011482775836245651	-0.011482775836245651	3841496
2023-11-08	-0.024354603019970774	-0.0004870920603994916	-0.0004870920603994916	-0.029225523623964998	-0.024354603019970774	5414126
2023-11-07	0.016336633663366427	0.005445544554455417	0.019306930693069334	-0.018811881188118763	0.016336633663366427	5140036
2023-11-06	0.007481296758104667	-0.0014962593516210042	0.011471321695760619	-0.012967581047381624	0.007481296758104667	3492966
2023-11-03	-0.0064420218037660555	0.003964321110010003	0.0257680872150644	-0.010901883052527199	-0.0064420218037660555	3315845
2023-11-02	-0.003948667324777978	-0.0004935834155973131	0.004442250740375116	-0.009871668311944859	-0.003948667324777978	1775912
2023-11-01	-0.007349338559529572	0.0019598236158745296	0.003919647231749059	-0.015188633023027864	-0.007349338559529572	2123730
2023-10-31	-0.004875670404680713	0.0004875670404679673	0.008288639687957003	-0.0073135056070210685	-0.004875670404680713	2976780
2023-10-30	0.014342235410484802	-0.004451038575667649	0.015825914935707234	-0.013353115727002946	0.014342235410484802	3460198
2023-10-27	-0.0009881422924900977	-0.015810276679841737	0.006916996047430859	-0.019268774703557166	-0.0009881422924900977	2690802
2023-10-26	0.014536340852130283	-0.005513784461152854	0.01854636591478702	-0.012531328320802006	0.014536340852130283	2473454
2023-10-25	-0.0025000000000000356	0.0	0.014000000000000058	-0.01150000000000002	-0.0025000000000000356	2038125
2023-10-24	0.014713343480466724	0.009132420091324187	0.017250126839167927	-0.01572805682394735	0.014713343480466724	2659055
2023-10-23	-0.0125250501002004	0.0005010020040079164	0.0125250501002004	-0.01753507014028063	-0.0125250501002004	1929024
2023-10-20	-0.0019999999999999575	-0.0035000000000000144	0.014499999999999957	-0.01150000000000002	-0.0019999999999999575	2505971
2023-10-19	-0.01283316880552821	0.0	0.0	-0.016288252714708875	-0.01283316880552821	2269590
2023-10-18	-0.01650485436893203	-0.0009708737864079187	0.0029126213592232386	-0.01699029126213599	-0.01650485436893203	2578500
2023-10-17	0.01278269419862348	0.0	0.016715830875122902	-0.003441494591937084	0.01278269419862348	2909189
2023-10-16	0.0029585798816567413	-0.006410256410256536	0.005917159763313483	-0.012820512820512896	0.0029585798816567413	2960512
2023-10-13	0.010463378176382702	0.005480817140009937	0.010463378176382702	-0.005979073243647284	0.010463378176382702	2675910
2023-10-12	0.03028747433264886	0.015400410677618106	0.03439425051334693	0.0035934291581108976	0.03028747433264886	3008094
2023-10-11	-0.007135575942915421	0.0020387359836900685	0.004077471967380137	-0.008664627930683063	-0.007135575942915421	2193506
2023-10-10	-0.016048144433299914	0.007021063189568556	0.007021063189568556	-0.01955867602808428	-0.016048144433299914	2553150
2023-10-09	0.0020100502512564174	-0.005025125628140597	0.006532663316583044	-0.015577889447236117	0.0020100502512564174	4530072
2023-09-28	0.02366255144032908	0.003600823045267504	0.026234567901234462	-0.0046296296296296224	0.02366255144032908	2911134
2023-09-27	0.006732263076126493	0.0031071983428276684	0.012428793371310306	-0.0005178663904711554	0.006732263076126493	1900298
2023-09-26	0.01311647429171039	-0.0020986358866736175	0.01678908709338931	-0.004721930745015732	0.01311647429171039	1846074
2023-09-25	-0.004179728317659449	-0.0005224660397075007	0.006792058516196395	-0.007314524555903896	-0.004179728317659449	1692317
2023-09-22	0.02080000000000003	-0.009599999999999985	0.02240000000000009	-0.009599999999999985	0.02080000000000003	1905070
2023-09-21	-0.008985200845666052	0.0026427061310780736	0.009513742071881591	-0.013742071881606846	-0.008985200845666052	2805452
2023-09-20	-0.0036861506055817133	-0.005792522380200076	0.0015797788309637251	-0.011058451816745514	-0.0036861506055817133	1105771
2023-09-19	-0.002101944298476232	-0.0036784025223331727	0.0010509721492380228	-0.010509721492380601	-0.002101944298476232	1210577
2023-09-18	-0.003664921465968601	-0.007329842931937202	0.003664921465968601	-0.009947643979057659	-0.003664921465968601	1387588
2023-09-15	-0.014447884416924541	0.0010319917440660255	0.0010319917440660255	-0.018059855521155722	-0.014447884416924541	1358826
2023-09-14	0.005186721991701134	-0.0015560165975104323	0.011410788381742679	-0.005186721991701318	0.005186721991701134	1536214
2023-09-13	-0.0025866528711845404	-0.005173305742369265	0.010346611484738895	-0.008277289187790823	-0.0025866528711845404	1661156
2023-09-12	-0.006680369989722639	-0.003597122302158288	0.009763617677286625	-0.007708119218910695	-0.006680369989722639	1447068
2023-09-11	-0.0015392508978962333	0.00615700359158548	0.019497178040020657	-0.005130836326321081	-0.0015392508978962333	2219335
2023-09-08	0.002572016460905203	-0.009259259259259245	0.01851851851851849	-0.013888888888888866	0.002572016460905203	2304249
2023-09-07	-0.0010277492291880562	0.004110996916752225	0.01181911613566292	-0.0061664953751285195	-0.0010277492291880562	2555654
2023-09-06	-0.007142857142857171	0.0015306122448978357	0.0030612244897958527	-0.011734693877551041	-0.007142857142857171	1478741
2023-09-05	-0.004570848146267134	0.007110208227526511	0.012188928390045628	-0.010157440325038234	-0.004570848146267134	1411740
2023-09-04	-0.012042147516306997	0.007024586051179156	0.007526342197691851	-0.016557952834922143	-0.012042147516306997	2444858
2023-09-01	0.011675126903553322	0.0060913705583756856	0.014213197969543205	-0.0005076142131978685	0.011675126903553322	2057899
2023-08-31	0.0020345879959307806	0.006103763987792522	0.017293997965411995	-0.006612410986775128	0.0020345879959307806	2012166
2023-08-30	0.01131687242798348	0.007716049382715976	0.03652263374485583	0.0030864197530863537	0.01131687242798348	2816529
2023-08-29	0.023157894736842172	0.0	0.025789473684210446	-0.0036842105263158046	0.023157894736842172	1954923
2023-08-28	0.014957264957265019	0.04220085470085485	0.06303418803418802	0.007478632478632509	0.014957264957265019	3105036
2023-08-25	0.0064516129032256685	-0.009677419354838694	0.01720430107526883	-0.016129032258064554	0.0064516129032256685	1857158
2023-08-24	-0.023109243697478875	0.0	0.0052521008403362095	-0.02521008403361347	-0.023109243697478875	2014238
2023-08-23	-0.002096436058700165	-0.002096436058700165	0.004192872117400517	-0.01100628930817596	-0.002096436058700165	1514471
2023-08-22	-0.0036553524804177695	0.0015665796344648114	0.01096605744125331	-0.022454308093994766	-0.0036553524804177695	1957942
2023-08-21	-0.006227296315516399	0.003113648157758107	0.013492475350285499	-0.009859885832900948	-0.006227296315516399	1662144
2023-08-18	-0.02033553634977133	0.0	0.003558718861209798	-0.02033553634977133	-0.02033553634977133	1437879
2023-08-17	0.02234927234927252	0.0020790020790022196	0.02962577962577964	-0.01507276507276503	0.02234927234927252	2393528
2023-08-16	-0.024340770791075075	-0.0015212981744420684	0.002028397565923058	-0.02636916835699795	-0.024340770791075075	1575565
2023-08-15	-0.005045408678102998	0.0	0.010595358224016188	-0.011604439959636751	-0.005045408678102998	1290764
2023-08-14	0.016410256410256424	-0.014358974358974418	0.020000000000000028	-0.018461538461538432	0.016410256410256424	2474916
2023-08-11	-0.013157894736842183	0.0005060728744938264	0.005060728744939163	-0.013663967611336189	-0.013157894736842183	1563536
2023-08-10	0.006109979633401272	-0.0010183299389001819	0.007637474541751455	-0.006619144602851273	0.006109979633401272	1211116
2023-08-09	-0.010579345088161251	-0.0015113350125945156	0.0015113350125943365	-0.015617128463476184	-0.010579345088161251	2062396
2023-08-08	-0.015376984126984064	0.0	0.006944444444444473	-0.019345238095238124	-0.015376984126984064	2107434
2023-08-07	-0.001980198019801938	0.000990099009900969	0.001980198019801938	-0.014851485148514887	-0.001980198019801938	1500369
2023-08-04	0.0	0.01188118811881198	0.02326732673267339	-0.0024752475247525104	0.0	2298637
2023-08-03	0.0024813895781638073	0.0014888337468983196	0.00843672456575691	-0.004962779156327438	0.0024813895781638073	1475800
2023-08-02	-0.003461918892185969	-0.0009891196834816802	0.0004945598417409279	-0.014342235410484627	-0.003461918892185969	1788725
2023-08-01	0.003972194637537154	0.0009930486593842886	0.01588877855014897	-0.0029791459781530424	0.003972194637537154	2807997
2023-07-31	0.006496751624187856	0.0	0.010494752623688021	-0.0009995002498752186	0.006496751624187856	2741602
2023-07-28	0.004518072289156619	-0.005522088353413804	0.008032128514056052	-0.018574297188755067	0.004518072289156619	3440760
2023-07-27	-0.024007839294463422	-0.0014698677119059842	0.013718765311122054	-0.025967662910338127	-0.024007839294463422	3426336
2023-07-26	-0.01066408143480363	0.0	0.003877847794474157	-0.012118274357731459	-0.01066408143480363	1738282
2023-07-25	0.00781631656082072	-0.0009770395701025683	0.01025891548607723	-0.008304836345871917	0.00781631656082072	2888730
2023-07-24	0.003923491907797856	0.000490436488474645	0.004413928396272675	-0.013241785188818026	0.003923491907797856	1799998
2023-07-21	0.006416584402764018	-0.0019743336623890767	0.006416584402764018	-0.01184600197433376	0.006416584402764018	2038548
2023-07-20	-0.00880626223091975	0.002935420743639859	0.002935420743639859	-0.01859099804305296	-0.00880626223091975	2068234
2023-07-19	0.005410723069355779	0.0014756517461879557	0.006394490900147692	-0.009345794392523253	0.005410723069355779	2267229
2023-07-18	-0.01882239382239385	-0.00048262548262538663	-0.00048262548262538663	-0.03233590733590725	-0.01882239382239385	3435801
2023-07-17	-0.004803073967339165	-0.0009606147934677989	0.0033621517771373816	-0.017771373679154708	-0.004803073967339165	2763896
2023-07-14	0.0019249278152068886	-0.003849855630413948	0.007218479307025918	-0.01876804619826759	0.0019249278152068886	3565351
2023-07-13	0.014648437500000035	0.0	0.015625000000000014	-0.013671875000000056	0.014648437500000035	3819936
2023-07-12	0.004906771344455418	0.0	0.009813542688910663	-0.013738959764474857	0.004906771344455418	3969550
2023-07-11	-0.023010546500479408	-0.0009587727708532873	-0.0009587727708532873	-0.03595397890699904	-0.023010546500479408	6231778
2023-07-10	-0.014177693761814778	0.0	0.02315689981096401	-0.01654064272211727	-0.014177693761814778	5768987
2023-07-07	0.016330451488952923	0.0	0.017291066282420723	-0.008165225744476546	0.016330451488952923	5094910
2023-07-06	-0.009514747859181698	-0.004281636536631773	0.008087535680304554	-0.012844909609895318	-0.009514747859181698	3776326
2023-07-05	-0.009891662741403713	0.002355157795572337	0.020254357041921797	-0.01648610456900619	-0.009891662741403713	7969259
2023-07-04	-0.017129629629629675	-0.0018518518518519768	-0.0018518518518519768	-0.033333333333333444	-0.017129629629629675	7026512
2023-07-03	-0.03999999999999994	-0.0004444444444445139	-0.0004444444444445139	-0.04399999999999993	-0.03999999999999994	9383676
2023-06-30	0.01305718144979735	-0.009455200360198148	0.01755965781179651	-0.018460153084196313	0.01305718144979735	8015741
2023-06-29	0.0004504504504505209	-0.009909909909909859	0.012162162162162144	-0.038288288288288196	0.0004504504504505209	9478832
2023-06-28	0.026352288488210834	-0.0018492834026814216	0.03975959315765139	-0.009246417013407272	0.026352288488210834	10964158
2023-06-27	-0.021709633649932177	-0.004070556309362273	-0.0036182722749886157	-0.04568068747173216	-0.021709633649932177	9144550
2023-06-26	0.06863218946350885	-0.011599806669888931	0.08748187530207824	-0.016433059449009177	0.06863218946350885	15163754
2023-06-21	0.0107474352711286	0.0	0.03175378602833425	-0.00781631656082072	0.0107474352711286	6019767
2023-06-20	0.00688637481554356	0.0073782587309396035	0.012788981800295208	-0.012788981800295033	0.00688637481554356	4532215
2023-06-19	-0.02634099616858241	0.0	0.005747126436781657	-0.02729885057471266	-0.02634099616858241	5322379
2023-06-16	-0.00047869794159892593	-0.005265677357587335	0.010052656773575913	-0.014839636189564494	-0.00047869794159892593	5864248
2023-06-15	0.02151589242053796	0.0004889975550123014	0.02151589242053796	-0.022982885085574518	0.02151589242053796	7091988
2023-06-14	-0.01016456921587613	0.004840271055179159	0.008228460793804364	-0.018393030009680494	-0.01016456921587613	3896695
2023-06-13	-0.007684918347742562	-0.0024015369836695825	0.0009606147934677989	-0.025936599423631083	-0.007684918347742562	4301739
2023-06-12	-0.02345215759849906	-0.004690431519699879	-0.004690431519699879	-0.033771106941838595	-0.02345215759849906	6131023
2023-06-09	0.03545410393394854	0.0004856726566295077	0.042739193783389945	-0.011656143759106287	0.03545410393394854	11290877
2023-06-08	0.015786877158362127	-0.008386778490379781	0.022200296003946685	-0.009373458312777567	0.015786877158362127	6850830
2023-06-07	0.001977261492832385	-0.011369253583786477	0.00395452298566477	-0.020761245674740567	0.001977261492832385	7728977
2023-06-06	-0.04799999999999998	-0.011764705882352941	-0.0018823529411764305	-0.0658823529411764	-0.04799999999999998	12168095
2023-06-05	0.02360308285163769	-0.0033718689788054083	0.028420038535645464	-0.018786127167630083	0.02360308285163769	11281214
2023-06-02	-0.011428571428571354	0.0004761904761905506	0.011904761904761904	-0.0185714285714286	-0.011428571428571354	12259624
2023-06-01	0.010101010101010142	-0.006253006253006206	0.029341029341029314	-0.030784030784030813	0.010101010101010142	16715739
2023-05-31	0.007267441860465048	-0.006782945736434136	0.007751937984496131	-0.016472868217054255	0.007267441860465048	12061766
2023-05-30	0.00830483634587209	-0.014167073766487502	0.03517342452369333	-0.027845627747923807	0.00830483634587209	18529913
2023-05-29	0.05624355005159958	0.009803921568627517	0.06501547987616108	-0.0030959752321980767	0.05624355005159958	20104256
2023-05-26	-0.04343534057255689	-0.009378084896347545	0.0019743336623889015	-0.04639684106614024	-0.04343534057255689	14432132
2023-05-25	0.01249375312343828	-0.010994502748625807	0.01949025487256357	-0.02448775612193913	0.01249375312343828	20811582
2023-05-24	0.005527638190954924	-0.0060301507537687165	0.05025125628140704	-0.0060301507537687165	0.005527638190954924	23537760
2023-05-23	-0.0015052684395384414	0.023582538886101297	0.023582538886101297	-0.011038635223281428	-0.0015052684395384414	27696914
2023-05-22	0.09988962472406174	-0.0016556291390729103	0.09988962472406174	-0.004966887417218535	0.09988962472406174	14466535
2023-05-19	-0.016286644951140104	-0.006514657980456079	0.0005428881650378941	-0.016286644951140104	-0.016286644951140104	3919301
2023-05-18	-0.020212765957446754	0.007446808510638328	0.007446808510638328	-0.022340425531914985	-0.020212765957446754	5670731
2023-05-17	0.004810261892036336	0.01015499732763216	0.013896312132549332	-0.011223944414751516	0.004810261892036336	4818294
2023-05-16	-0.0037273695420660426	-0.009584664536741198	0.005324813631522783	-0.018636847710330213	-0.0037273695420660426	6463805
2023-05-15	-0.021365294424179265	0.0	0.00573215216258465	-0.03804064616988016	-0.021365294424179265	11452443
2023-05-12	0.030612244897959197	0.004833512352309337	0.05263157894736844	-0.003222341568206352	0.030612244897959197	12072520
2023-05-11	0.011406844106463924	0.0	0.0320478001086366	-0.002715915263443819	0.011406844106463924	4366884
2023-05-10	0.005461496450027386	0.005461496450027386	0.019115237575095655	0.0016384489350082544	0.005461496450027386	4480398
2023-05-09	-0.018230563002680958	0.0	0.02198391420911529	-0.01983914209115268	-0.018230563002680958	6787991
2023-05-08	0.01801310043668113	-0.0005458515283843648	0.022925764192139635	-0.006004366812227043	0.01801310043668113	5219216
2023-05-05	0.007146783947223694	0.0	0.02199010445299607	-0.004947773501924126	0.007146783947223694	4929916
2023-05-04	0.008874098724348316	-0.011092623405435542	0.02440377149195772	-0.013311148086522572	0.008874098724348316	4930975
2023-04-28	0.0038975501113585904	-0.004454342984409903	0.007795100222717181	-0.012806236080178196	0.0038975501113585904	3058532
2023-04-27	0.010123734533183335	0.004499437570303616	0.02249718785151848	-0.001124859392575904	0.010123734533183335	3864612
2023-04-26	0.026558891454965407	0.001732101616628241	0.04214780600461896	-0.00692840646651276	0.026558891454965407	4590214
2023-04-25	-0.007449856733524299	0.0	0.009742120343839639	-0.02120343839541553	-0.007449856733524299	2564389
2023-04-24	-0.016901408450704265	-0.003943661971831002	0.0056338028169014885	-0.02478873239436627	-0.016901408450704265	3503656
2023-04-21	-0.0028089887640449836	0.0	0.019662921348314485	-0.006741573033707921	-0.0028089887640449836	3203591
2023-04-20	-0.019823788546255477	0.0022026431718061203	0.0022026431718061203	-0.03028634361233484	-0.019823788546255477	4078350
2023-04-19	0.011699164345403948	0.006685236768802284	0.019498607242339913	-0.005013927576601664	0.011699164345403948	3209349
2023-04-18	-0.0131940626717978	0.0016492578339745785	0.005497526113248921	-0.015942825728422358	-0.0131940626717978	3980950
2023-04-17	-0.002741228070175283	-0.0021929824561403044	0.008223684210526433	-0.007127192982456086	-0.002741228070175283	3644751
2023-04-14	0.044673539518900206	0.0011454753722794715	0.05956471935853374	-0.002290950744558943	0.044673539518900206	9884584
2023-04-13	-0.0017152658662091245	0.008004574042309925	0.015437392795883543	-0.0017152658662091245	-0.0017152658662091245	3423929
2023-04-12	-0.0062500000000001695	-0.002840909090909131	0.007954545454545284	-0.015340909090909268	-0.0062500000000001695	3496546
2023-04-11	-0.00621118012422357	0.0005646527385656697	0.0016939582156972096	-0.016939582156973502	-0.00621118012422357	3093454
2023-04-10	0.030250145433391478	0.0	0.050029086678301304	-0.002326934264107196	0.030250145433391478	7345448
2023-04-07	0.007620164126612108	0.0005861664712779346	0.009378663540445496	0.0005861664712779346	0.007620164126612108	1766570
2023-04-06	-0.0069848661233993595	-0.0011641443538998588	-0.0011641443538998588	-0.009313154831199077	-0.0069848661233993595	1926202
2023-04-04	-0.0069364161849711555	0.00231213872832365	0.0028901734104046653	-0.017341040462427786	-0.0069364161849711555	4462974
2023-04-03	-0.0074584050487664375	0.0022948938611588726	0.0022948938611588726	-0.012048192771084387	-0.0074584050487664375	3893263
2023-03-31	-0.004568817818389597	0.002284408909194697	0.004568817818389394	-0.008566533409480418	-0.004568817818389597	2185001
2023-03-30	0.010969976905311853	-0.0011547344110854256	0.017321016166281795	-0.005773672055427333	0.010969976905311853	3379993
2023-03-29	-0.003452243958572999	0.0	0.004602991944764203	-0.006329113924050601	-0.003452243958572999	2576108
2023-03-28	-0.0147392290249434	-0.002267573696145076	0.002267573696145076	-0.018140589569161012	-0.0147392290249434	3061902
2023-03-27	-0.035010940919037226	0.0005470459518598474	0.0005470459518598474	-0.041575492341356754	-0.035010940919037226	6368548
2023-03-24	0.012181616832779758	0.000553709856035524	0.026024363233665696	0.000553709856035524	0.012181616832779758	3807216
2023-03-23	-0.006600660066006655	-0.0071507150715070964	-0.0027502750275027895	-0.009900990099009885	-0.006600660066006655	1995719
2023-03-22	0.006644518272425305	-0.002214839424141703	0.009413067552602532	-0.003322259136212554	0.006644518272425305	1966534
2023-03-21	-0.0044101433296583155	0.004410143329658119	0.009371554575523602	-0.01433296582138928	-0.0044101433296583155	2543124
2023-03-20	-0.010365521003818753	-0.0010911074740861744	0.012002182214948306	-0.010365521003818753	-0.010365521003818753	3405748
2023-03-17	0.022308979364194008	0.007250418293363023	0.03346346904629121	-0.0011154489682096806	0.022308979364194008	3570301
2023-03-16	-0.012121212121212059	-0.0005509641873277141	0.008815426997245187	-0.019283746556473712	-0.012121212121212059	2813173
2023-03-15	0.012269938650306685	0.006134969325153342	0.019520356943669905	-0.0044617958728387225	0.012269938650306685	2578408
2023-03-14	0.006737787759685626	0.0016844469399214565	0.013475575519371253	-0.015160022459292509	0.006737787759685626	3761951
2023-03-13	-0.01602209944751396	0.0	0.0055248618784529205	-0.027624309392265192	-0.01602209944751396	5300309
2023-03-10	-0.023205612520237437	-0.005396654074473903	-0.004317323259579161	-0.023205612520237437	-0.023205612520237437	2162077
2023-03-09	0.006518196632265127	0.002715915263443819	0.010320478001086436	-0.003259098316132467	0.006518196632265127	1849187
2023-03-08	-0.003787878787878803	-0.004329004329004429	0.005952380952380922	-0.008658008658008665	-0.003787878787878803	2456574
2023-03-07	-0.01176470588235288	-0.0021390374331550347	0.003743315508021406	-0.012299465240641735	-0.01176470588235288	3372540
2023-03-06	0.0053763440860213904	0.0	0.008602150537634416	-0.004838709677419347	0.0053763440860213904	2617597
2023-03-03	0.01307189542483671	0.0	0.01742919389978215	0.0	0.01307189542483671	3400201
2023-03-02	-0.0021739130434782145	-0.0005434782608694571	0.006521739130434837	-0.0021739130434782145	-0.0021739130434782145	2123381
2023-03-01	0.003271537622682591	0.0016357688113413924	0.007633587786259573	-0.0027262813522355893	0.003271537622682591	3479674
2023-02-28	0.011583011583011631	0.002757859900717083	0.012686155543298425	-0.001654715940430093	0.011583011583011631	2026735
2023-02-27	-0.0005512679162073629	-0.0044101433296583155	0.006615214994487376	-0.006615214994487376	-0.0005512679162073629	1853896
2023-02-24	-0.015200868621064121	-0.0038002171552660303	0.0016286644951138752	-0.016286644951140104	-0.015200868621064121	3029128
2023-02-23	-0.005399568034557121	-0.0021598272138228483	0.0021598272138228483	-0.010799136069114432	-0.005399568034557121	2484535
2023-02-22	-0.010683760683760646	0.0016025641025641634	0.0016025641025641634	-0.012820512820512739	-0.010683760683760646	2427266
2023-02-21	0.0026780931976431257	-0.0010712372790574786	0.004284949116229153	-0.0074986609534012085	0.0026780931976431257	3128728
2023-02-20	0.0059267241379311955	-0.0005387931034481687	0.008081896551724253	-0.017780172413793014	0.0059267241379311955	3192984
2023-02-17	-0.006423982869379069	0.0	0.018736616702355536	-0.007494646680942215	-0.006423982869379069	3588202
2023-02-16	-0.036616812790098034	0.0	0.0030943785456420173	-0.03816400206291913	-0.036616812790098034	6040660
2023-02-15	-0.010714285714285758	0.0	0.0	-0.01836734693877566	-0.010714285714285758	5889095
2023-02-14	0.035393555203380965	0.0010565240359217947	0.03645007923930276	-0.001584786053882786	0.035393555203380965	9228595
2023-02-13	-0.0073413738856843505	0.004195070791819523	0.012060828526481406	-0.015207131620346048	-0.0073413738856843505	6167890
2023-02-10	0.010598834128245855	0.0	0.021727609962904088	-0.005299417064123022	0.010598834128245855	4811539
2023-02-09	0.01615508885298873	0.0010770059235325564	0.017232094776521285	-0.009154550350027017	0.01615508885298873	3405299
2023-02-08	-0.007482629609834343	0.0	0.0	-0.009086050240513186	-0.007482629609834343	1968522
2023-02-07	0.010259179265658816	0.00377969762419008	0.014578833693304512	-0.006479481641468736	0.010259179265658816	3285708
2023-02-06	-0.020105820105820054	-0.005291005291005179	-0.0015873015873014596	-0.020105820105820054	-0.020105820105820054	3014888
2023-02-03	-0.0021119324181627613	0.008975712777191032	0.011615628299894343	-0.016895459345300963	-0.0021119324181627613	5054952
2023-02-02	0.006376195536663177	0.0037194473963868377	0.018597236981934186	-0.0010626992561104981	0.006376195536663177	4871768
2023-02-01	-0.005285412262156523	-0.00634249471458779	-0.005285412262156523	-0.03276955602537003	-0.005285412262156523	4916939
2023-01-31	-0.013041210224308814	-0.0010432968179448683	0.0041731872717787315	-0.02034428794992178	-0.013041210224308814	4520950
2023-01-30	0.0	0.007303077725612781	0.011476264997391697	-0.004694835680751352	0.0	2887454
2023-01-20	0.005771248688352728	-0.0005246589716683111	0.007869884575026345	-0.00157397691500512	0.005771248688352728	1877309
2023-01-19	-0.009870129870129937	-0.0005194805194806007	0.0020779220779220337	-0.01506493506493502	-0.009870129870129937	2287509
2023-01-18	0.0015608740894901738	0.0031217481789803476	0.023933402705515135	0.0005202913631634529	0.0015608740894901738	2593990
2023-01-17	-0.006718346253230106	-0.002067183462532439	0.0051679586563306385	-0.009302325581395333	-0.006718346253230106	2099507
2023-01-16	0.03255069370330859	-0.002134471718249688	0.04535752401280691	-0.006403415154749063	0.03255069370330859	4229495
2023-01-13	-0.008465608465608473	0.0005291005291006119	0.003703703703703719	-0.012698412698412617	-0.008465608465608473	1879384
2023-01-12	-0.008394543546694656	-0.0031479538300104265	0.0073452256033578476	-0.011017838405036584	-0.008394543546694656	2677085
2023-01-11	-0.020051413881748102	0.0041131105398458535	0.0041131105398458535	-0.02056555269922872	-0.020051413881748102	3756413
2023-01-10	-0.01767676767676775	0.001515151515151393	0.002525252525252561	-0.020202020202020308	-0.01767676767676775	3171599
2023-01-09	0.010204081632653024	0.0	0.019897959183673316	-0.014795918367347076	0.010204081632653024	5247729
2023-01-06	0.035393555203380965	-0.001584786053882786	0.06550449022715277	-0.0026413100898045805	0.035393555203380965	10378363
2023-01-05	-0.01354872329338205	0.04116727462219902	0.04116727462219902	-0.015112037519541568	-0.01354872329338205	8490195
2023-01-04	0.010531858873091252	0.002632964718272813	0.01895734597156414	-0.00895208004212734	0.010531858873091252	6162392
2023-01-03	0.03940886699507383	-0.002736726874657948	0.04761904761904767	-0.009852216748768457	0.03940886699507383	8080966
2022-12-30	0.0032948929159801604	-0.003294892915980355	0.01702361339923112	-0.00713893465129064	0.0032948929159801604	3839594
2022-12-29	-0.031382978723404245	-0.015957446808510675	-0.013829787234042636	-0.04202127659574463	-0.031382978723404245	5478279
2022-12-28	0.0573678290213723	0.001124859392575904	0.07986501687289078	0.0	0.0573678290213723	11231899
2022-12-27	0.020080321285140645	0.0	0.020080321285140645	0.0	0.020080321285140645	3276774
2022-12-26	0.004032258064516145	0.010944700460829567	0.010944700460829567	-0.005760368663594347	0.004032258064516145	3218680
2022-12-23	0.0046296296296295305	0.004050925925925942	0.016782407407407357	-0.0034722222222223534	0.0046296296296295305	1896581
2022-12-22	-0.0063254744105807606	0.01552616446233465	0.017826336975273072	-0.0103507763082231	-0.0063254744105807606	2088998
2022-12-21	-0.014172335600907028	0.00680272108843543	0.009070294784580506	-0.021541950113378627	-0.014172335600907028	2845902
2022-12-20	-0.0005665722379602273	0.0005665722379604286	0.009065155807365447	-0.005099150141643052	-0.0005665722379602273	2640216
2022-12-19	-0.03128430296377609	-0.010428100987925232	0.004390779363337094	-0.034028540065861555	-0.03128430296377609	3653118
2022-12-16	-0.009782608695652159	-0.0048913043478260795	0.009782608695652159	-0.010326086956521617	-0.009782608695652159	2829473
2022-12-15	0.0021786492374727207	-0.0027233115468409974	0.007080610021786438	-0.008714596949891075	0.0021786492374727207	2257331
2022-12-14	-0.0032573289902281363	-0.0027144408251900494	0.007057546145493973	-0.005428881650380099	-0.0032573289902281363	2747968
2022-12-13	-0.012332439678284016	-0.00053619302949051	0.008042895442359364	-0.013404825737265416	-0.012332439678284016	2752915
2022-12-12	-0.0271257172665625	0.0005216484089722489	0.0041731872717787315	-0.03182055294731367	-0.0271257172665625	4709464
2022-12-09	0.010542962572483019	0.0015814443858724902	0.01581444385872434	0.0005271481286242258	0.010542962572483019	3758191
2022-12-08	-0.003152916447714255	-0.004729374671571196	0.007356805044666345	-0.007356805044666345	-0.003152916447714255	2172739
2022-12-07	-0.00833767587285045	0.000521104742053049	0.004689942678478366	-0.012506513809275767	-0.00833767587285045	3408651
2022-12-06	-0.030808080808080777	-0.0015151515151515726	-0.0010101010101009886	-0.03636363636363649	-0.030808080808080777	5527147
2022-12-05	0.01590559261159581	0.005643919958953463	0.02103642893791689	0.0005130836326321992	0.01590559261159581	3862461
2022-12-02	-0.013164556962025396	0.0020253164556961593	0.010126582278480976	-0.016202531645569635	-0.013164556962025396	3521446
2022-12-01	0.0	0.0015189873417722096	0.016202531645569635	-0.003037974683544239	0.0	3840776
2022-11-30	-0.01299350324837589	0.005997001499250246	0.005997001499250246	-0.016491754122938622	-0.01299350324837589	3855907
2022-11-29	-0.019117647058823385	0.0014705882352941736	0.004901960784313796	-0.038235294117646944	-0.019117647058823385	6673820
2022-11-28	-0.03864278982092367	-0.010367577756833123	-0.006597549481621139	-0.04005655042412808	-0.03864278982092367	5452560
2022-11-25	0.0376528117359413	-0.007334963325183305	0.03911980440097803	-0.01369193154034218	0.0376528117359413	6640850
2022-11-24	0.009876543209876508	-0.004938271604938342	0.011851851851851775	-0.0074074074074073374	0.009876543209876508	3303755
2022-11-23	-0.005891016200294599	0.01080019636720662	0.01080019636720662	-0.027491408934708014	-0.005891016200294599	4732125
2022-11-22	0.008415841584158501	-0.004455445544554449	0.013861386138613919	-0.009900990099009866	0.008415841584158501	3519380
2022-11-21	0.00949525237381298	-0.006496751624188033	0.016991504247876054	-0.02498750624687656	0.00949525237381298	3561891
2022-11-18	-0.010385756676557731	-0.0019782393669633604	-0.0004945598417407523	-0.016815034619188915	-0.010385756676557731	2958589
2022-11-17	0.0034739454094292947	-0.013399503722084347	0.004466501240694782	-0.026799007444168695	0.0034739454094292947	3987756
2022-11-16	0.0402684563758388	0.0020650490449147726	0.06814661848218896	0.0010325245224573863	0.0402684563758388	10545611
2022-11-15	0.027041357370095522	0.0	0.0440084835630966	-0.007953340402969172	0.027041357370095522	5489853
2022-11-14	0.006403415154749253	0.0037353255069370486	0.01921024546424776	-0.005869797225186737	0.006403415154749253	3629924
2022-11-11	0.007526881720429947	0.027419354838709567	0.029569892473118125	0.0064516129032256685	0.007526881720429947	2842474
2022-11-10	-0.021052631578947295	-0.011052631578947413	0.0	-0.021052631578947295	-0.021052631578947295	2950678
2022-11-09	0.01713062098501072	0.0	0.022483940042826642	-0.0037473233404711074	0.01713062098501072	3273461
2022-11-08	-0.006382978723404308	-0.012234042553191512	0.010106382978723284	-0.014893617021276655	-0.006382978723404308	4149243
2022-11-07	0.01731601731601733	-0.002164502164502118	0.025974025974025997	-0.00703463203463198	0.01731601731601733	4711445
2022-11-04	0.02952646239554324	0.003342618384401241	0.03732590529247921	0.0005571030640669395	0.02952646239554324	4777004
2022-11-03	-0.007739082365948069	-0.011608623548922104	0.0060807075732448555	-0.021558872305140992	-0.007739082365948069	3644709
2022-11-02	0.001106806862202522	-0.010514665190924255	0.001106806862202522	-0.03541781959048149	0.001106806862202522	5682049
2022-11-01	0.01860202931228872	0.006200676437429707	0.028184892897406992	0.0011273957158964558	0.01860202931228872	3589567
2022-10-31	-0.012249443207127083	0.008908685968819607	0.016146993318485476	-0.018374164810690524	-0.012249443207127083	3750300
2022-10-28	-0.04111051788574477	0.0	0.009076348104644855	-0.044313934863854876	-0.04111051788574477	4535312
2022-10-27	-0.015764582238570714	0.0026274303730949634	0.013137151865475564	-0.02049395691014191	-0.015764582238570714	3473990
2022-10-26	0.005282620179609161	-0.0010565240359217947	0.012678288431061911	-0.010565240359218134	0.005282620179609161	3546266
2022-10-25	0.0026483050847458003	0.0005296610169492354	0.014300847457627096	-0.01906779661016946	0.0026483050847458003	3768288
2022-10-24	-0.031794871794871844	0.005128205128205201	0.005128205128205201	-0.03589743589743586	-0.031794871794871844	4719572
2022-10-21	0.04838709677419347	0.0053763440860213904	0.06881720430107513	-0.0010752688172044691	0.04838709677419347	7336082
2022-10-20	-0.004815409309791324	-0.005350454788657111	0.009630818619582648	-0.025147137506688195	-0.004815409309791324	3611549
2022-10-19	-0.004262120404901348	-0.005860415556739448	0.01704848161960577	-0.013319126265316995	-0.004262120404901348	3693809
2022-10-18	0.008597528210639449	0.0032240730789899127	0.019881783987103763	0.0	0.008597528210639449	3966496
2022-10-17	-0.026673640167364097	-0.01673640167364018	-0.01307531380753138	-0.04184100418410045	-0.026673640167364097	4853633
2022-10-14	0.0436681222707424	0.0054585152838428725	0.058406113537117915	-0.012008733624454086	0.0436681222707424	7972308
2022-10-13	0.009366391184573098	-0.011019283746556436	0.01928374655647391	-0.02148760330578496	0.009366391184573098	5258601
2022-10-12	0.028328611898017	0.006232294617563909	0.028328611898017	-0.014730878186968726	0.028328611898017	4226851
2022-10-11	0.03762492651381522	-0.0005878894767784575	0.043503821281598964	-0.005291005291005282	0.03762492651381522	4226295
2022-10-10	-0.02185163887291541	0.0005750431282345032	0.02472685451408854	-0.03335250143760793	-0.02185163887291541	3815324
2022-09-30	0.0023054755043227172	-0.002881844380403499	0.017291066282420584	-0.006916426512968357	0.0023054755043227172	3782240
2022-09-29	-0.009703196347031859	0.014840182648401916	0.01883561643835627	-0.015410958904109566	-0.009703196347031859	3137442
2022-09-28	-0.03736263736263735	-0.004945054945054937	0.003846153846153862	-0.040109890109890134	-0.03736263736263735	4810033
2022-09-27	0.01960784313725478	0.009523809523809419	0.029691876750700143	-0.0005602240896359419	0.01960784313725478	4635912
2022-09-26	-0.02883569096844383	-0.0027203482045702236	-0.0027203482045702236	-0.031556039173014055	-0.02883569096844383	3923467
2022-09-23	-0.026998411858126074	-0.0005293806246692199	0.012175754367390176	-0.037586024351508776	-0.026998411858126074	5696969
2022-09-22	-0.020228215767634884	-0.0077800829875519775	-0.002074688796680638	-0.020228215767634884	-0.020228215767634884	4253051
2022-09-21	0.01848917062863188	-0.003697834125726375	0.022715266772319057	-0.02113048071843627	0.01848917062863188	4899951
2022-09-20	0.010138740661686301	0.004802561366061892	0.017609391675560398	0.004802561366061892	0.010138740661686301	3275520
2022-09-19	-0.01884816753926717	0.0005235602094239795	0.007853403141361182	-0.021989528795811605	-0.01884816753926717	4869422
2022-09-16	-0.044522261130565136	0.0060030015007504255	0.006503251625813035	-0.044522261130565136	-0.044522261130565136	6828857
2022-09-15	-0.049453162149310635	0.008559201141226805	0.01141226818830235	-0.049453162149310635	-0.049453162149310635	6915062
2022-09-14	-0.03443526170798898	-0.022038567493112966	-0.00596877869605154	-0.04178145087235997	-0.03443526170798898	5585998
2022-09-13	-0.006386861313868638	0.0027372262773722044	0.010492700729926864	-0.023266423357664302	-0.006386861313868638	5553155
2022-09-09	0.0013704888076747892	0.005025125628140678	0.015989036089538503	-0.00822293284604841	0.0013704888076747892	4992719
2022-09-08	-0.021457308895842665	-0.009834599910594655	0.009387572641931036	-0.025033527045149856	-0.021457308895842665	6624076
2022-09-07	0.04046511627906981	-0.009302325581395316	0.046511627906976744	-0.01860465116279063	0.04046511627906981	10815295
2022-09-06	0.021377672209026095	0.002850356294536756	0.025178147268408436	-0.011876484560570071	0.021377672209026095	6116837
2022-09-05	0.007177033492823069	-0.01052631578947363	0.013397129186602926	-0.01531100478468901	0.007177033492823069	4414519
2022-09-02	0.009174311926605394	0.0	0.030420086914533993	-0.009174311926605566	0.009174311926605394	7154719
2022-09-01	-0.021266540642722084	0.00047258979206056534	0.006143667296786342	-0.02410207939508514	-0.021266540642722084	4803779
2022-08-31	-0.04684684684684681	-0.01036036036036038	-0.00045045045045036085	-0.05540540540540543	-0.04684684684684681	7536480
2022-08-30	-0.02245706737120218	-0.005724350506384965	0.006605019815059382	-0.03698811096433288	-0.02245706737120218	5947975
2022-08-29	0.018385650224215254	-0.00896860986547082	0.029147982062780204	-0.024663677130044873	0.018385650224215254	7576447
2022-08-26	-0.014146772767462434	-0.018125552608311234	0.004420866489831913	-0.03227232537577367	-0.014146772767462434	8095888
2022-08-25	0.015716210148181475	0.01122586439155815	0.03996407723394704	-0.011674898967220387	0.015716210148181475	11108230
2022-08-24	-0.07208333333333335	-0.03125	-0.017916666666666654	-0.0783333333333333	-0.07208333333333335	17845515
2022-08-23	0.005025125628140745	-0.005025125628140597	0.02847571189279731	-0.024706867671691786	0.005025125628140745	17224888
2022-08-22	-0.0066555740432612375	0.04950083194675546	0.06905158069883528	-0.010399334442595675	-0.0066555740432612375	29130147
2022-08-19	0.10022883295194497	0.002288329519450671	0.10022883295194497	0.002288329519450671	0.10022883295194497	17675470
2022-08-18	-0.045017482517482416	-0.01617132867132856	-0.009615384615384566	-0.051136363636363556	-0.045017482517482416	19162234
2022-08-17	0.09999999999999991	0.013942307692307651	0.09999999999999991	0.009615384615384581	0.09999999999999991	20323619
2022-08-16	0.020608439646712547	0.009813542688910663	0.02453385672227674	0.0009813542688910488	0.020608439646712547	5545951
2022-08-15	0.007414730598121531	0.0009886307464161924	0.014829461196243237	-0.011369253583786477	0.007414730598121531	4632726
2022-08-12	0.004967709885742744	0.0	0.013412816691505196	-0.004967709885742567	0.004967709885742744	3439057
2022-08-11	0.02234636871508368	0.008125952260030479	0.025901472828847028	0.002539360081259378	0.02234636871508368	3392888
2022-08-10	-0.010552763819095342	-0.002512562814070209	0.0005025125628141489	-0.017085427135678385	-0.010552763819095342	2716938
2022-08-09	-0.005000000000000071	0.0	0.008500000000000086	-0.008500000000000086	-0.005000000000000071	2867458
2022-08-08	0.01163378856853821	-0.006575619625695448	0.01517450682852811	-0.012645422357106728	0.01163378856853821	3558056
2022-08-05	0.006106870229007685	0.0	0.006106870229007685	-0.022391857506361208	0.006106870229007685	4756544
2022-08-04	0.004601226993865024	0.0025562372188139425	0.015848670756646335	-0.006646216768916105	0.004601226993865024	2729166
2022-08-03	-0.00811359026369169	-0.005070993914807195	0.012677484787018257	-0.00862068965517232	-0.00811359026369169	2881603
2022-08-02	-0.049638554216867525	-0.01590361445783124	-0.01397590361445779	-0.05638554216867478	-0.049638554216867525	5185945
2022-08-01	-0.013314312886352883	-0.0014265335235378572	0.0014265335235376883	-0.029957203994293986	-0.013314312886352883	3472429
2022-07-29	-0.005673758865248107	-0.005200945626477515	0.016548463356974064	-0.008510638297872328	-0.005673758865248107	4228728
2022-07-28	0.00762267746545975	0.00047641734159130844	0.012386850881372157	-0.0009528346831824476	0.00762267746545975	2845596
2022-07-27	-0.008034026465028436	-0.00756143667296787	0.003308128544423454	-0.01039697542533076	-0.008034026465028436	2410935
2022-07-26	0.009541984732824393	-0.0028625954198474367	0.011927480916030533	-0.023377862595419942	0.009541984732824393	4179385
2022-07-25	-0.019644527595883917	0.00046772684752112084	0.005612722170252619	-0.021047708138447113	-0.019644527595883917	4504442
2022-07-22	-0.04039497307001805	-0.0035906642728905673	0.007630161579892197	-0.05251346499102341	-0.04039497307001805	10323035
2022-07-21	-0.01153504880212946	0.00976042590949434	0.013753327417923792	-0.012866015971605997	-0.01153504880212946	6610823
2022-07-20	0.00177777777777774	-0.0004444444444445139	0.010222222222222242	-0.01466666666666659	0.00177777777777774	5860579
2022-07-19	-0.00881057268722464	-0.00044052863436114584	0.004405286343612398	-0.02378854625550657	-0.00881057268722464	7383404
2022-07-18	0.026220614828209688	0.0	0.029385171790235014	-0.005424954792043445	0.026220614828209688	8596760
2022-07-15	-0.01073345259391764	0.0017889087656529135	0.010286225402504491	-0.017441860465116307	-0.01073345259391764	7291453
2022-07-14	-0.02272727272727271	-0.007867132867132856	-0.007867132867132856	-0.03452797202797199	-0.02272727272727271	10680396
2022-07-13	0.03295711060948083	-0.006772009029345309	0.03702031602708805	-0.02483069977426624	0.03295711060948083	10413565
2022-07-12	-0.009391771019678035	0.00044722719141330786	0.021914132379248746	-0.01833631484794276	-0.009391771019678035	8071117
2022-07-11	0.0058479532163742244	0.0008996851102114068	0.02519118308591987	-0.004498425551057194	0.0058479532163742244	8615536
2022-07-08	-0.015936254980079657	0.0	0.0026560424966798903	-0.021691013722886163	-0.015936254980079657	6458360
2022-07-07	0.022171945701357394	-0.0009049773755657523	0.03122171945701347	-0.009049773755656236	0.022171945701357394	9518516
2022-07-06	0.0	-0.009954751131221828	0.02262443438914027	-0.015837104072398252	0.0	6891260
2022-07-05	0.007751937984496202	0.011399908800729594	0.04331965344277242	-0.0009119927040583481	0.007751937984496202	9732290
2022-07-04	0.01810584958217273	-0.0027855153203342024	0.025069637883008318	-0.011142061281336975	0.01810584958217273	5998655
2022-07-01	-0.010110294117647169	0.002757352941176412	0.02389705882352939	-0.015165441176470671	-0.010110294117647169	6666704
2022-06-30	0.02738432483474985	0.0	0.038243626062322886	-0.0056657223796034465	0.02738432483474985	6111190
2022-06-29	-0.04637550652859077	0.0	0.003601981089599203	-0.04997748761818998	-0.04637550652859077	7937580
2022-06-28	0.025866050808314195	0.0023094688221709336	0.025866050808314195	-0.0018475750577366813	0.025866050808314195	6233151
2022-06-27	-0.007336084364970204	-0.004585052728106276	0.012379642365887188	-0.012379642365887188	-0.007336084364970204	4539575
2022-06-24	0.02925908447380828	-0.0037753657385560095	0.0420009438414345	-0.008494572911750813	0.02925908447380828	6500448
2022-06-23	0.0014177693761815281	-0.007088846880907305	0.0018903591682419257	-0.01654064272211727	0.0014177693761815281	3674209
2022-06-22	-0.02802021129995404	-0.0022967386311438086	0.0022967386311438086	-0.03536977491961413	-0.02802021129995404	4728958
2022-06-21	-0.012250453720508148	0.022686025408348458	0.038112522686025406	-0.024500907441016295	-0.012250453720508148	7014139
2022-06-20	0.027027027027026945	0.0	0.04846225535880704	0.0	0.027027027027026945	6745059
2022-06-17	0.005152224824355945	-0.0051522248243561115	0.015456674473067835	-0.00983606557377053	0.005152224824355945	3310859
2022-06-16	-0.01612903225806442	-0.004608294930875478	0.0009216589861750956	-0.019354838709677333	-0.01612903225806442	4776711
2022-06-15	0.006026889197960084	-0.0050996754751970064	0.03384330088085306	-0.011590171534538712	0.006026889197960084	6162953
2022-06-14	0.0023234200743494754	-0.014405204460966483	0.0027881040892192713	-0.038568773234200666	0.0023234200743494754	5793972
2022-06-13	-0.020482476103777847	-0.006372325898953144	-0.0009103322712789974	-0.030040964952207563	-0.020482476103777847	6298785
2022-06-10	0.002281021897810089	-0.008211678832116936	0.03330291970802905	-0.009124087591241005	0.002281021897810089	12185534
2022-06-09	-0.034786437692646374	-0.011889035667106982	0.00836635843240853	-0.03874944958168219	-0.034786437692646374	6066838
2022-06-08	0.013839285714285816	0.0	0.0392857142857144	-0.012499999999999893	0.013839285714285816	6672205
2022-06-07	-0.02183406113537118	-0.00043668122270733675	0.010480349344978254	-0.02794759825327498	-0.02183406113537118	4585245
2022-06-06	0.013274336283185714	-0.004424778761062009	0.02345132743362821	-0.012389380530973501	0.013274336283185714	4465099
2022-06-02	-0.009640666082383825	-0.005258545135845793	0.0008764241893076062	-0.016213847502191105	-0.009640666082383825	4410805
2022-06-01	-0.0013129102844639446	-0.00831509846827139	0.007439824945295323	-0.022757111597374313	-0.0013129102844639446	6404275
2022-05-31	-0.009965337954939207	0.009098786828422915	0.011698440207972406	-0.018197573656845677	-0.009965337954939207	7165891
2022-05-30	-0.010715816545220747	0.007286755250750181	0.013287612516073823	-0.03471924560651517	-0.010715816545220747	6632050
2022-05-27	0.014347826086956448	0.004347826086956583	0.014347826086956448	-0.0060869565217391555	0.014347826086956448	4501361
2022-05-26	0.008771929824561372	0.00657894736842099	0.020614035087719248	-0.006140350877193008	0.008771929824561372	5989287
2022-05-25	0.04587155963302752	0.007798165137614594	0.055045871559632996	-0.0032110091743119394	0.04587155963302752	6117551
2022-05-24	-0.023297491039426504	0.0	0.01836917562724015	-0.023297491039426504	-0.023297491039426504	5077212
2022-05-23	-0.004904146232724005	-0.0022291573785109546	-0.0022291573785109546	-0.019170753455193923	-0.004904146232724005	4427167
2022-05-20	0.01127141568981064	-0.000901713255184832	0.03065825067628493	-0.000901713255184832	0.01127141568981064	6544261
2022-05-19	0.031627906976744176	-0.01953488372093031	0.0395348837209303	-0.025581395348837244	0.031627906976744176	9023343
2022-05-18	0.012241054613936044	0.006120527306968106	0.026365348399246813	-0.020715630885122304	0.012241054613936044	7311205
2022-05-17	0.024108003857280617	-0.0019286403085824085	0.0260366441658632	-0.0072324011571841176	0.024108003857280617	5959299
2022-05-16	-0.010968049594659057	0.0019074868860277875	0.011444921316166047	-0.015259895088221283	-0.010968049594659057	4260364
2022-05-13	-0.024651162790697727	0.0018604651162790302	0.009767441860465156	-0.031162790697674497	-0.024651162790697727	6822459
2022-05-12	-0.019607843137254888	0.001367989056087603	0.025991792065663488	-0.03055175558595523	-0.019607843137254888	9153169
2022-05-11	0.06044487427466151	-0.004352030947775622	0.09816247582205034	-0.004352030947775622	0.06044487427466151	10924726
2022-05-10	0.01922129127649091	-0.01675702316412025	0.04090685066535248	-0.02858551010349918	0.01922129127649091	7467155
2022-05-09	-0.008793356130923288	-0.0048851978505128416	0.013190034196384934	-0.01514411333659007	-0.008793356130923288	2850226
2022-05-06	-0.030776515151515253	-0.027935606060606053	-0.0009469696969696767	-0.03835227272727283	-0.030776515151515253	3030733
2022-05-05	0.018322082931533392	-0.004339440694310505	0.04291224686595953	-0.021215043394406836	0.018322082931533392	6606132
2022-04-29	0.03855783675513268	0.0075112669003506325	0.06810215322984474	-0.005007511266900244	0.03855783675513268	6844593
2022-04-28	-0.029640427599611247	-0.024781341107871627	-0.012633624878522742	-0.05004859086491728	-0.029640427599611247	7757081
2022-04-27	0.019316493313521397	-0.019316493313521574	0.030212976721149053	-0.04903417533432402	0.019316493313521397	8725204
2022-04-26	-0.06527777777777778	0.005092592592592566	0.023148148148148147	-0.07638888888888898	-0.06527777777777778	7972283
2022-04-25	-0.04297740363314129	-0.02392556490917143	0.0035445281346919936	-0.04652193176783344	-0.04297740363314129	5528112
2022-04-22	0.05962441314553989	-0.009389671361502313	0.09765258215962433	-0.02816901408450711	0.05962441314553989	8242936
2022-04-21	-0.06946264744429881	-0.004368719965050302	0.0026212319790300882	-0.07295762341633909	-0.06946264744429881	5454448
2022-04-20	-0.013362068965517187	-0.005172413793103492	0.016379310344827543	-0.017672413793103456	-0.013362068965517187	3487181
2022-04-19	-0.012345679012345644	-0.0029799914857384733	0.015325670498084419	-0.01617709663686671	-0.012345679012345644	3460082
2022-04-18	0.011192423590185019	-0.020232458028411487	0.015927679724494232	-0.03056392595781321	0.011192423590185019	4043344
2022-04-15	0.01000000000000002	-0.005217391304347869	0.03391304347826092	-0.02826086956521733	0.01000000000000002	5898990
2022-04-14	-0.013299013299013245	0.008151008151008205	0.024453024453024465	-0.020163020163020115	-0.013299013299013245	5796531
2022-04-13	-0.03637866887143458	-0.007854485324514314	-0.007854485324514314	-0.040512608515915684	-0.03637866887143458	3292649
2022-04-12	0.004568106312292483	0.000830564784053286	0.012458471760797372	-0.018687707641195987	0.004568106312292483	3936577
2022-04-11	-0.028640580879386885	0.0	0.006454215409439296	-0.04558289632916495	-0.028640580879386885	5509886
2022-04-08	0.0052716950527169106	0.0	0.013787510137875096	-0.013381995133820027	0.0052716950527169106	3792180
2022-04-07	-0.029133858267716476	0.0007874015748032728	0.015354330708661441	-0.02992125984251961	-0.029133858267716476	4801210
2022-04-06	-0.02307692307692313	-0.013461538461538516	-0.010769230769230812	-0.038076923076923015	-0.02307692307692313	4633711
2022-04-01	-0.015151515151515098	-0.007575757575757549	0.004924242424242521	-0.019318181818181745	-0.015151515151515098	5418883
2022-03-31	-0.010494752623688198	-0.010119940029984991	-0.0037481259370315376	-0.044227886056971505	-0.010494752623688198	6899053
2022-03-30	0.043410246382479444	0.0	0.05905357841220172	-0.0007821666014860999	0.043410246382479444	7373124
2022-03-29	-0.011596443757247804	0.0003865481252415157	0.01198299188248932	-0.023579435639737124	-0.011596443757247804	4586771
2022-03-28	0.012128325508607289	0.012519561815336476	0.028560250391236323	-0.011345852895148638	0.012128325508607289	5970639
2022-03-25	-0.041260315078769746	0.003375843960990242	0.003375843960990242	-0.054388597149287295	-0.041260315078769746	8472958
2022-03-24	-0.02308537925980209	-0.008794430194210277	0.035544155368266855	-0.023818248442652935	-0.02308537925980209	9947991
2022-03-23	0.022480329711502354	0.015361558636193335	0.065192956163357	-0.012364181341326408	0.022480329711502354	12372693
2022-03-22	0.03129829984544058	0.0	0.04636785162287478	-0.009659969088098918	0.03129829984544058	7446781
2022-03-21	-0.012590614269362909	0.007630675314765329	0.009919877909194888	-0.030141167493323125	-0.012590614269362909	6167317
2022-03-18	0.024228214146150878	-0.0132864400156311	0.04064087534193041	-0.01563110590074242	0.024228214146150878	9731433
2022-03-17	-0.04975863349424433	0.01151132565911618	0.02042331971778688	-0.05681396212402529	-0.04975863349424433	13169051
2022-03-16	0.03576923076923076	0.025769230769230836	0.053846153846153794	-0.009615384615384616	0.03576923076923076	11602073
2022-03-15	-0.07043260636396136	-0.016803718269574504	0.00893814801573114	-0.07579549517339998	-0.07043260636396136	13197613
2022-03-14	-0.013403880070546827	-0.011640211640211704	0.026102292768959378	-0.029982363315696696	-0.013403880070546827	10689606
2022-03-11	-0.04222972972972973	-0.010135135135135158	0.0202702702702702	-0.06452702702702703	-0.04222972972972973	14199023
2022-03-10	-0.01431901431901431	0.021645021645021596	0.027972027972027965	-0.02697302697302705	-0.01431901431901431	20755385
2022-03-09	0.04126213592233014	-0.007975034674063816	0.07420249653259364	-0.013176144244105376	0.04126213592233014	22259464
2022-03-08	0.0252399573409172	0.0031994312122289323	0.048346960540348365	-0.029505865623889026	0.0252399573409172	18097148
2022-03-07	0.008967001434720229	-0.020803443328550872	0.06169296987087527	-0.020803443328550872	0.008967001434720229	18445891
2022-03-04	0.059673128088179414	-0.01216267578867352	0.0999619916381605	-0.03268719118206003	0.059673128088179414	21342514
2022-03-03	0.022144522144522158	0.006216006216006222	0.02952602952602959	-0.008547008547008503	0.022144522144522158	11068699
2022-03-02	0.00038865137971232067	-0.008550330353672711	0.00932763311309749	-0.015546055188496001	0.00038865137971232067	7753150
2022-03-01	-0.01793893129770988	-0.013740458015267154	0.017938931297710018	-0.01793893129770988	-0.01793893129770988	10627572
2022-02-28	-0.0030441400304414704	-0.015220700152207082	0.024353120243531222	-0.047945205479452115	-0.0030441400304414704	18245057
2022-02-25	0.10004185851820847	0.012976140644621126	0.10004185851820847	-0.01590623691921302	0.10004185851820847	21948733
2022-02-24	-0.010356255178127589	-0.010770505385252756	0.03479701739850869	-0.03935376967688481	-0.010356255178127589	9894693
2022-02-23	0.012159329140461179	0.0037735849056603713	0.01761006289308168	-0.0041928721174004785	0.012159329140461179	5886977
2022-02-22	-0.029698942229454715	-0.008136696501220475	-0.008136696501220475	-0.03539462978030909	-0.029698942229454715	6518421
2022-02-21	0.01654259718775842	0.001240694789081933	0.021505376344086002	-0.010752688172042928	0.01654259718775842	6348401
2022-02-18	-0.004118616144975346	-0.01112026359143326	0.02018121911037885	-0.024711696869851786	-0.004118616144975346	6365824
2022-02-17	-0.008169934640522847	-0.005310457516339829	0.012663398692810406	-0.01919934640522871	-0.008169934640522847	6865486
2022-02-16	-0.004878048780487845	0.00813008130081298	0.03130081300813006	-0.011788617886178972	-0.004878048780487845	6317673
2022-02-15	0.024146544546211568	-0.008742714404662818	0.04579517069109082	-0.009159034138218104	0.024146544546211568	7354439
2022-02-14	-0.057299843014128764	-0.028649921507064382	0.003139717425431644	-0.07378335949764517	-0.057299843014128764	11152714
2022-02-11	-0.05629629629629628	-0.021851851851851848	0.010370370370370412	-0.057777777777777733	-0.05629629629629628	9746276
2022-02-10	0.0018552875695733103	-0.023747680890538057	0.03821892393320969	-0.031539888682745744	0.0018552875695733103	11346481
2022-02-09	0.041747197526091934	-0.022033243138770787	0.09779667568612282	-0.026671820641669935	0.041747197526091934	15279993
2022-02-08	-0.002313922097955986	-0.03162360200539916	-0.002313922097955986	-0.0863864249903586	-0.002313922097955986	13674014
2022-02-07	0.010128554733151461	0.014803272302298363	0.05181145305804434	-0.026100506427736724	0.010128554733151461	12859974
2022-01-28	-0.0732851985559566	-0.08953068592057764	0.014440433212996467	-0.09999999999999999	-0.0732851985559566	20181374
2022-01-27	0.06252397391637894	-0.0084388185654008	0.10011507479861909	-0.02186421173762947	0.06252397391637894	28165360
2022-01-26	0.10000000000000005	0.004219409282700482	0.10000000000000005	-0.02362869198312231	0.10000000000000005	12979774
