code_name,ticker,created_at,text
天坛生物,sh.600161,2023-02-16,行业政策变化：浆站许可制度的实施和监管，可能影响血液制品行业的供应和竞争格局，从而影响天坛生物的市场份额和盈利能力。
天坛生物,sh.600161,2023-02-16,企业经营风险：浆站的运营和管理，以及血浆采集和产品质量控制等方面的风险，可能影响天坛生物的产品质量和声誉，从而影响其市场表现。
天坛生物,sh.600161,2023-02-16,市场竞争加剧：随着血液制品行业的不断发展和竞争加剧，天坛生物可能面临来自其他血液制品企业和新进入者的竞争压力，从而影响其市场份额和盈利能力。
