code_name,ticker,created_at,text
深信服,sz.300454,2024-03-20,深信服等新设科技公司，业务含物联网技术研发
深信服,sz.300454,2024-03-20,内蒙古深信安科技有限责任公司成立
深信服,sz.300454,2024-03-20,深信服全资子公司深圳市深信服投资控股集团有限公司等共同持股
