2022-01-07	-0.006551724137931079	-0.0034482758620690145	0.001034482758620729	-0.007068965517241321	-0.006551724137931079	63881165
2022-01-10	0.020479000347101695	0.0013884068031934295	0.0324540090246443	0.0010413051023950412	0.020479000347101695	75326858
2022-01-11	-0.012074829931972684	-0.0034013605442176145	0.005442176870748304	-0.014795918367346896	-0.012074829931972684	34700578
2022-01-12	0.0003442933379238427	0.003442933379239038	0.003442933379239038	-0.004992253399896819	0.0003442933379238427	25617132
2022-01-13	-0.005162622612286993	-0.001720874204095705	-0.001720874204095705	-0.005678884873515717	-0.005162622612286993	24645018
2022-01-14	-0.0027676872513406623	-0.0017298045320878986	-0.0001729804532088759	-0.0034596090641757973	-0.0027676872513406623	24019049
2022-01-17	-0.0008673026886382855	0.0	0.0012142237640936737	-0.0010407632263659179	-0.0008673026886382855	26815585
2022-01-18	0.0003472222222221531	0.0	0.0022569444444443653	-0.00017361111111107656	0.0003472222222221531	20774021
2022-01-19	-0.0006942034015966531	-0.00034710170079826485	0.0	-0.0006942034015966531	-0.0006942034015966531	37308915
2022-01-20	0.0008683570684266111	0.00017367141368539624	0.0022577283779090405	0.0	0.0008683570684266111	23180332
2022-01-21	-0.0008676036786396714	-0.00034704147145589323	-0.00017352073572800825	-0.0008676036786396714	-0.0008676036786396714	19184425
2022-01-24	0.010593956234803742	0.0017367141368530986	0.019972212573810325	0.001042028482111884	0.010593956234803742	29709778
2022-01-25	-0.010311050008592445	-0.004983674170819714	-0.0027496133356246194	-0.010311050008592445	-0.010311050008592445	18436817
2022-01-26	0.0006945650286507926	0.0	0.007119291543670717	-0.00017364125716279067	0.0006945650286507926	18821205
2022-01-27	-0.0008676036786396714	-0.0005205622071837782	0.0005205622071836549	-0.0008676036786396714	-0.0008676036786396714	33978377
2022-01-28	0.0	0.00017367141368539624	0.000521014241055942	0.0	0.0	29008049
2022-02-07	0.009899270580062527	0.002084056964223768	0.014414727335880485	0.002084056964223768	0.009899270580062527	24754931
2022-02-08	0.05417024935511606	0.0012037833190025845	0.07480653482373176	0.0012037833190025845	0.05417024935511606	39345289
2022-02-09	0.10000000000000016	-0.008156606851549756	0.10000000000000016	-0.009787928221859614	0.10000000000000016	51244290
2022-02-10	-0.021207177814029463	0.008453210737060554	0.01438528844727864	-0.044045676998368866	-0.021207177814029463	42181436
2022-02-11	0.009242424242424234	-0.007424242424242347	0.022272727272727257	-0.01666666666666658	0.009242424242424234	27567357
2022-02-14	-0.03903317820147117	-0.0019516589100734942	0.015012760846719712	-0.042185857979282426	-0.03903317820147117	22758754
2022-02-15	-0.017341040462427848	-0.0012498047180128948	0.009998437744102492	-0.023590064052491876	-0.017341040462427848	15999425
2022-02-16	0.009538950715421327	0.0060413354531002	0.02305246422893475	-0.0022257551669316467	0.009538950715421327	15860582
2022-02-17	-0.025511811023622006	0.0015748031496063215	0.016850393700787294	-0.0324409448818898	-0.025511811023622006	18282727
2022-02-18	0.014867485455720662	-0.006625727213962568	0.018907563025209996	-0.009372979961215342	0.014867485455720662	12345353
2022-02-21	0.011624203821656114	0.002866242038216556	0.020700636942675116	-0.0019108280254776665	0.011624203821656114	14266367
2022-02-22	-0.019360931843223735	-0.011490634345978341	0.003148118998898091	-0.032110813788761204	-0.019360931843223735	13392042
2022-02-23	0.012680577849117277	-0.0032102728731941534	0.023916532905296984	-0.0032102728731941534	0.012680577849117277	9221475
2022-02-24	-0.021715010302742185	-0.004596608020288576	-0.0014265335235378572	-0.03407830084006983	-0.021715010302742185	9444993
2022-02-25	-0.010693454309786075	0.007777057679844523	0.010045366169799166	-0.012637718729747264	-0.010693454309786075	9555678
2022-02-28	-0.008516213560432412	-0.001310186701605067	0.0019652800524074263	-0.030134294136914565	-0.008516213560432412	8002998
2022-03-01	-0.0028080607862570484	0.0	0.001816980508754533	-0.010571522960026438	-0.0028080607862570484	7004310
2022-03-02	0.001822097068080163	-0.005963226768262372	0.009607420904422816	-0.006791452708298768	0.001822097068080163	5147246
2022-03-03	0.025958994708994716	-0.001488095238095177	0.04083994708994719	-0.004133597883597884	0.025958994708994716	13645859
2022-03-04	-0.005479452054794462	-0.009830781627719573	0.018533440773569793	-0.015310233682514034	-0.005479452054794462	7769847
2022-03-07	-0.003727110678982401	-0.0034030140982012776	0.003565062388591782	-0.016690973910225265	-0.003727110678982401	8606539
2022-03-08	-0.006994144437215351	-0.00016265452179567357	0.006343526350032541	-0.02635003253090432	-0.006994144437215351	8105448
2022-03-09	-0.01326781326781319	-0.002457002457002434	0.005733005733005756	-0.0384930384930384	-0.01326781326781319	8524172
2022-03-10	-0.006142098273572452	0.007968127490039788	0.015106241699867141	-0.007138114209827353	-0.006142098273572452	7170705
2022-03-11	0.0038416569233339568	-0.009854685151160787	0.008017370970436012	-0.022047770168698855	0.0038416569233339568	8064343
2022-03-14	0.00765391014975043	-0.008319467554076539	0.053244592346089775	-0.010648918469217979	0.00765391014975043	12222221
2022-03-15	-0.02361294583883751	-0.0011558784676354076	-0.0011558784676354076	-0.025759577278731873	-0.02361294583883751	10037219
2022-03-16	0.03517672924065615	0.009470657872484274	0.04616945712836118	0.004227972264501945	0.03517672924065615	10366099
2022-03-17	-0.0029406959647116436	0.011436039862767452	0.016173827805914098	-0.012906387845123332	-0.0029406959647116436	7845907
2022-03-18	0.012289038177945272	-0.003277076847452119	0.013272161232180932	-0.00802883827625761	0.012289038177945272	5397223
2022-03-21	0.015053415344771766	-0.0032372936225316096	0.03334412431207514	-0.007283910650696064	0.015053415344771766	7168380
2022-03-22	0.02471695104449058	-0.006538032211768517	0.029022484452240475	-0.006538032211768517	0.02471695104449058	7983522
2022-03-23	0.004512916277622036	-0.0028011204481793775	0.018674136321194967	-0.010270774976657387	0.004512916277622036	7587236
2022-03-24	0.034082106893880755	0.007281177381874499	0.07854376452362521	0.00154918667699471	0.034082106893880755	16528877
2022-03-25	-0.011235955056179775	0.0	0.018726591760299626	-0.023220973782771492	-0.011235955056179775	8753122
2022-03-28	0.033333333333333375	-0.018181818181818226	0.037121212121212166	-0.024242424242424156	0.033333333333333375	9825730
2022-03-29	-0.0029325513196481355	0.0	0.014369501466275717	-0.01099706744868035	-0.0029325513196481355	7834188
2022-03-30	-0.00941176470588236	-0.001764705882353008	0.01558823529411768	-0.0163235294117647	-0.00941176470588236	8149139
2022-03-31	-0.007422802850356295	-0.005344418052256524	0.0028206650831353584	-0.020783847980997708	-0.007422802850356295	6023685
2022-04-01	0.02273407119353868	-0.002692192641340003	0.027221058929105705	-0.005982650314089227	0.02273407119353868	5782059
2022-04-06	-0.014624159110851126	-0.0058496636443403265	-0.0017548990933019938	-0.036560397777127815	-0.014624159110851126	7060501
2022-04-07	0.0	-0.009646779459780224	0.012169783318492245	-0.011724547343425231	0.0	5363226
2022-04-08	0.03235381418818651	-0.004155535767290014	0.03413475808845372	-0.008904719501335624	0.03235381418818651	10997508
2022-04-11	-0.010063254744105849	-0.005462909718228801	0.017826336975273072	-0.02228292121909139	-0.010063254744105849	10513754
2022-04-12	0.0013069997095556697	-0.0034853325588149126	0.007841998257333812	-0.016119663084519308	0.0013069997095556697	6121275
2022-04-13	0.01827411167512677	-0.003625815808556925	0.033792603335750515	-0.009717186366932584	0.01827411167512677	7342799
2022-04-14	-0.036462042444096114	0.0	0.011109528557185604	-0.07591511180743482	-0.036462042444096114	20509546
2022-04-15	-0.04375461936437557	-0.019807834441980834	-0.015816703621581777	-0.045084996304508664	-0.04375461936437557	11801229
2022-04-18	0.014530839387849711	-0.0013912505796877942	0.024424176843406992	-0.004482918534549267	0.014530839387849711	6006490
2022-04-19	0.005942404388237095	-0.00457108029864387	0.01310376352277921	-0.00457108029864387	0.005942404388237095	3334659
2022-04-20	0.0001514692517419739	-0.00030293850348373256	0.010299909118449059	-0.0033323235383217035	0.0001514692517419739	6679602
2022-04-21	-0.022414054217779856	-0.0034832651824928665	0.0040890504316219295	-0.03195517189156443	-0.022414054217779856	5595841
2022-04-22	0.019364833462432222	-0.008520526723470135	0.02726568551510465	-0.021378776142525105	0.019364833462432222	5925242
2022-04-25	0.00030395136778109454	-0.012158054711246157	0.018237082066869345	-0.013829787234042502	0.00030395136778109454	8866139
2022-04-26	-0.026435733819507673	-0.005013673655423858	0.0	-0.0294743239137039	-0.026435733819507673	6193213
2022-04-27	-0.001248439450686615	-0.0043695380774032636	0.0070224719101124045	-0.02933832709113601	-0.001248439450686615	8408818
2022-04-28	0.012031249999999938	-0.00015624999999996891	0.015625	-0.004687499999999956	0.012031249999999938	4216271
2022-04-29	0.0029334568473058167	-0.00741083835108831	0.025474756831866695	-0.008491585610622158	0.0029334568473058167	6107038
2022-05-05	-0.006157635467980165	0.0	0.005080049261083937	-0.011083743842364515	-0.006157635467980165	3846098
2022-05-06	-0.008828996282527885	-0.012236679058240383	-0.0009293680297398121	-0.019826517967781926	-0.008828996282527885	4188714
2022-05-09	0.010157837162056548	-0.002500390686044752	0.014220972026879258	-0.005782153461478427	0.010157837162056548	3673789
2022-05-10	-0.015315594059405972	-0.011448019801980229	-0.0038675742574257425	-0.01964727722772282	-0.015315594059405972	4219532
2022-05-11	-0.01822466614296931	-0.002985074626865636	-0.00078554595443829	-0.025923016496465022	-0.01822466614296931	9865138
2022-05-12	0.01072171547447583	-0.005120819331092979	0.012962073931829014	-0.007361177788446165	0.01072171547447583	5523786
2022-05-13	0.01931602279924001	-0.002374920835972112	0.02406586447118446	-0.002374920835972112	0.01931602279924001	5084914
2022-05-16	0.010717614165889993	0.0003106554830694351	0.0138241689965828	-0.004659832246039099	0.010717614165889993	3604467
2022-05-17	0.00015368065160604146	-0.0018441678192714053	0.011218687567235347	-0.004764100199784664	0.00015368065160604146	3104868
2022-05-18	0.02012907191149358	0.0	0.023048555623847573	-0.002612169637369418	0.02012907191149358	4295217
2022-05-19	-0.02470251543907216	-0.009640006025003775	0.0007531254707033763	-0.028769392980870563	-0.02470251543907216	5322458
2022-05-20	0.019305019305019305	0.0007722007722007283	0.020231660231660266	0.0003088803088802474	0.019305019305019305	3972097
2022-05-23	0.007424242424242347	-0.0018181818181818871	0.009999999999999948	-0.008939393939393992	0.007424242424242347	3639918
2022-05-24	-0.007519927808693037	0.00030079711234787536	0.009926304707474971	-0.00812152203338836	-0.007519927808693037	3186561
2022-05-25	0.020760721321412406	0.0	0.02667070768298235	-0.0016669192301863834	0.020760721321412406	4202738
2022-05-26	0.0005938242280285964	0.0002969121140141927	0.006680522565320707	-0.005195961995249322	0.0005938242280285964	2402005
2022-05-27	-0.006083086053412623	-0.0014836795252226784	-0.001186943620178227	-0.008902077151335437	-0.006083086053412623	2268551
2022-05-30	-0.0016420361247947372	0.00014927601134505323	0.00791162860128379	-0.011344976862218107	-0.0016420361247947372	2627026
2022-05-31	-0.009270334928229521	-0.0016447368421052548	0.004784688995215422	-0.014653110047846737	-0.009270334928229521	4678089
2022-06-01	-0.03727739209175982	-0.024449139752490256	-0.024449139752490256	-0.04467250226380935	-0.03727739209175982	3796505
2022-06-02	-0.0007838219156607174	-0.0025082301301143847	0.0058002821758895975	-0.007524690390343265	-0.0007838219156607174	3160183
2022-06-06	-0.00345152180734231	-0.0050203953561342995	0.00047066206463760804	-0.011609664261060589	-0.00345152180734231	5256040
2022-06-07	0.011649874055415647	0.0	0.015428211586901714	-0.00692695214105801	0.011649874055415647	5764133
2022-06-08	0.011671335200746964	0.00015561780267648467	0.013227513227513138	-0.007158418923124929	0.011671335200746964	3795029
2022-06-09	0.01107521919704659	-0.002922627288109705	0.01830487617289644	-0.004768497154283991	0.01107521919704659	5496809
2022-06-10	-0.0034991632435722496	-0.004107713372889247	0.014148790506617869	-0.005324813631523026	-0.0034991632435722496	6748344
2022-06-13	-0.016335877862595317	-0.00045801526717558985	0.005496183206106862	-0.019694656488549712	-0.016335877862595317	3563958
2022-06-14	-0.0037249728387398584	-0.008225981685550337	-0.001241657612913433	-0.011485332919447602	-0.0037249728387398584	4509513
2022-06-15	-0.008256737809627686	0.0012463000467362252	0.00451783766941901	-0.0091914628446798	-0.008256737809627686	5940677
2022-06-16	-0.003298774740810458	-0.00047125353440141427	0.0020420986490732418	-0.017593465284322925	-0.003298774740810458	5646216
2022-06-17	-0.01024428684003161	-0.007880220646178092	-0.00031520882584717296	-0.01339637509850278	-0.01024428684003161	6019731
2022-06-20	-0.003980891719745223	-0.0007961783439489994	0.0007961783439491125	-0.007643312101910779	-0.003980891719745223	5397141
2022-06-21	0.01023181454836132	0.0009592326139089092	0.014868105515587525	-0.000799360511590682	0.01023181454836132	5603808
2022-06-22	-0.029118531413198232	-0.0012660231049216378	-0.0007912644405759956	-0.03465738249723054	-0.029118531413198232	10324315
2022-06-23	-0.006356968215158933	-0.0047269763651181605	0.004074979625101874	-0.010268948655256765	-0.006356968215158933	6161437
2022-06-24	-0.006889763779527587	-0.0004921259842519871	0.0021325459317585722	-0.019028871391076174	-0.006889763779527587	13605739
2022-06-27	-0.003633961017509066	-0.001651800462504153	0.0009910802775025152	-0.011892963330029713	-0.003633961017509066	11008864
2022-06-28	-0.003647214854111387	-0.0013262599469495739	0.0019893899204243607	-0.007294429708222774	-0.003647214854111387	12502835
2022-06-29	0.014975041597337747	-0.0016638935108153315	0.019800332778702124	-0.0034941763727121605	0.014975041597337747	11050291
2022-06-30	-0.00819672131147541	-0.005573770491803335	-0.004590163934426248	-0.016229508196721344	-0.00819672131147541	9054543
2022-07-01	0.005619834710743858	-0.0011570247933884344	0.006280991735537232	-0.004958677685950366	0.005619834710743858	6630988
2022-07-04	-0.008547008547008598	0.0001643655489809009	0.001972386587771161	-0.01051939513477976	-0.008547008547008598	5350630
2022-07-05	-0.031498673740053024	-0.008620689655172466	-0.008620689655172466	-0.04525862068965512	-0.031498673740053024	42555252
2022-07-06	0.00821636425881542	-0.005477576172543654	0.013009243409791134	-0.008729887024991528	0.00821636425881542	17580040
2022-07-07	0.0003395585738540429	-0.0025466893039048995	0.0050933786078099196	-0.011544991511035649	0.0003395585738540429	9127399
2022-07-08	0.0	-0.0018669382213170303	0.008825526137135031	-0.008995247793618485	0.0	7755932
2022-07-11	0.011201629327902182	0.0001697216564833335	0.014256619144602788	-0.005940257976917879	0.011201629327902182	6934544
2022-07-12	0.0	-0.0013427324605572053	0.010909701242027503	-0.0052030882846592005	0.0	7315811
2022-07-13	0.018798254447801352	-0.00016784155756962085	0.03390399462907021	-0.0013427324605572053	0.018798254447801352	9027694
2022-07-14	-0.008896210873146725	0.00016474464579897875	0.006589785831960438	-0.011532125205930853	-0.008896210873146725	5324933
2022-07-15	-0.02277260638297868	0.0019946808510639055	0.0019946808510639055	-0.024601063829787183	-0.02277260638297868	7982286
2022-07-18	0.011906786868515103	0.0	0.013437659465895545	-0.014798435108011524	0.011906786868515103	6635858
2022-07-19	-0.00016809547823172155	-0.002857623129937833	0.0018490502605479817	-0.004874768868717417	-0.00016809547823172155	3776772
2022-07-20	0.014794889038332256	0.0	0.022864828513786257	-0.001681237390719474	0.014794889038332256	6592509
2022-07-21	0.0014910536779324621	-0.0008283631544068449	0.008117958913187574	-0.010603048376408226	0.0014910536779324621	5775311
2022-07-22	0.0021505376344085267	-0.0016542597187758712	0.009098428453267115	-0.0061207609594707115	0.0021505376344085267	4343815
2022-07-25	-0.0006602839220864831	-0.0024760647078243413	0.001485638824694675	-0.012380323539121822	-0.0006602839220864831	3797669
2022-07-26	-0.0008259002312520178	-0.0014866204162536556	0.003468780971258686	-0.013544763792533866	-0.0008259002312520178	5817763
2022-07-27	-0.01851545710034724	-0.002314432137543405	0.0009918994875185183	-0.018680773681600305	-0.01851545710034724	5459808
2022-07-28	-0.007916456122620834	0.0025265285497727084	0.004210880916287687	-0.007916456122620834	-0.007916456122620834	6446095
2022-07-29	-0.011884550084889572	-0.0016977928692699733	0.002716468590831981	-0.011884550084889572	-0.011884550084889572	4474286
2022-08-01	0.012027491408934634	0.0005154639175256706	0.01340206185567	-0.0048109965635739025	0.012027491408934634	7562368
2022-08-02	-0.0015280135823428915	-0.007300509337860776	-0.0003395585738539223	-0.021731748726655366	-0.0015280135823428915	8017047
2022-08-03	-0.011902737629654868	-0.004421016833871878	-0.0006801564359802609	-0.012752933174630164	-0.011902737629654868	4167941
2022-08-04	0.040268456375838986	0.003269660987781754	0.040784718637067584	-0.0010325245224574475	0.040268456375838986	11038226
2022-08-05	0.011579818031430864	-0.001157981803143098	0.021505376344085975	-0.004797353184450062	0.011579818031430864	8838444
2022-08-08	-0.02044153720359771	-0.004088307440719542	0.008830744071954198	-0.029435813573180657	-0.02044153720359771	7408341
2022-08-09	0.015025041736227021	0.0015025041736227616	0.021702838063439138	-0.0016694490818030287	0.015025041736227021	6227673
2022-08-10	-0.0006578947368420913	-0.003782894736842054	0.008223684210526315	-0.009046052631578901	-0.0006578947368420913	3984923
2022-08-11	0.009710335747202163	0.0004937458854509733	0.011520737327188987	0.0003291639236340212	0.009710335747202163	5474640
2022-08-12	0.02966585167074165	0.011083944580277094	0.04123879380603099	0.010105949470252607	0.02966585167074165	15021133
2022-08-15	0.00015830299192651592	-0.0001583029919266284	0.012980845337976893	-0.005382301725502666	0.00015830299192651592	8084989
2022-08-16	-0.01614434947768286	-0.0028490028490028444	0.005064893953782847	-0.017094017094017068	-0.01614434947768286	4772651
2022-08-17	0.0014478764478765029	0.00032175032175037205	0.004987129987130024	-0.008204633204633173	0.0014478764478765029	3771886
2022-08-18	0.007228915662650648	-0.004016064257028112	0.01397590361445779	-0.007389558232931741	0.007228915662650648	4341554
2022-08-19	0.014673046251993534	-0.006379585326953838	0.02312599681020738	-0.006379585326953838	0.014673046251993534	6465901
2022-08-22	0.024834957560515646	0.0	0.03269412134548893	-0.005029864822382903	0.024834957560515646	9397839
2022-08-23	-0.004294478527607379	-0.0029141104294478177	-0.0003067484662576077	-0.013803680981595179	-0.004294478527607379	5282566
2022-08-24	-0.010936537276648305	-0.0006161429451633742	0.005853357979051069	-0.020332717190388174	-0.010936537276648305	5582933
2022-08-25	0.016352593054041607	-0.0023360847220057854	0.02631988786793353	-0.0023360847220057854	0.016352593054041607	7002408
2022-08-26	-0.001379098988660794	-0.003984063745019998	0.004443763407906712	-0.009653692920625338	-0.001379098988660794	4947388
2022-08-29	-0.02071505293846864	-0.007211907319318687	0.00015344483658132754	-0.02086849777504986	-0.02071505293846864	5485501
2022-08-30	0.004387339392040019	0.0051707928549045035	0.00814791601378883	-0.013945471638984653	0.004387339392040019	5028378
2022-08-31	-0.0012480499219968534	-0.0003120124804991579	0.026053042121684897	-0.0029641185647425543	-0.0012480499219968534	9841575
2022-09-01	0.006872852233676941	0.001562011871290355	0.016557325835676387	0.0001562011871291021	0.006872852233676941	4443707
2022-09-02	-0.004343779087806189	0.0	0.005739993794601374	-0.011635122556624154	-0.004343779087806189	3613467
2022-09-05	0.014334683702087682	0.0	0.03147397943284506	-0.002960423808039963	0.014334683702087682	8243615
2022-09-06	-0.032872503840245676	-0.020430107526881586	-0.020430107526881586	-0.04316436251920116	-0.032872503840245676	7477677
2022-09-07	0.011277001270648044	-0.0027001270648030766	0.012706480304955482	-0.007306226175349441	0.011277001270648044	4676328
2022-09-08	0.017904821737081838	-0.000785299198994884	0.023716035809643553	-0.004240615674572061	0.017904821737081838	6565543
2022-09-09	0.008640641876253699	-0.0009257830581700705	0.019750038574294106	-0.0009257830581700705	0.008640641876253699	5644748
2022-09-13	-0.008872571515985899	-0.0007648768548265468	0.005048187241854035	-0.01713324154811082	-0.008872571515985899	4800358
2022-09-14	-0.011575860472295106	-0.008797653958944395	-0.002469516900756456	-0.018984411174564036	-0.011575860472295106	4274263
2022-09-15	0.0053091817613989565	0.0	0.008744534665833666	-0.00405996252342294	0.0053091817613989565	4643904
2022-09-16	-0.013668841255048083	-0.002174588381484942	0.0	-0.014445479962721228	-0.013668841255048083	5982783
2022-09-19	0.013543307086614165	0.0	0.0173228346456692	-0.007401574803149589	0.013543307086614165	5878159
2022-09-20	0.00031075201988806745	0.000776880049720279	0.008234928527035444	-0.007924176507147265	0.00031075201988806745	3894455
2022-09-21	-0.0059024541783161775	-0.004349176762969884	0.003261882572227524	-0.007300403852127973	-0.0059024541783161775	3234464
2022-09-22	0.008124999999999938	-0.003593749999999951	0.014843750000000044	-0.022812500000000013	0.008124999999999938	6222081
2022-09-23	0.060136391816491164	-0.0037197768133911176	0.06773093614383144	-0.0048047117172969975	0.060136391816491164	14208603
2022-09-26	-0.03230994152046795	-0.00643274853801187	-0.003508771929824694	-0.04005847953216387	-0.03230994152046795	11464658
2022-09-27	0.029913884272548784	0.00135972201238863	0.03656141411089291	-0.0010575615651910134	0.029913884272548784	9898948
2022-09-28	-0.01584274607598648	-0.009828370250843505	0.016136130262578763	-0.01672289863576354	-0.01584274607598648	9532239
2022-09-29	0.006111193918616732	-0.0013414815918915397	0.013265762408704734	-0.005514979877776189	0.006111193918616732	4243001
2022-09-30	0.01229629629629627	-0.00711111111111117	0.021629629629629537	-0.014814814814814815	0.01229629629629627	4969520
2022-10-10	0.04112395726620814	-0.0014634860237083905	0.05766134933411383	-0.003658715059271184	0.04112395726620814	13508961
2022-10-11	-0.0026707899915658943	-0.002249086308687048	0.0099803204947989	-0.020522912566769663	-0.0026707899915658943	6582936
2022-10-12	0.002536997885834991	-0.007892882311486995	0.021846370683579946	-0.007892882311486995	0.002536997885834991	6528262
2022-10-13	-0.007732321102207187	-0.008716434697033466	0.00576409391255463	-0.016448755799240853	-0.007732321102207187	7089132
2022-10-14	-0.024369509776140535	0.0	0.006942476622272526	-0.03117030320204028	-0.024369509776140535	10993038
2022-10-17	0.005954109787975553	-0.002613999419111133	0.02338077258205053	-0.0052279988382224725	0.005954109787975553	7247399
2022-10-18	-0.004763967085318295	-0.005630142919012568	0.013858813339107955	-0.014003175978056863	-0.004763967085318295	7073090
2022-10-19	0.018276762402088847	-0.009283434870902243	0.020452567449956435	-0.01203945459820131	0.018276762402088847	7735290
2022-10-20	-0.015099715099715132	-0.008547008547008668	0.018518518518518476	-0.024786324786324913	-0.015099715099715132	8523095
2022-10-21	-0.01865779577668508	-0.03095169221868673	0.003471217818918063	-0.0454150997975123	-0.01865779577668508	9884161
2022-10-24	-0.009727339719970474	0.0022107590272661118	0.013411938098747397	-0.0163596168017686	-0.009727339719970474	7927420
2022-10-25	-0.010418216996576914	0.0005953266855187715	0.009674058639678608	-0.027682690876618538	-0.010418216996576914	7407573
2022-10-26	-0.0031583696796509816	0.0	0.015190254173560012	-0.010227101819822419	-0.0031583696796509816	6913842
2022-10-27	0.026704888352444115	0.0021122510561255364	0.03862401931200969	-0.003319251659625813	0.026704888352444115	8195235
2022-10-28	-0.015723732549595786	-0.0036737692872887582	0.004996326230712762	-0.01734019103600283	-0.015723732549595786	5874102
2022-10-31	0.0032845625559868447	-0.0052254404299792254	0.013735443415945082	-0.01492982979994028	0.0032845625559868447	6134719
2022-11-01	0.03273809523809528	-0.006398809523809625	0.04538690476190472	-0.006398809523809625	0.03273809523809528	8556691
2022-11-02	-0.006916426512968357	-0.002881844380403499	0.011095100864553255	-0.021902017291066427	-0.006916426512968357	9172297
2022-11-03	-0.025681950087057398	0.0	0.0	-0.02930934416715026	-0.025681950087057398	8497799
2022-11-04	0.010424422933730283	-0.002084884586746099	0.023827252419955237	-0.005212211466865353	0.010424422933730283	8697797
2022-11-07	-0.02520265291083263	-0.0035372144436255698	-0.0001473839351509345	-0.028592483419307264	-0.02520265291083263	9027918
2022-11-08	0.007106138494103399	0.00030238887208944694	0.009978832778953683	-0.0039310553371636695	0.007106138494103399	6347905
2022-11-09	-0.005104338687884753	-0.0003002552169343345	0.0009007656508032169	-0.008857528899564681	-0.005104338687884753	4390751
2022-11-10	-0.00452693526482567	-0.0025652633167345964	0.0025652633167345964	-0.0051305266334689785	-0.00452693526482567	4717389
2022-11-11	0.010610883735031117	0.01015613157495834	0.016825829922692125	-0.0018190086402911103	0.010610883735031117	7318837
2022-11-14	-0.026548672566371622	0.0	0.0004499775011249608	-0.031198440077996072	-0.026548672566371622	9768568
2022-11-15	0.004930662557781096	-0.006009244992295848	0.012172573189522218	-0.006009244992295848	0.004930662557781096	7248852
2022-11-16	0.000459981600735988	0.00015332720024540197	0.008892977614228739	-0.0033731984053971	0.000459981600735988	4583067
2022-11-17	-0.006436781609195428	0.000766283524904171	0.009655172413793035	-0.011340996168582296	-0.006436781609195428	6720349
2022-11-18	0.02205768934135442	0.0023137436372050856	0.03146691346598807	-0.0007712478790682887	0.02205768934135442	9448004
2022-11-21	-0.0015092061575612515	-0.003169332930878478	0.019166918201026197	-0.003622094778146832	-0.0015092061575612515	7062190
2022-11-22	0.059552599758162	-0.002267230955259847	0.07496977025393	-0.003929866989117154	0.059552599758162	24625650
2022-11-23	-0.021825962910128408	-0.005848787446504944	-0.0022824536376604364	-0.029957203994293788	-0.021825962910128408	8507700
2022-11-24	-0.006708473093189351	-0.004812600262505445	0.009041855038646705	-0.008604345923873257	-0.006708473093189351	4996363
2022-11-25	0.05711349287916606	-0.0011745705476434928	0.05887534870063141	-0.006606959330494829	0.05711349287916606	14556390
2022-11-28	0.004166666666666628	-0.006944444444444444	0.005555555555555635	-0.013472222222222207	0.004166666666666628	8913597
2022-11-29	-0.015905947441217032	-0.00207468879668038	0.0013831258644537833	-0.02351313969571235	-0.015905947441217032	9530607
2022-11-30	0.03738580463808849	0.0005621925509485881	0.06816584680252978	-0.0063246661981729135	0.03738580463808849	15819291
2022-12-01	0.0013548299688388337	-0.0037935239127489654	0.0476900149031296	-0.017612789594905802	0.0013548299688388337	17857940
2022-12-02	-0.0198890542551752	-0.015424164524421602	-0.001623596265728458	-0.025706940874035876	-0.0198890542551752	8239610
2022-12-05	0.07109331860850367	0.003451131971286582	0.07399226946438431	0.003451131971286582	0.07109331860850367	16843820
2022-12-06	-0.010052841861064584	-0.010181724449027017	0.021265627013790325	-0.011986080680500152	-0.010052841861064584	12718188
2022-12-07	-0.04179143340710855	-0.005337846634552748	-0.00013019138133062253	-0.044916026559041825	-0.04179143340710855	12728776
2022-12-08	-0.02241847826086945	-0.0005434782608694571	-0.0005434782608694571	-0.027173913043478264	-0.02241847826086945	8685602
2022-12-09	0.013064628214037494	0.0004169562195969581	0.020152883947185583	-0.004864489228631112	0.013064628214037494	7522790
2022-12-12	0.011798600631087933	-0.012347372753464201	0.03114281794484835	-0.016325970640691422	0.011798600631087933	8789151
2022-12-13	-0.004745762711864329	-0.0061016949152542755	0.01694915254237288	-0.01315254237288134	-0.004745762711864329	4992278
2022-12-14	-0.016757493188010952	0.003542234332424944	0.003542234332424944	-0.020708446866485153	-0.016757493188010952	5337517
2022-12-15	-0.004433975336012296	-0.0054039074407648685	0.008590827213523687	-0.0054039074407648685	-0.004433975336012296	3681871
2022-12-16	-0.012108559498956025	-0.005149617258176623	-0.001252609603340142	-0.017258176757132846	-0.012108559498956025	6744415
2022-12-19	-0.030994646379261803	0.0016906170752323236	0.0035221189067342912	-0.03155818540433938	-0.030994646379261803	7608404
2022-12-20	0.0031986042454201636	0.0030532131433555357	0.013957545798197059	-0.008578075021808716	0.0031986042454201636	6241444
2022-12-21	0.0	-0.0008695652173913373	0.010724637681159346	-0.0028985507246377224	0.0	4384022
2022-12-22	0.00782608695652183	0.00405797101449277	0.027101449275362385	-0.003913043478260812	0.00782608695652183	8233218
2022-12-23	-0.0012942191544435347	-0.0034512510785160923	-0.00028760425654314394	-0.018550474547023386	-0.0012942191544435347	5061318
2022-12-26	0.02447804175665951	-0.0050395968322535425	0.025629949604031692	-0.006191504679625728	0.02447804175665951	6813035
2022-12-27	0.012087139845397039	0.0025298664792690454	0.019676739283204375	-0.0063246661981729135	0.012087139845397039	4782015
2022-12-28	-0.0140258297458687	-0.0030551312317733488	0.00499930565199277	-0.020969309818080893	-0.0140258297458687	4141370
2022-12-29	-0.030985915492957785	-0.0028169014084507443	-0.0005633802816902289	-0.033661971830985925	-0.030985915492957785	7649500
2022-12-30	-0.016424418604651096	-0.002906976744186088	0.0005813953488373003	-0.019186046511627808	-0.016424418604651096	9531833
2023-01-03	0.06324811585636177	0.0	0.06664696320378313	-0.0025121915176592536	0.06324811585636177	12678466
2023-01-04	0.019735927727588625	-0.0020847810979847904	0.02682418346073652	-0.006254343293954174	0.019735927727588625	9235592
2023-01-05	0.008450320294398123	-0.0040888646585799555	0.03448275862068967	-0.0040888646585799555	0.008450320294398123	10953241
2023-01-06	-0.007163130152723357	-0.0018921475875118337	0.0005406135964320348	-0.02689552642248946	-0.007163130152723357	7900872
2023-01-09	-0.0016335420637080091	-0.0009528995371629892	0.01619929213177256	-0.004492240675197363	-0.0016335420637080091	6321712
2023-01-10	-0.0038178347422961703	0.0	0.007908371966184869	-0.009953640578129315	-0.0038178347422961703	3319015
2023-01-11	0.01683547768957027	-0.0009581166164797069	0.019572953736654703	-0.0024637284423762226	0.01683547768957027	6012511
2023-01-12	0.022344864719343067	0.00013460761879110114	0.03540180374209174	-0.006595773320770077	0.022344864719343067	8970698
2023-01-13	-0.0065832784726793945	0.001316655694535804	0.015141540487162495	-0.014878209348255558	-0.0065832784726793945	10225574
2023-01-16	-0.021736249171636853	0.0	0.0	-0.02995361166335328	-0.021736249171636853	10275386
2023-01-17	-0.005148353881587799	0.00013548299688376784	0.005283836878471759	-0.012328952716434041	-0.005148353881587799	5730078
2023-01-18	0.014844069181533285	0.0	0.022742748195560224	-0.0005447364837260826	0.014844069181533285	6051688
2023-01-19	0.0008051529790660531	-0.0014761137949543671	0.007783145464304862	-0.00456253354804065	0.0008051529790660531	3425773
2023-01-20	0.04411370340573889	0.0009385894341647545	0.057253955484043925	-0.0008045052292840209	0.04411370340573889	13139136
2023-01-30	-0.02915114935148337	0.014126107615256123	0.017079748298446107	-0.030306921792731468	-0.02915114935148337	11875337
2023-01-31	0.007407407407407438	-0.005158730158730166	0.009259259259259297	-0.006216931216931202	0.007407407407407438	5224703
2023-02-01	0.011685924369747908	-0.0022321428571428796	0.026785714285714367	-0.0060399159663864724	0.011685924369747908	10186554
2023-02-02	-0.005710577547047343	-0.00038935756002597195	0.013367942894224544	-0.007008436080467126	-0.005710577547047343	5816252
2023-02-03	0.015663751468476737	-0.0053517817517294945	0.01879650176217201	-0.012531001174781278	0.015663751468476737	6813433
2023-02-06	0.006939982007453952	-0.00719701837810053	0.017864027759928038	-0.00719701837810053	0.006939982007453952	7906539
2023-02-07	-0.0197830248883216	-0.0011486917677088603	0.0010210593490748245	-0.026164645820038256	-0.0197830248883216	6980003
2023-02-08	-0.0067708333333332815	0.00013020833333339996	0.007552083333333312	-0.011328124999999875	-0.0067708333333332815	3733852
2023-02-09	0.005506030414263263	-0.0036706869428421753	0.00852123754588366	-0.00629260618772947	0.005506030414263263	5162166
2023-02-10	-0.007822685788787595	-0.0026075619295958647	0.0026075619295958647	-0.012516297262060078	-0.007822685788787595	6256341
2023-02-13	0.001314060446780664	0.00013140604467812243	0.006307490144546702	-0.002759526938239077	0.001314060446780664	5445031
2023-02-14	-0.012335958005249314	0.0006561679790025874	0.007874015748031421	-0.019422572178477742	-0.012335958005249314	6881437
2023-02-15	0.00983258038798824	-0.01009832580387995	0.013685888918416171	-0.016741961201169348	0.00983258038798824	11016542
2023-02-16	0.023684210526315752	-0.00499999999999994	0.07894736842105263	-0.005526315789473706	0.023684210526315752	21309683
2023-02-17	-0.02570694087403599	-0.003727506426735116	0.008997429305912633	-0.030205655526992215	-0.02570694087403599	10356104
2023-02-20	0.06490765171503961	0.005145118733509243	0.0751978891820581	0.005145118733509243	0.06490765171503961	18530291
2023-02-21	-0.008919722497522285	0.0009910802775024566	0.0029732408325073697	-0.025024777006937515	-0.008919722497522285	13060248
2023-02-22	-0.023249999999999993	-0.0125	-0.007000000000000029	-0.026125000000000044	-0.023249999999999993	7791948
2023-02-23	0.0005119017148708248	-0.0016636805733298624	0.008318402866649676	-0.00755055029434353	0.0005119017148708248	5485670
2023-02-24	-0.0037093885904324153	0.00038372985418248817	0.0014070094653363958	-0.009849066257354952	-0.0037093885904324153	5521943
2023-02-27	0.007831557324431884	-0.0011554756708178637	0.020028244960842243	-0.007831557324431884	0.007831557324431884	7844377
2023-02-28	0.026751592356687826	0.01910828025477707	0.04076433121019112	0.008280254777070136	0.026751592356687826	17739676
2023-03-01	0.04975186104218369	-0.0009925558312654877	0.066377171215881	-0.006451612903225758	0.04975186104218369	25567788
2023-03-02	0.001418272071859172	-0.008391443091833043	0.019737619666706084	-0.013119016664696838	0.001418272071859172	14879336
2023-03-03	0.025610763602029997	-0.002242417089578635	0.050159329635312166	-0.007907470789566879	0.025610763602029997	17193423
2023-03-06	0.03107019562715752	0.012888377445339359	0.07698504027617949	0.0069044879171460795	0.03107019562715752	26026986
2023-03-07	-0.036160714285714234	-0.0022321428571427304	0.015625000000000066	-0.04933035714285701	-0.036160714285714234	28019604
2023-03-08	0.025358962482630823	-0.012274201018990299	0.025937934228809575	-0.018063918480778166	0.025358962482630823	20081165
2023-03-09	0.023263692828910245	-0.011518915866741909	0.055561829474872974	-0.03263692828910221	0.023263692828910245	26734693
2023-03-10	-0.013353934444321749	-0.009711952323143092	0.03608873192804322	-0.020748261781260297	-0.013353934444321749	20963344
2023-03-13	0.09999999999999996	0.00950782997762857	0.09999999999999996	0.00950782997762857	0.09999999999999996	34548575
2023-03-14	-0.00172869635956886	0.0	0.022778116737848228	-0.01667683546878178	-0.00172869635956886	31987700
2023-03-15	0.010797596006926783	0.0	0.013242334725476186	-0.0322909239075074	0.010797596006926783	26950883
2023-03-16	0.008364405925627313	-0.012395444925929698	0.03517081527763776	-0.016325707951224473	0.008364405925627313	30073345
2023-03-17	0.010393763741754868	-0.008794723166100294	0.011892864281431118	-0.01958824705176902	0.010393763741754868	27671591
2023-03-20	-0.09040553907022751	-0.006923837784371797	-0.0021760633036597317	-0.09792284866468835	-0.09040553907022751	51813170
2023-03-21	-0.003914745541539794	-0.008155719878207917	0.008046976946498577	-0.020117442366246133	-0.003914745541539794	29725289
2023-03-22	0.005021834061135458	-0.004694323144104723	0.020524017467249016	-0.01997816593886461	0.005021834061135458	27238703
2023-03-23	0.011079730610471388	-0.006843363024114658	0.02031283945253101	-0.01998696502281125	0.011079730610471388	32240540
2023-03-24	-0.023850451224752888	-0.0019338203695744801	-0.0009669101847873164	-0.05371723248818221	-0.023850451224752888	44503932
2023-03-27	-0.03202729473915911	-0.010455646048866419	-0.00781421967862639	-0.045344486022452175	-0.03202729473915911	35308484
2023-03-28	0.005798749289368856	0.00011370096645811148	0.015349630471858946	-0.0062535531552017866	0.005798749289368856	25509285
2023-03-29	0.003843545105132302	-0.007460999321727296	0.010513226316979504	-0.027243952068731595	0.003843545105132302	22288996
2023-03-30	-0.027702702702702635	-0.009009009009008978	-0.0038288288288288673	-0.04515765765765756	-0.027702702702702635	25943630
2023-03-31	0.04204308547602496	0.0005791058605512759	0.05130877924484587	0.0005791058605512759	0.04204308547602496	25505487
2023-04-03	0.030565744136934535	-0.007446926753362251	0.03923530065577416	-0.019895520729131845	0.030565744136934535	31470563
2023-04-04	0.048209663503019834	-0.007765314926660902	0.07085849870578093	-0.011432269197584149	0.048209663503019834	36110611
2023-04-06	0.0	-0.017285728984463348	0.013067187982302665	-0.030764481942586634	0.0	19496608
2023-04-07	-0.006893713344994359	-0.005144562197756971	0.01749151147237373	-0.014404774153719432	-0.006893713344994359	14307820
2023-04-10	0.007563199336925031	0.00020721094073777697	0.03004558640696235	-0.008910070451719845	0.007563199336925031	19096731
2023-04-11	-0.02735218508997426	0.00030848329048844354	0.00030848329048844354	-0.043701799485861184	-0.02735218508997426	17956868
2023-04-12	0.02812136589491486	-0.004123057405645423	0.0423934876836874	-0.008457553652605953	0.02812136589491486	16586896
2023-04-13	-0.02210796915167101	-0.004627249357326508	0.011002570694087334	-0.02570694087403599	-0.02210796915167101	15602637
2023-04-14	0.03364879074658258	0.0	0.04731861198738171	-0.00588853838065182	0.03364879074658258	18435234
2023-04-17	0.04587995930824013	-0.00010172939979644867	0.047812817904374395	-0.011190233977619474	0.04587995930824013	26066336
2023-04-18	0.02791557241513476	-0.0010699348312420915	0.031028110106020794	-0.01760529131407453	0.02791557241513476	25030772
2023-04-19	-0.037850113550340646	-0.011165783497350555	-0.00681302043906144	-0.04636638909916735	-0.037850113550340646	19477417
2023-04-20	0.01003147128245472	-0.007867820613690119	0.02527537372147908	-0.02006294256490958	0.01003147128245472	21582400
2023-04-21	-0.013729308666017494	-0.0103213242453749	0.02726387536514116	-0.027361246348588143	-0.013729308666017494	22776117
2023-04-24	-0.004837595024188065	-0.0097739164774411	0.01579622865040966	-0.01964655938394717	-0.004837595024188065	14958334
2023-04-25	0.010912698412698497	-0.004761904761904801	0.02579365079365088	-0.012896825396825368	0.010912698412698497	16921914
2023-04-26	-0.043375858684985294	-0.00893032384690884	-0.005004906771344506	-0.05789990186457317	-0.043375858684985294	18462293
2023-04-27	0.019696347968814133	-0.010258514567090685	0.025851456709068486	-0.01466967583093975	0.019696347968814133	11589552
2023-04-28	0.01730382293762574	-0.0040241448692153485	0.02213279678068399	-0.006338028169014181	0.01730382293762574	12243268
2023-05-04	0.026898734177215177	-0.0014833860759494231	0.028481012658227802	-0.012064873417721507	0.026898734177215177	15569863
2023-05-05	-0.01800847457627123	-0.007607858243451524	0.006452234206471511	-0.027927580893682642	-0.01800847457627123	10968419
2023-05-08	0.05570265764440528	0.011081690693341134	0.07472786113562817	0.00039227223693249244	0.05570265764440528	25940933
2023-05-09	-0.03650719925685097	-0.004366000928936357	-0.0013934045517882553	-0.043195541105434325	-0.03650719925685097	14761150
2023-05-10	-0.006941766293868096	-0.005977632086386469	0.005399151561897438	-0.020439645198611692	-0.006941766293868096	11072084
2023-05-11	-0.029611650485436864	-0.006310679611650541	-0.0048543689320388345	-0.049029126213592206	-0.029611650485436864	17527173
2023-05-12	-0.0381190595297649	-0.0008004002001000329	0.01010505252626304	-0.03951975987994	-0.0381190595297649	18704576
2023-05-15	0.008009153318077762	-0.006656958602038699	0.016122321614312433	-0.038069482005408745	0.008009153318077762	22099593
2023-05-16	-0.027654524816840293	-0.004230729542874797	0.0030956557630791165	-0.02817046744402012	-0.027654524816840293	13321713
2023-05-17	-0.0333227210018041	-0.013053167780961519	-0.010930701475114095	-0.04276769606282501	-0.0333227210018041	24762835
2023-05-18	0.014381381051707127	0.004720605994071716	0.028433417499176675	0.00010978153474575589	0.014381381051707127	18408280
2023-05-19	0.007683982683982616	-0.0033549783549783794	0.016233766233766232	-0.01645021645021656	0.007683982683982616	13252758
2023-05-22	0.014606379551068622	-0.0022553968424443537	0.02760176135753418	-0.009773386317259119	0.014606379551068622	13727736
2023-05-23	-0.030380014819519473	-0.0049751243781094405	0.00878585794432093	-0.03069757595003711	-0.030380014819519473	12777300
2023-05-24	-0.014301310043667992	-0.0027292576419213977	0.006768558951965115	-0.016266375545851475	-0.014301310043667992	13184111
2023-05-25	0.013401262598294314	0.0011075423634953406	0.014508804961789655	-0.014951821907188044	0.013401262598294314	13517365
2023-05-26	0.024808743169398864	-0.00546448087431694	0.03387978142076496	-0.006448087431694026	0.024808743169398864	18001541
2023-05-29	0.00725178628559248	0.00031993174789379477	0.023674949344139905	0.00031993174789379477	0.00725178628559248	11275556
2023-05-30	0.021281101111699216	-0.005611434621492865	0.025939650608787748	-0.013022763366860814	0.021281101111699216	14645565
2023-05-31	-0.0006220194899438945	-0.004561476259589444	0.016068836823553923	-0.007878913539290804	-0.0006220194899438945	12526703
2023-06-01	0.02531120331950205	-0.0010373443983403374	0.027074688796680492	-0.004356846473029063	0.02531120331950205	14426751
2023-06-02	0.004552812626467046	0.001618777822743794	0.011230271145285303	-0.013557264265479598	0.004552812626467046	9885065
2023-06-05	-0.01802799879141914	0.0007050055393291689	0.0037264578507401583	-0.020545875717594985	-0.01802799879141914	9006593
2023-06-06	0.008512820512820495	0.0010256410256409673	0.01907692307692307	-0.0014358974358974416	0.008512820512820495	8566943
2023-06-07	-0.025221193938777628	-0.016780229838299517	-0.0074239804739144105	-0.034882538391131826	-0.025221193938777628	7834327
2023-06-08	0.010954616588419525	-0.000521648408972323	0.01909233176838824	-0.010432968179447054	0.010954616588419525	7954290
2023-06-09	0.059442724458204234	-0.0020639834881321243	0.059442724458204234	-0.007533539731682187	0.059442724458204234	14658557
2023-06-12	-0.027858951879992204	-0.019286966686148353	-0.0064289888953827845	-0.03370348723943107	-0.027858951879992204	10116903
2023-06-13	-0.022845691382765543	-0.0011022044088176296	0.007515030060120241	-0.03306613226452903	-0.022845691382765543	14509006
2023-06-14	-0.010459392945036875	-0.002255947497949127	-0.0012305168170630675	-0.017329778506972905	-0.010459392945036875	12200998
2023-06-15	0.006943005181347168	0.0032124352331606453	0.014404145077720212	-0.0056994818652849446	0.006943005181347168	10956828
2023-06-16	-0.014716476278686908	-0.00010291242152933124	0.0013378614798805748	-0.02027374704126787	-0.014716476278686908	14497105
2023-06-19	0.0027156883225402666	0.0004177982034677904	0.007729266764153009	-0.027992479632337506	0.0027156883225402666	17282331
2023-06-20	-0.015625	-0.004166666666666726	0.0006250000000000236	-0.021041666666666625	-0.015625	11650932
2023-06-21	-0.02296296296296298	-0.009629629629629594	-0.005608465608465621	-0.026455026455026454	-0.02296296296296298	15071789
2023-06-26	0.007689808296328473	-0.010939023069424944	0.028918011480558885	-0.012888551933282765	0.007689808296328473	13407232
2023-06-27	0.015154772141014579	0.005481513327600934	0.033963886500429884	-0.002579535683577054	0.015154772141014579	13678925
2023-06-28	-0.010693488618316623	-0.00444679724722077	-0.0007411328745368701	-0.017681312863949198	-0.010693488618316623	9122976
2023-06-29	0.0062071917808219	-0.00631421232876716	0.012949486301369948	-0.00631421232876716	0.0062071917808219	8317191
2023-06-30	-0.007657945118059975	-0.004998936396511369	0.0018081259306530707	-0.011912359072537656	-0.007657945118059975	8252287
2023-07-03	0.01607717041800643	0.0	0.02700964630225076	-0.009431939978563725	0.01607717041800643	14319844
2023-07-04	0.004113924050632918	-0.003797468354430374	0.007383966244725769	-0.0051687763713079635	0.004113924050632918	9382223
2023-07-05	-0.009139615505830492	-0.001890954932240704	0.0036768568126904983	-0.01428721504359701	-0.009139615505830492	8712291
2023-07-06	-0.001166242578456313	-0.00010602205258684167	0.009329940627650654	-0.006361323155216226	-0.001166242578456313	6211577
2023-07-07	-0.010826876127799555	-0.004351979619997841	0.003078229487315638	-0.014011251459505289	-0.010826876127799555	6129118
2023-07-10	-0.0020388453696748333	0.0019315377186394122	0.012340379869084726	-0.006545766713166643	-0.0020388453696748333	5378691
2023-07-11	0.003763440860214993	0.0003225806451613026	0.010537634408602193	-0.0011827956989247251	0.003763440860214993	5377311
2023-07-12	-0.026245313336904004	0.0	0.0	-0.02785216925549003	-0.026245313336904004	14199468
2023-07-13	0.011111111111111011	0.0055005500550055	0.01705170517051702	-0.001100110011001194	0.011111111111111011	9602328
2023-07-14	0.037427918616037406	-0.00010880208900000986	0.0646284408660646	-0.00021760417800017432	0.037427918616037406	29233523
2023-07-17	-0.0007341373885683606	-0.0005243838489774217	0.02170949134766657	-0.00996329313057146	-0.0007341373885683606	13732359
2023-07-18	-0.0017842149454240313	-0.003988245172124217	0.0056675062972291355	-0.008186397984886662	-0.0017842149454240313	5558606
2023-07-19	0.001471979812848287	0.0	0.011775838502786296	-0.003995373777731	0.001471979812848287	4571380
2023-07-20	-0.005879265091863541	0.0009448818897638153	0.003884514435695586	-0.0076640419947506975	-0.005879265091863541	5756959
2023-07-21	0.001161685500052798	-0.0020065476819093645	0.006970113000316787	-0.008871052909494175	0.001161685500052798	4489395
2023-07-24	0.018459915611814346	-0.0011603375527426101	0.021729957805907196	-0.006329113924050573	0.018459915611814346	9176283
2023-07-25	-0.010875194199896398	0.009735888140859635	0.012428793371310231	-0.016053858104608982	-0.010875194199896398	10662102
2023-07-26	-0.009424083769633567	0.0	0.002408376963350827	-0.01256544502617804	-0.009424083769633567	4836577
2023-07-27	-0.0042283298097250685	0.0	0.0058139534883722135	-0.00676532769556026	-0.0042283298097250685	5418019
2023-07-28	0.009129511677282372	-0.003715498938428965	0.01592356687898089	-0.013800424628450075	0.009129511677282372	11629817
2023-07-31	-0.013780770039974776	0.0014727540500736437	0.0035766884073217273	-0.0165158847043973	-0.013780770039974776	13827420
2023-08-01	0.005760000000000066	-0.0016000000000000606	0.007573333333333267	-0.005226666666666612	0.005760000000000066	6213529
2023-08-02	-0.009545020680878202	-0.002227171492204984	-0.0007423904974017116	-0.010181355392936768	-0.009545020680878202	5122469
2023-08-03	0.002569868294249865	-0.0009637006103437564	0.008994539029874755	-0.002248634757468613	0.002569868294249865	5542838
2023-08-04	0.035031506995621076	0.0037381181245328267	0.04133290611983344	0.002883691124639648	0.035031506995621076	19546505
2023-08-07	-0.006088123000722355	-0.00928696728923735	-0.0029924672376430922	-0.015581467340831606	-0.006088123000722355	6925485
2023-08-08	0.004360465116279088	-0.00020764119601324773	0.01048588039867115	-0.003322259136212554	0.004360465116279088	5112942
2023-08-09	-0.005375232582178996	-0.0005168492867479549	0.0025842464337399217	-0.006408931155674906	-0.005375232582178996	3953259
2023-08-10	0.013094990646435305	0.004468925379339086	0.01569320307628357	0.0004157139887757873	0.013094990646435305	6762956
2023-08-11	0.0053344275748871154	0.0032827246614689494	0.030570373409930136	-0.0028723840787854035	0.0053344275748871154	15543222
2023-08-14	0.016224489795918402	-0.01020408163265306	0.022448979591836764	-0.01122448979591831	0.016224489795918402	13527029
2023-08-15	0.0	0.00020082337584090791	0.005924289587307997	-0.009338286976604144	0.0	8538466
2023-08-16	-0.031127623255347008	-0.0024098805100914657	0.006125112963148905	-0.04598855306757705	-0.031127623255347008	12083414
2023-08-17	-0.0016582029225826159	-0.006529174007669142	0.0009327391439527766	-0.015442014716550885	-0.0016582029225826159	6731358
2023-08-18	-0.019931485518530072	-0.00031142946122704386	0.004775251738814575	-0.02211149174711923	-0.019931485518530072	5905876
2023-08-21	0.031246689969282947	0.003071708505454997	0.04724075839423798	0.002012498675987689	0.031246689969282947	12186847
2023-08-22	0.03173788003286774	0.006676253081347634	0.0371815940838127	-0.002362366474938414	0.03173788003286774	15923518
2023-08-23	-0.012344449975112087	-0.005475360876057712	0.0004977600796415844	-0.015331010452961735	-0.012344449975112087	8430205
2023-08-24	-0.012297147464973278	0.0015119443604475929	0.0054429996976111915	-0.022074387662533997	-0.012297147464973278	9348187
2023-08-25	-0.004082049188692637	-0.01010307174201444	0.002653331972650323	-0.019593836105725092	-0.004082049188692637	7898241
2023-08-28	0.009837073470642419	0.034429757147248684	0.03934829388256997	0.004201250128086859	0.009837073470642419	11308511
2023-08-29	-0.0020294266869609625	-0.0025367833587011668	0.012886859462201888	-0.007914764079147653	-0.0020294266869609625	9499014
2023-08-30	0.003152008134214563	0.0008134214539909763	0.0044738179969497915	-0.005083884087442807	0.003152008134214563	7706178
2023-08-31	0.018447192377863443	0.001419014798297188	0.022501520372998164	-0.0016217311980538881	0.018447192377863443	12446583
2023-09-01	-0.03562898089171972	-0.021795382165605073	-0.021795382165605073	-0.041301751592356745	-0.03562898089171972	8815734
2023-09-04	0.011145510835913294	0.0009287925696593312	0.024871001031991708	0.0009287925696593312	0.011145510835913294	8987345
2023-09-05	-0.010104102878138487	-0.00010206164523377338	0.00020412329046740172	-0.014186568687487248	-0.010104102878138487	6180555
2023-09-06	-0.009691720795958323	-0.001237240952675434	-0.0010310341272295527	-0.018043097226518198	-0.009691720795958323	6052788
2023-09-07	0.0027069234773555973	-0.0006246746486205339	0.00989068193649144	-0.0046850598646538556	0.0027069234773555973	4910735
2023-09-08	0.014121067386564214	-0.0031149413352714894	0.02658083272765032	-0.006229882670543126	0.014121067386564214	7726581
2023-09-11	0.00808846114467075	0.0074741476400123266	0.015664994368792887	-0.00020477116821947394	0.00808846114467075	6309068
2023-09-12	0.009547024172252814	0.0009140767824497605	0.01381271582368474	-0.005078204346942922	0.009547024172252814	5379752
2023-09-13	0.00231388329979869	0.0008048289738430412	0.004527162977867089	-0.005935613682092589	0.00231388329979869	5778683
2023-09-14	0.017464619090635444	0.0003011141222523451	0.02599618588778484	0.0	0.017464619090635444	9470290
2023-09-15	0.005918910920390592	-0.003649995067574278	0.009371608957285081	-0.010752688172043045	0.005918910920390592	7132227
2023-09-18	-0.02687064822987148	-0.004216926547023562	-0.004216926547023562	-0.02961655388839851	-0.02687064822987148	8395027
2023-09-19	0.016628035876247015	0.0007054318250528386	0.019852867076488954	-0.000604655850045372	0.016628035876247015	6511238
2023-09-20	-0.004758128469468575	0.002478191911181602	0.012688342585249814	-0.006740681998413885	-0.004758128469468575	4400919
2023-09-21	-0.0001992031872510979	0.0	0.005976095617529823	-0.005976095617529965	-0.0001992031872510979	4628543
2023-09-22	-0.005180314803745726	-0.0014943215780035015	0.0	-0.01793185893604301	-0.005180314803745726	6777697
2023-09-25	-0.006509112757861062	0.00100140196274779	0.001101542159022626	-0.01181654316042452	-0.006509112757861062	5240500
2023-09-26	-0.02046164701138985	-0.00020159258139296465	0.005644592279004156	-0.026408628162483527	-0.02046164701138985	10031188
2023-09-27	0.0007203128215681536	0.0003087054949576757	0.003292858612883239	-0.003601564107841207	0.0007203128215681536	4806852
2023-09-28	-0.00442159383033426	0.0032904884318765365	0.003907455012853424	-0.010796915167095087	-0.00442159383033426	7166650
2023-10-09	0.022825862425118863	0.0	0.03212146250774647	-0.005370791158851436	0.022825862425118863	10718273
2023-10-10	-0.003130364535999215	-0.0012117540139352171	0.003029385034837899	-0.01040088861961023	-0.003130364535999215	4340473
2023-10-11	-0.0047609400324149	0.00010129659643441163	0.0018233387358185457	-0.013371150729335425	-0.0047609400324149	4928663
2023-10-12	0.004376590330788873	0.006615776081424995	0.013536895674300237	-0.0040712468193384805	0.004376590330788873	5281962
2023-10-13	0.01064045399270366	0.0	0.01722740170247252	-0.003648155654641403	0.01064045399270366	6408834
2023-10-16	0.0013035195026571288	0.0001002707309735376	0.009726260904441982	-0.007018951168154044	0.0013035195026571288	5223195
2023-10-17	0.035649909873823375	0.004406168636090504	0.04235930302423397	-0.0036050470658922436	0.035649909873823375	12076985
2023-10-18	-0.00792883388126095	-0.005028040997872713	0.0	-0.016147747050860584	-0.00792883388126095	6030410
2023-10-19	-0.02056530214424951	-0.005360623781676386	-0.0021442495126705544	-0.023489278752436615	-0.02056530214424951	6660027
2023-10-20	-0.019902477858493382	9.951238929251782e-05	0.0020897601751418845	-0.02776395661259819	-0.019902477858493382	8085790
2023-10-23	0.002639861914915272	-0.0049751243781094015	0.0072088536907301045	-0.010051781906792517	0.002639861914915272	7026254
2023-10-24	-0.027848101265822784	-0.0005063291139240218	0.005367088607594948	-0.03412658227848106	-0.027848101265822784	15011594
2023-10-25	-0.04270833333333327	0.004062500000000006	0.004166666666666726	-0.049895833333333396	-0.04270833333333327	23404709
2023-10-26	0.009902067464635435	-0.014907508161044662	0.010663764961915014	-0.020348204570185033	0.009902067464635435	11266998
2023-10-27	0.000861976080163757	-0.004633121430880367	0.004848615450921267	-0.00872750781165825	0.000861976080163757	7895757
2023-10-30	-0.018516524921950682	-0.008612337173000292	-0.0009688879319625731	-0.036494778770588876	-0.018516524921950682	15818502
2023-10-31	0.012833168805528154	-0.0018646484589229099	0.019304595810025284	-0.006142371394098961	0.012833168805528154	10099648
2023-11-01	0.012562269872211356	-0.0036820446177171693	0.017652155079055615	-0.014511587611002852	0.012562269872211356	8882912
2023-11-02	0.0019251336898396451	-0.00010695187165780873	0.007272727272727346	-0.006631016042780797	0.0019251336898396451	6614160
2023-11-03	-0.0001067463706234534	-0.0008539709649873239	0.006725021349274075	-0.006725021349274227	-0.0001067463706234534	4932022
2023-11-06	-0.02690295719013554	0.0	0.0	-0.032774634354649376	-0.02690295719013554	19873493
2023-11-07	-0.00010970927043340774	-0.0029621503017006057	0.0032912781130005173	-0.01250685682940209	-0.00010970927043340774	13204964
2023-11-08	0.0037305244678516943	-0.003181917928461776	0.005815229317533478	-0.012069343866578828	0.0037305244678516943	13906672
2023-11-09	-0.007433318758198588	-0.006230870135548835	-0.0022955837341496277	-0.01016615653694804	-0.007433318758198588	7770987
2023-11-10	0.0	0.0011013215859031777	0.003083700440528647	-0.007819383259911826	0.0	7878273
2023-11-13	0.002202643171806199	0.0	0.005506607929515419	-0.002202643171806199	0.002202643171806199	5406617
2023-11-14	-0.002417582417582405	0.0010989010989010365	0.002527472527472571	-0.005824175824175837	-0.002417582417582405	4665415
2023-11-15	-0.005948446794448185	0.0022031284423882224	0.002643754130865773	-0.008371888081075182	-0.005948446794448185	9502156
2023-11-16	0.003989361702127653	-0.0002216312056737148	0.004654255319148955	-0.015070921985815597	0.003989361702127653	12201627
2023-11-17	-0.012913907284768074	-0.006622516556291328	-0.0044150110375275	-0.017660044150110313	-0.012913907284768074	11162729
2023-11-20	-0.006485519400648692	-0.0008945544000895952	0.0016772895001676334	-0.007156435200715649	-0.006485519400648692	7760433
2023-11-21	-0.006415306696679721	-0.00011254924029252567	-0.00011254924029252567	-0.009566685424873319	-0.006415306696679721	10531720
2023-11-22	0.015858631626642566	-0.002945174444947951	0.02220208427729943	-0.0030584503851381517	0.015858631626642566	12985516
2023-11-23	0.002230151650312094	-0.00412578055307766	0.004125780553077501	-0.010927743086529927	0.002230151650312094	6804557
2023-11-24	0.0054517133956387305	0.0024477080551846783	0.007454383622607941	-0.004227859368046234	0.0054517133956387305	7695330
2023-11-27	-0.01737302202058213	-0.003872966692486539	-0.0021024676330640446	-0.026225517317693976	-0.01737302202058213	7383386
2023-11-28	-0.006418918918918842	-0.0022522522522522843	0.003040540540540496	-0.008783783783783796	-0.006418918918918842	5578570
2023-11-29	0.0031735237447580314	-0.0003400204012240863	0.004986965884619718	-0.009973931769239597	0.0031735237447580314	5404394
2023-11-30	0.027906451248446488	0.0021466500960343206	0.0290362670884645	0.0	0.027906451248446488	14121859
2023-12-01	0.018685425368212823	0.0010991426687183372	0.020224225104418434	-0.005385799076720258	0.018685425368212823	13794763
2023-12-04	-0.005179110919292231	-0.000323694432455774	0.006473888649115174	-0.00938713854121714	-0.005179110919292231	4790254
2023-12-05	-0.0075921908893709636	0.0010845986984815	0.006399132321041252	-0.008026030368763657	-0.0075921908893709636	6707459
2023-12-06	-0.009071038251366102	-0.0046994535519126425	0.003060109289617499	-0.016174863387978185	-0.009071038251366102	4436309
2023-12-07	0.003088121760229416	-0.0007720304400574323	0.010146685783610915	-0.002536671445902768	0.003088121760229416	4038487
2023-12-08	0.008576140736668512	-0.001649257833974774	0.014843320505772339	-0.009125893347993384	0.008576140736668512	6034756
2023-12-11	0.009484356262945496	-0.0029434209091901255	0.013626948653657472	-0.009048293906028543	0.009484356262945496	7866411
2023-12-12	-0.0010799136069113858	0.00032397408207344644	0.00431965442764585	-0.006479481641468622	-0.0010799136069113858	6239836
2023-12-13	-0.0002162162162161732	-0.004324324324324386	0.004216216216216222	-0.004324324324324386	-0.0002162162162161732	5691559
2023-12-14	0.0056228373702421714	-0.000973183391003497	0.016435986159169507	-0.0027032871972318337	0.0056228373702421714	8012287
2023-12-15	-0.003763440860214993	-0.002258064516128965	0.005376344086021506	-0.005806451612903293	-0.003763440860214993	5711010
2023-12-18	0.007987048030221208	-0.00420939017808959	0.00852671343766856	-0.005612520237452889	0.007987048030221208	6908851
2023-12-19	0.018310311596530612	-0.0035335689045936213	0.02312881464824924	-0.0035335689045936213	0.018310311596530612	9822888
2023-12-20	-0.010830704521556269	-0.0003154574132492233	0.0019978969505784643	-0.01156677181913769	-0.010830704521556269	5237996
2023-12-21	-0.016902306792813748	-0.0015945572446049907	0.003933241203359249	-0.02413096630169019	-0.016902306792813748	8692657
2023-12-22	0.02022058823529401	-0.0017301038062284904	0.027032871972318337	-0.003027681660899666	0.02022058823529401	8942783
2023-12-25	0.010068892421833628	0.0	0.012188659247482837	-0.01558028616852145	0.010068892421833628	8287147
2023-12-26	0.015739769150052468	-0.0032528856243442	0.01951731374606505	-0.004197271773347235	0.015739769150052468	10280145
2023-12-27	0.023657024793388496	-0.0011363636363636305	0.027789256198347084	-0.008161157024793307	0.023657024793388496	12972643
2023-12-28	-0.015137753557372086	-0.00040367342819665203	0.020284589766878504	-0.024119487334746195	-0.015137753557372086	18075238
2023-12-29	0.019366738395327394	-0.003381494005533336	0.02162106773234962	-0.015165488267240537	0.019366738395327394	12157745
2024-01-02	-0.007539203860072376	-0.007840772014475283	0.0031162042621632716	-0.018295134700442372	-0.007539203860072376	8018869
2024-01-03	-0.008406765927276393	-0.001519295047098204	0.007799047908437111	-0.01650967284513329	-0.008406765927276393	8345920
2024-01-04	0.013176710929519836	-0.002451481103166589	0.015832482124616926	-0.007150153217568976	0.013176710929519836	9459060
2024-01-05	-0.00947676177033973	0.00010081661457813405	0.0051416473434822575	-0.01834862385321094	-0.00947676177033973	8802163
2024-01-08	0.0014249363867684535	-0.005292620865139909	0.0031552162849873004	-0.012620865139949058	0.0014249363867684535	8298194
2024-01-09	-0.005386726293322504	-0.0019310905579835117	0.0007114544160991277	-0.018294542128265038	-0.005386726293322504	6751872
2024-01-10	-0.01359084406294705	-0.0017371755569180636	0.006335581442877627	-0.016656447986920044	-0.01359084406294705	6293660
2024-01-11	-0.012120584274318882	-0.00331503159639498	-0.002279084222521484	-0.0294209054180048	-0.012120584274318882	8826628
2024-01-12	-0.000629194630872507	-0.006921140939597279	0.007760067114093906	-0.013003355704697933	-0.000629194630872507	5573162
2024-01-15	0.01416579223504731	-0.0011542497376705082	0.01888772298006293	-0.0031479538300104633	0.01416579223504731	6093728
2024-01-16	0.0009311950336263756	0.0	0.005173305742369374	-0.00838075530263841	0.0009311950336263756	6633706
2024-01-17	-0.008786437874715674	0.0	0.003824684721935131	-0.010026876162910883	-0.008786437874715674	6415322
2024-01-18	0.02388153092084687	-0.0032328709980185867	0.027218688080091764	-0.01553863802273433	0.02388153092084687	10050967
2024-01-19	-0.00020370747606447576	-0.0059075168058669025	0.0028519046649010684	-0.01201874108779799	-0.00020370747606447576	6465471
2024-01-22	-0.012224938875305652	0.0	0.0024449877750612175	-0.019254278728606362	-0.012224938875305652	8965460
2024-01-23	-0.017326732673267252	-0.0027846534653464938	-0.0027846534653464938	-0.023721122112211192	-0.017326732673267252	7829549
2024-01-24	0.019101595298068777	-0.0029387069689336812	0.02497900923593614	-0.004513014273719635	0.019101595298068777	7969721
2024-01-25	0.035118434603501655	0.0	0.04016477857878482	-0.007106076210092665	0.035118434603501655	16651174
2024-01-26	0.008854840314396583	-0.009053825490001102	0.017610188040990904	-0.01870460650681534	0.008854840314396583	11537126
2024-01-29	0.01429980276134111	-0.005719921104536612	0.03560157790927021	-0.006213017751479385	0.01429980276134111	13116029
2024-01-30	-0.01604278074866302	-0.003403014098201209	0.004958677685950463	-0.01701507049100632	-0.01604278074866302	8029396
2024-01-31	0.012154150197628498	-0.003260869565217374	0.01758893280632412	-0.013932806324110638	0.012154150197628498	8711121
2024-02-01	-0.015327540759543174	-0.013960753685443783	-0.0005857658888997585	-0.02372351850043939	-0.015327540759543174	8441946
2024-02-02	0.01011302795954785	0.0	0.019234582589728315	-0.008526670632559978	0.01011302795954785	10046670
2024-02-05	0.015802905378877106	0.0030427954456223234	0.021201413427561943	-0.00029446407538281444	0.015802905378877106	10913928
2024-02-06	-0.019712049473378995	-0.0004831384674847537	0.008696492414726116	-0.027442264953135467	-0.019712049473378995	14328420
2024-02-07	-0.0004928536224740971	-0.004435682602267154	0.002267126663381015	-0.020009857072449493	-0.0004928536224740971	12866062
2024-02-08	-0.001972386587771231	-0.0036489151873767703	-0.001972386587771231	-0.023668639053254493	-0.001972386587771231	11343206
2024-02-19	0.02717391304347826	-0.006620553359683811	0.0280632411067194	-0.01709486166007909	0.02717391304347826	11643888
2024-02-20	0.019721019721019695	0.00028860028860029955	0.028956228956228867	-0.005002405002404964	0.019721019721019695	14406740
2024-02-21	-0.008018867924528248	-0.0014150943396226952	0.005094339622641568	-0.009905660377358464	-0.008018867924528248	9499320
2024-02-22	0.015026153114598177	0.007132667617689015	0.018354731336186328	0.00038040893961000514	0.015026153114598177	9415281
2024-02-23	-0.019207345638527096	-0.001499109903494901	-0.0013117211655579552	-0.022299259814485238	-0.019207345638527096	9100888
2024-02-26	-0.014520443255636322	-0.006400458540313352	0.0022927015666793548	-0.01910584638899503	-0.014520443255636322	8230600
2024-02-27	0.00290810391624658	-9.693679720813208e-05	0.004168282279953537	-0.005622334238076758	0.00290810391624658	7329947
2024-02-28	-0.017977962497583603	-0.004446162768219542	-0.001933114247051891	-0.028610090856369553	-0.017977962497583603	17142917
2024-02-29	0.003937007874015804	-0.004921259842519685	0.005118110236220574	-0.0059055118110235665	0.003937007874015804	10063240
2024-03-01	-0.0006862745098038547	-0.004509803921568566	0.005980392156862739	-0.00578431372549023	-0.0006862745098038547	9090282
2024-03-04	0.020406161090944747	-0.002943196311194068	0.025409594819974384	-0.005101540272736292	0.020406161090944747	13064525
2024-03-05	0.00951831554658201	0.0018267474281318885	0.011537352177675113	-0.0047110854725508034	0.00951831554658201	11158318
2024-03-06	0.005619047619047652	0.0	0.014285714285714285	-0.0031428571428571265	0.005619047619047652	11090669
2024-03-07	-0.0012311771948102061	-0.005682356283739071	0.003504119708305619	-0.012217066010038889	-0.0012311771948102061	7997986
2024-03-08	0.028826095201972372	-0.004551488716100794	0.035274037549782034	-0.008534041342689092	0.028826095201972372	12338247
2024-03-11	-0.01483870967741935	-0.004608294930875576	0.0017511520737326979	-0.02304147465437788	-0.01483870967741935	9726509
2024-03-12	-0.03854429787632149	-0.001964636542239627	0.0020581906632987077	-0.04107025914491534	-0.03854429787632149	16796719
2024-03-13	-0.007492458888780734	-0.0024326165223314197	0.0012649605916124323	-0.017125620317213108	-0.007492458888780734	12853566
2024-03-14	0.007450980392156913	9.803921568632466e-05	0.012647058823529473	-0.002352941176470538	0.007450980392156913	7978357
2024-03-15	-0.006422732580770833	0.0	0.0	-0.014889061891786699	-0.006422732580770833	7961670
2024-03-18	0.010088148873653292	0.0	0.016356513222331066	-0.004309500489715943	0.010088148873653292	9834190
2024-03-19	0.00048482497818298624	-0.0012605449432754336	0.007369339668379765	-0.011926694463298651	0.00048482497818298624	9406731
2024-03-20	0.005427408412482924	-0.0017445241325839001	0.012793176972281384	-0.004555146346191249	0.005427408412482924	8316226
2024-03-21	-0.010217852323115367	-0.003277424330055805	0.0003855793329478143	-0.011952959321380326	-0.010217852323115367	7381957
2024-03-22	0.026392676275808272	0.0042851577717179365	0.034962991819244144	-0.009252045188936528	0.026392676275808272	13409924
2024-03-25	-0.01318910712591328	-0.003700540848277831	0.005313597115475873	-0.014517506404782249	-0.01318910712591328	10521011
2024-03-26	9.615384615389535e-05	-0.005961538461538505	0.007307692307692357	-0.005961538461538505	9.615384615389535e-05	7058830
2024-03-27	0.012498798192481465	-0.0001922892029613521	0.023747716565714824	-0.004903374675512019	0.012498798192481465	11737357
2024-03-28	0.007406704016712573	-0.001994112619884227	0.007976450479536639	-0.008451239198556648	0.007406704016712573	6789999
2024-03-29	-0.003110566500141373	-0.001979451409180959	0.0074465076821565845	-0.011405410500518503	-0.003110566500141373	7991402
2024-04-01	-0.011062783661119532	9.4553706505209e-05	0.0018910741301057926	-0.012291981845688457	-0.011062783661119532	9064253
2024-04-02	-0.0014341715269146733	-0.0018166172674251623	0.007170857634573095	-0.0037288459699780147	-0.0014341715269146733	6004848
2024-04-03	0.0010532363079279914	-0.003255457679050205	0.004883186518575308	-0.007181156644963616	0.0010532363079279914	6893096
2024-04-08	0.010138689622190361	-0.0038259206121472166	0.016260162601626042	-0.0050693448110951805	0.010138689622190361	7983088
2024-04-09	-0.008048480257551314	-0.001988448063630279	0.0017043840545403544	-0.017138528548432935	-0.008048480257551314	6680421
2024-04-10	-0.0007636502481863143	-0.003054600992745393	0.010786559755631876	-0.006395570828560535	-0.0007636502481863143	6399735
2024-04-11	-0.01585785250286598	-0.0027703477264043393	0.0024837600305692674	-0.016813144822315676	-0.01585785250286598	8552653
2024-04-12	-0.01912250048534264	0.0	0.0036886041545331942	-0.021549213744903893	-0.01912250048534264	12663156
2024-04-15	0.037506185056902584	0.0	0.038891637803067855	-0.0004948045522018521	0.037506185056902584	13126227
2024-04-16	0.003433803891644405	0.0005723006486074234	0.00972911102632579	-0.0049599389545975795	0.003433803891644405	9341923
2024-04-17	0.008555133079847827	-0.0028517110266159424	0.0104562737642585	-0.01730038022813695	0.008555133079847827	7928614
2024-04-18	-0.008953817153628545	-0.003204524033930153	0.014985862393967988	-0.010838831291234604	-0.008953817153628545	8043276
2024-04-19	0.015311459819305748	-0.0028530670470757143	0.018354731336186328	-0.0032334759866857192	0.015311459819305748	8737718
2024-04-22	-0.0059010865492694796	-0.0002810041213937911	0.011614837017609543	-0.008149119520419674	-0.0059010865492694796	6944291
2024-04-23	-0.01385093752944501	-0.0007537925186092368	0.003486290398567837	-0.0191274851597098	-0.01385093752944501	8550791
2024-04-24	0.001815402254920674	0.0	0.006592776609975136	-0.0034397095356392075	0.001815402254920674	6269805
2024-04-25	-0.005245588936576034	-0.00047687172150688757	0.0011444921316166386	-0.010968049594658956	-0.005245588936576034	5362202
2024-04-26	-0.0061361457334611754	0.0	0.006711409395973182	-0.010546500479386331	-0.0061361457334611754	12149870
2024-04-29	-0.008392822689561937	9.64692263168543e-05	9.64692263168543e-05	-0.01495273007910474	-0.008392822689561937	15183468
2024-04-30	-0.0011674287382041496	9.728572818358697e-05	0.012744430392061367	-0.0025294289327756113	-0.0011674287382041496	10443808
2024-05-06	-0.01821369436057275	0.0032141813577481085	0.0036037790980812754	-0.02405766046556929	-0.01821369436057275	27815172
2024-05-07	0.003174603174603248	0.0013888888888888946	0.009126984126984145	-0.003968253968253884	0.003174603174603248	11139927
2024-05-08	-0.0008900316455696539	0.0	0.004549050632911331	-0.00830696202531649	-0.0008900316455696539	10084664
2024-05-09	-0.00722557656141744	-0.0012867465109373004	0.002177571018509342	-0.011382757596753496	-0.00722557656141744	16312004
2024-05-10	0.01096709870388842	-0.000997008973080701	0.015453639082751717	-0.007976071784646033	0.01096709870388842	18938656
2024-05-13	-0.0040433925049310725	-0.005522682445759391	0.00019723865877708106	-0.00897435897435908	-0.0040433925049310725	9386292
2024-05-14	-0.00732745816417462	9.901970492133e-05	0.001089216754134067	-0.009307852262600235	-0.00732745816417462	7640515
2024-05-15	-0.002194513715710712	-0.002194513715710712	0.002992518703241867	-0.0103740648379053	-0.002194513715710712	9779182
2024-05-16	-0.011296611016694946	0.0	0.0	-0.014295711286614084	-0.011296611016694946	14165972
2024-05-17	-0.007381193124368088	-0.00010111223458043594	-0.00010111223458043594	-0.013144590495450064	-0.007381193124368088	14356827
2024-05-20	-0.0015279616990934673	-0.000713048792910333	-0.00010186411327294608	-0.013955383518386518	-0.0015279616990934673	22208903
2024-05-21	0.008569679657212849	-0.0013262599469495559	0.012956539481738525	-0.0022444399102223922	0.008569679657212849	12999700
2024-05-22	-0.00343920695933647	0.001213837750354082	0.0043495852721020314	-0.006271495043495899	-0.00343920695933647	9733024
2024-05-23	-0.002334551360129819	-0.0012180267965894269	0.0007105156313439646	-0.009845716605765316	-0.002334551360129819	7471586
2024-05-24	-0.002340014243565001	-0.0012208769966426344	0.0070200427306948586	-0.0033574117407672447	-0.002340014243565001	8778930
2024-05-27	0.02314909239241277	0.0012237405669998423	0.025698551906995677	0.0004079135223331842	0.02314909239241277	16007904
2024-05-28	-0.005780922954250955	-0.00328914581879795	0.002192763879198633	-0.008173029004285789	-0.005780922954250955	7058250
2024-05-29	0.0005012531328320517	0.0005012531328320517	0.002506265664160401	-0.007117794486215476	0.0005012531328320517	6660513
2024-05-30	0.005611222444889803	-0.0020040080160320926	0.010521042084168309	-0.004008016032064043	0.005611222444889803	10583245
2024-05-31	-0.0015942606616181406	0.0018931845356715596	0.004882423276205609	-0.007971303308090845	-0.0015942606616181406	8441178
2024-06-03	0.016866267465069838	9.980039920150604e-05	0.019361277445109758	9.980039920150604e-05	0.016866267465069838	13716788
2024-06-04	0.0020610462263224434	-0.0008833055255668212	0.004514672686230187	-0.003925802335852446	0.0020610462263224434	11588099
2024-06-05	-0.004113614103819662	-0.0002938295788442815	0.008814887365328166	-0.009794319294809012	-0.004113614103819662	12997209
2024-06-06	-0.011408339889850617	-0.01662077104642026	0.0032454760031471112	-0.023308418568056693	-0.011408339889850617	13665724
2024-06-07	0.00477516912057306	-0.0006963788300834976	0.008356545961002819	-0.0041782729805014095	0.00477516912057306	8478048
2024-06-11	-0.004158415841584175	0.0019801980198020084	0.007722772277227734	-0.014752475247524701	-0.004158415841584175	8377962
2024-06-12	-0.0017896202028235496	-0.002684430304235395	0.00029827003380394847	-0.00964406442632729	-0.0017896202028235496	7515991
2024-06-13	0.009063745019920284	-0.0014940239043825267	0.010059760956175208	-0.007569721115537899	0.009063745019920284	9583611
2024-06-14	-0.0032573289902279963	-0.0025663804165433333	0.004737933076695331	-0.016582765768433587	-0.0032573289902279963	12489866
2024-06-17	-0.020598138245197052	-0.00574371162606455	-0.0028718558130323454	-0.02129134482075664	-0.020598138245197052	12349768
2024-06-18	0.010717896865520606	-0.0004044489383216001	0.012234580384226427	-0.007280080889787653	0.010717896865520606	12907997
2024-06-19	0.01480592236894762	0.00040016006402567283	0.015406162464986058	-0.00020008003201276532	0.01480592236894762	11621674
2024-06-20	0.0005914826498422937	0.0	0.0033517350157729045	-0.0053233438485803634	0.0005914826498422937	7978389
2024-06-21	0.010344827586206869	-0.001477832512315327	0.01458128078817738	-0.0036453201970443796	0.010344827586206869	9694957
2024-06-24	-0.00048756704046803664	0.0	0.007606045831301815	-0.005363237445148681	-0.00048756704046803664	9522619
2024-06-25	-0.0009756097560975056	-0.0017560975609756764	0.0031219512195121285	-0.009365853658536524	-0.0009756097560975056	8477921
2024-06-26	0.002539062499999911	-0.002929687500000111	0.008789062499999917	-0.007812500000000111	0.002539062499999911	6488679
2024-06-27	0.020748100526008277	0.0	0.02279368790181184	-0.0033119033703487575	0.020748100526008277	15155414
2024-06-28	0.025861246302128004	-0.0041988739383530095	0.028246970130737604	-0.004676018704074903	0.025861246302128004	15066325
2024-07-01	-0.0003720930232558721	-0.00353488372093019	0.017860465116279086	-0.00911627906976748	-0.0003720930232558721	15202304
2024-07-02	0.013586450772380496	-0.0053973571561511105	0.018611576400521124	-0.0053973571561511105	0.013586450772380496	9409990
2024-07-03	0.011843554902680794	-0.0013771575468234088	0.015332354021300051	-0.0014689680499448824	0.011843554902680794	9890390
2024-07-04	-0.009618001996188986	-0.005534887941203152	0.0016332456219944364	-0.019598947463932464	-0.009618001996188986	9241848
2024-07-05	-0.010535959688502112	0.0006413192853870195	0.006321575813101216	-0.027027027027027053	-0.010535959688502112	11286990
2024-07-08	0.013055555555555523	-0.005555555555555503	0.017777777777777795	-0.012037037037037011	0.013055555555555523	11169302
2024-07-09	-0.005758157389635275	-0.0010053925600950501	0.005301160771410276	-0.010145324924595554	-0.005758157389635275	8214673
2024-07-10	-0.011215296929582633	-0.0036771465342894435	0.0056995771281485984	-0.0192130906416621	-0.011215296929582633	7984513
2024-07-11	-0.0033469691335068744	-0.0024172554853105718	0.0031610264038676402	-0.015619189289698836	-0.0033469691335068744	7022564
2024-07-12	0.006623134328358151	-0.0046641791044776115	0.009328358208955223	-0.008302238805970155	0.006623134328358151	8172871
2024-07-15	0.011954406449819353	-0.002131405801130477	0.018904642757853824	-0.002780094523213763	0.011954406449819353	8190419
2024-07-16	0.011904761904761878	-0.0019230769230769958	0.011904761904761878	-0.0022893772893772895	0.011904761904761878	7306870
2024-07-17	-0.016832579185520356	0.0	0.00171945701357464	-0.024434389140271517	-0.016832579185520356	9188603
2024-07-18	0.031296023564064857	-0.004326215022091301	0.03902798232695135	-0.004970544918998585	0.031296023564064857	14303984
2024-07-19	0.010353445198143489	-0.0021420921099608095	0.012138521956444121	-0.007943591574437706	0.010353445198143489	10147996
2024-07-22	-0.026590106007067182	-0.005830388692579475	0.0069787985865723675	-0.037102473498233236	-0.026590106007067182	14154232
2024-07-23	0.0069879299391958985	-0.0036300934749069016	0.01778745802704427	-0.007986205644795312	0.0069879299391958985	9386913
2024-07-24	0.009192501802451427	-0.0032444124008651717	0.013428262436914286	-0.008651766402307082	0.009192501802451427	8278018
2024-07-25	-0.00893016610108948	-0.0008037149490980836	0.006340417931773475	-0.018574745490266102	-0.00893016610108948	8825287
2024-07-26	-0.04487295008109573	-0.00036042530185624664	-0.00036042530185624664	-0.05397368895296458	-0.04487295008109573	17158959
2024-07-29	0.005660377358490513	-0.0047169811320754715	0.011320754716981159	-0.01858490566037735	0.005660377358490513	12925477
2024-07-30	0.010037523452157669	-0.005534709193245678	0.014352720450281437	-0.007223264540337674	0.010037523452157669	8241900
2024-07-31	-0.023683477291724687	-0.0015788984861149968	0.003622178879910844	-0.03176372248537199	-0.023683477291724687	14608190
2024-08-01	-0.0009512937595130186	-0.0041856925418569035	0.007895738203957366	-0.00485159817351603	-0.0009512937595130186	8011681
2024-08-02	0.014949533422205365	-0.002380498952580461	0.01980575128546942	-0.0025709388687868598	0.014949533422205365	9036716
2024-08-05	-0.010882822028332831	-0.0008443568815086163	0.008537386246364543	-0.013228257810301122	-0.010882822028332831	7155356
2024-08-06	-0.008915868348667476	0.0025609409086597363	0.003509437541496636	-0.026273356729583704	-0.008915868348667476	10776283
2024-08-07	-0.005263661594410922	-0.002966791080486057	0.008708967365298219	-0.00756053210833565	-0.005263661594410922	6613681
2024-08-08	0.0	0.0	0.006349817202232024	-0.00509909563209545	0.0	5644377
2024-08-09	-0.01866461420050027	9.620935154901978e-05	0.0021166057340773416	-0.03088320184721949	-0.01866461420050027	16414520
2024-08-12	-0.018235294117647054	-0.0016666666666666835	-0.0004901960784313447	-0.02078431372549024	-0.018235294117647054	11713589
2024-08-13	0.005592170960655105	-0.0013980427401637764	0.008388256440982659	-0.0013980427401637764	0.005592170960655105	7146722
2024-08-14	0.022442899702085312	0.0	0.029791459781529295	-0.0025819265143992563	0.022442899702085312	12166873
2024-08-15	0.01923076923076927	-0.001554001554001521	0.01923076923076927	-0.002525252525252437	0.01923076923076927	9275754
2024-08-16	-0.0007623403849818782	0.0	0.00476462740613684	-0.004955212502382276	-0.0007623403849818782	5472447
2024-08-19	0.0003814609956132582	9.536524890334843e-05	0.004100705702841949	-0.005340453938584801	0.0003814609956132582	5328036
2024-08-20	0.002383222116301239	9.532888465196287e-05	0.008484270734032417	-0.004957102001906675	0.002383222116301239	6364707
2024-08-21	-0.0061816452686638676	-0.003899191631003431	9.510223490243371e-05	-0.016642891107941035	-0.0061816452686638676	5123632
2024-08-22	0.010047846889952125	-0.001626794258373222	0.010334928229665056	-0.0028708133971291593	0.010047846889952125	6312452
2024-08-23	9.474182851733885e-05	-0.0021790620558977164	0.008621506395073393	-0.007579346281383204	9.474182851733885e-05	6841369
2024-08-26	0.004641909814323559	-0.0009473285335355108	0.00881015536187943	-0.007104964001515725	0.004641909814323559	6008757
2024-08-27	0.01527581329561532	0.0	0.020273455917020327	-0.0029231494578029447	0.01527581329561532	9200980
2024-08-28	0.0002786291446085366	-0.0015788984861149968	0.0032506733537660845	-0.010866536639732532	0.0002786291446085366	5940583
2024-08-29	-0.012070566388115107	-0.0013927576601671836	0.0013927576601670518	-0.019127205199628617	-0.012070566388115107	7366557
2024-08-30	-0.013251879699248221	-0.0036654135338345917	0.0008458646616540337	-0.02359022556390982	-0.013251879699248221	13134399
2024-09-02	-0.019906657776931035	-0.023716544432803077	-0.01543004095628146	-0.03324126107248305	-0.019906657776931035	6908835
2024-09-03	0.0028182701652088634	0.0004859086491739276	0.005636540330417865	-0.010204081632653171	0.0028182701652088634	7348128
2024-09-04	-0.0039732532222114215	-0.005717608295377492	0.0019381723035178102	-0.009787770132764715	-0.0039732532222114215	5486895
2024-09-05	-0.010897061685152797	0.005643121229811231	0.00700525394045533	-0.017318544463903494	-0.010897061685152797	7426604
2024-09-06	0.002360810544953857	9.836710603979064e-05	0.00826283690733822	-0.002065709226834485	0.002360810544953857	6026542
2024-09-09	-0.016094210009813547	-0.0029440628066733205	0.005789990186457205	-0.018547595682041222	-0.016094210009813547	7497566
2024-09-10	0.016556951924994977	9.974067424686719e-05	0.020845800917614093	-0.0005984440454817701	0.016556951924994977	6995548
2024-09-11	-0.024529042386185244	0.0	0.0025510204081633154	-0.02649136577708009	-0.024529042386185244	9615901
2024-09-12	-0.005632669483001431	0.0018105009052503782	0.0036210018105008995	-0.013277006638503393	-0.005632669483001431	6518768
2024-09-13	0.014060287274934257	-0.000606918875177041	0.01861217883876192	-0.0008092251669026734	0.014060287274934257	7782451
2024-09-18	0.004588528678304177	9.975062344144754e-05	0.011571072319201962	9.975062344144754e-05	0.004588528678304177	5039200
2024-09-19	-0.00784430543143672	0.0003971800218449633	0.001290835070996025	-0.01042597557342863	-0.00784430543143672	6878554
2024-09-20	0.014811849479583706	-0.00020016012810244215	0.015312249799839884	-0.009607686148919214	0.014811849479583706	6413727
2024-09-23	-0.0034516765285996895	-0.004339250493096764	0.0029585798816567765	-0.00532544378698231	-0.0034516765285996895	5394560
2024-09-24	0.031073725878278086	0.0034636318654132463	0.038099950519544866	-0.0016823354774864099	0.031073725878278086	11769792
2024-09-25	-0.002783376523658624	0.007678280065265353	0.0365678088108264	-0.006046645551396444	-0.002783376523658624	12272228
2024-09-26	0.009913378248315698	0.0	0.010587102983638057	-0.0056785370548604755	0.009913378248315698	11274690
2024-09-27	-0.006099304298103503	0.0005718097779470891	0.003526160297340992	-0.03392738015820072	-0.006099304298103503	27837739
2024-09-30	0.05187458049669188	0.006903825870169708	0.07201073928468683	-0.006520279988493688	0.05187458049669188	49796181
2024-10-08	0.004010938924339086	0.0757520510483136	0.08477666362807655	-0.02725615314494083	0.004010938924339086	45017988
2024-10-09	-0.03195932449609584	-0.014890139822044676	-0.0012711094970038184	-0.040312329762120916	-0.03195932449609584	25177754
2024-10-10	0.020446445319827353	0.0	0.045770024385668684	-0.0003751641343088187	0.020446445319827353	25762477
2024-10-11	-0.002113970588235331	-0.007352941176470562	0.011029411764705909	-0.017463235294117568	-0.002113970588235331	18020089
2024-10-14	0.0205397439439993	-0.0058027079303674635	0.02882932670166722	-0.0058027079303674635	0.0205397439439993	18497871
2024-10-15	-0.02851985559566784	-0.0027075812274367974	-0.001083032490974642	-0.029061371841155224	-0.02851985559566784	13333402
2024-10-16	-0.00510962467484204	-0.004738015607580873	0.006224451876625806	-0.01086956521739132	-0.00510962467484204	8398258
2024-10-17	-0.013540013073116097	0.006349799234288847	0.007563731440844171	-0.015220842282192637	-0.013540013073116097	10014954
2024-10-18	0.013820522529344886	-0.00018932222642934515	0.023949261643316937	-0.00539568345323748	0.013820522529344886	12989301
2024-10-21	-0.007469654528478031	9.337068160602349e-05	0.0002801120448179378	-0.016059757236227816	-0.007469654528478031	15625260
2024-10-22	-0.018062088428974617	-0.008184383819379025	-0.006961429915333913	-0.023518344308560677	-0.018062088428974617	21340815
2024-10-23	-0.0002874113814907179	0.0	0.0059398352174746556	-0.004790189691511784	-0.0002874113814907179	12212175
2024-10-24	-0.0204120747484427	-0.005366554863440231	-0.005366554863440231	-0.025874460948730128	-0.0204120747484427	20944594
2024-10-25	-0.0028370181960476622	-0.00205439248679313	0.003521815691645465	-0.008706711015456864	-0.0028370181960476622	16123408
2024-10-28	0.0035318355734327424	-0.0004905327185324376	0.003924261748258525	-0.005199646816442667	0.0035318355734327424	11623270
2024-10-29	-0.0008798514028742145	0.0007820901358881444	0.0038126894124547906	-0.012611203441196659	-0.0008798514028742145	16492850
2024-10-30	-0.0001956947162426225	-0.002837573385518652	0.002446183953033268	-0.005675146771037165	-0.0001956947162426225	9243335
2024-10-31	0.0045997259737717636	-0.0005871990604815254	0.009395184967703989	-0.0005871990604815254	0.0045997259737717636	12874888
2024-11-01	0.007306380905991232	-0.0014612761811983017	0.01003409644422797	-0.0044812469556746995	0.007306380905991232	13061678
2024-11-04	-0.005609284332688709	0.00048355899419726453	0.0032882011605414813	-0.013539651837524232	-0.005609284332688709	10579384
2024-11-05	0.0002917720287881846	-0.004182065745963749	0.0002917720287881846	-0.007391558062633641	0.0002917720287881846	17055123
2024-11-06	-0.0060281964025278596	-0.003014098201263861	0.0008750607681089296	-0.007972775887214324	-0.0060281964025278596	14555037
2024-11-07	0.006162574586716183	-0.002347647461606271	0.006162574586716183	-0.007042942384818535	0.006162574586716183	15358704
2024-11-08	-0.00048609760839973907	0.0	0.005638732257437277	-0.00836087886447598	-0.00048609760839973907	16620841
2024-11-11	-0.00748954381869464	-0.002042602859644081	-0.002042602859644081	-0.010796615115261156	-0.00748954381869464	13011050
2024-11-12	-0.01166209329674649	-0.0006860054880439767	0.0006860054880438375	-0.014896119168953451	-0.01166209329674649	15235405
2024-11-13	0.04144769459593463	-0.002776400594942996	0.057015369360436295	-0.0034705007436786747	0.04144769459593463	36595255
2024-11-14	-0.013043892221270156	-0.01199657240788351	-0.0040940683614206115	-0.021136818051985137	-0.013043892221270156	16544878
2024-11-15	0.013216284005402321	-0.002508199884236841	0.041867644221493375	-0.004244645957939395	0.013216284005402321	26765828
2024-11-18	-0.0034275921165381265	-0.0040940683614206115	0.016852327906312446	-0.009711510996858002	-0.0034275921165381265	19034785
2024-11-19	-0.00945829750644879	-0.002579535683576918	-0.0016241520970669886	-0.01710136619852877	-0.00945829750644879	12437915
2024-11-20	0.0019290123456789025	-0.00491898148148153	0.004822530864197531	-0.013117283950617415	0.0019290123456789025	10908884
2024-11-21	-0.0029842125529457287	-0.0028879476318829146	0.004813246053138237	-0.006257219869079626	-0.0029842125529457287	6438912
2024-11-22	-0.0016414019503716087	-0.0018345080621801461	0.006082842521965914	-0.003958675292072961	-0.0016414019503716087	9955074
2024-11-25	0.002901353965183725	-0.0009671179883946665	0.015280464216634412	-0.0050290135396519366	0.002901353965183725	9893145
2024-11-26	0.016586306653809054	-0.0019286403085824768	0.018322082931533187	-0.004628736740597917	0.016586306653809054	13297139
2024-11-27	0.008916714095996942	0.0	0.012047049895655436	-0.0025611838360841965	0.008916714095996942	12861649
2024-11-28	-0.0029146295599849783	-0.004136893569010885	0.002256487401278628	-0.009025949605114646	-0.0029146295599849783	8243346
2024-11-29	0.0031117397454030957	0.0005657708628005872	0.0196133899104196	-0.003300330033003247	0.0031117397454030957	13458340
2024-12-02	-0.008554239518706493	-0.004512126339537411	-0.0009400263207369272	-0.014758413235570533	-0.008554239518706493	10717658
2024-12-03	0.014127239973452117	-0.0016118327486489212	0.015359817957713138	-0.004645870863752678	0.014127239973452117	11342875
2024-12-04	0.01065818997756171	-0.0010284218399401594	0.01589379207180257	-0.0033657442034405335	0.01065818997756171	11719547
2024-12-05	-0.006012950971322771	-0.0009250693802034627	0.004347826086956511	-0.009158186864014754	-0.006012950971322771	9174921
2024-12-06	-0.0021405304792927312	-0.004187994416007472	0.006979990693345742	-0.004187994416007472	-0.0021405304792927312	9782535
2024-12-09	0.0006528632717777223	9.326618168256963e-05	0.012124603618727824	-0.008580488714792032	0.0006528632717777223	11180209
2024-12-10	-0.0036350079224531694	9.320533134486815e-05	0.0066175785254916	-0.008947711809115555	-0.0036350079224531694	17127131
2024-12-11	-0.002993451824134774	-0.0028063610851263923	0.002057998129092599	-0.007857811038353634	-0.002993451824134774	8776183
2024-12-12	0.010508538187277205	-0.0017826984424844973	0.011259148057796986	-0.0035653968849689945	0.010508538187277205	9215483
2024-12-13	0.010120705663881183	0.0	0.018105849582172727	-0.005756731662024183	0.010120705663881183	18029085
2024-12-16	0.03088519165364463	-0.0014707234120784152	0.03869840978031063	-0.0017464840518431099	0.03088519165364463	25034576
2024-12-17	-0.007757467677218052	0.006152474364690127	0.02523406152474363	-0.009273294694605494	-0.007757467677218052	14057773
2024-12-18	0.024263120057512605	-0.0008986340762041186	0.03145219266714594	-0.0008986340762041186	0.024263120057512605	11277282
2024-12-19	-0.001140550973855147	-0.003333918231268728	0.008861203719950788	-0.011405509738550597	-0.001140550973855147	9860900
2024-12-20	-0.021519543258673595	-0.007465963987703069	-0.0013175230566534167	-0.024154589371980676	-0.021519543258673595	12321388
2024-12-23	0.021992818671454115	0.0002692998204667965	0.027827648114901203	0.0002692998204667965	0.021992818671454115	10650536
2024-12-24	0.00913482652613093	-0.0038647342995168886	0.014492753623188456	-0.007114624505928749	0.00913482652613093	10244629
2024-12-25	0.006092784402471955	-0.0009574375489598698	0.01732091565845587	-0.0033945513099486514	0.006092784402471955	10741464
2024-12-26	-0.010468033566917622	-0.0007786140669608393	-0.0001730253482136018	-0.02214724457132972	-0.010468033566917622	12050699
2024-12-27	0.0019234131841230886	-0.00017485574401115598	0.00437139360027977	-0.0063822346564083735	0.0019234131841230886	5378096
2024-12-30	0.015357766143106502	-0.003054101221640439	0.019022687609075103	-0.004013961605584588	0.015357766143106502	11718106
2024-12-31	0.01546923341354415	-0.0011172224132003734	0.027071158473702353	-0.003007906497077985	0.01546923341354415	15282087
