2022-04-25	-0.05800922874093611	0.03427818061964401	0.06196440342781803	-0.09162821357943313	-0.05800922874093611	598019056
2022-04-26	-0.046885934219734075	-0.020293911826452005	-0.0013995801259621815	-0.07277816655003494	-0.046885934219734075	401307296
2022-04-27	0.09985315712187968	0.0301027900146843	0.09985315712187968	0.013215859030837114	0.09985315712187968	418253536
2022-04-28	0.03204272363150871	-0.031375166889185624	0.03204272363150871	-0.03538050734312424	0.03204272363150871	365473664
2022-04-29	0.10025873221216046	0.03492884864165583	0.10025873221216046	0.0032341526520051054	0.10025873221216046	418628336
2022-05-05	-0.04761904761904775	0.0023515579071134124	0.01175778953556727	-0.04761904761904775	-0.04761904761904775	317221808
2022-05-06	-0.03209876543209874	-0.024074074074074	0.028395061728395114	-0.03395061728395055	-0.03209876543209874	294586800
2022-05-09	0.036989795918367464	-0.012117346938775479	0.045280612244898016	-0.03316326530612242	0.036989795918367464	245111428
2022-05-10	-0.0645756457564576	-0.05289052890528912	-0.046740467404674135	-0.08425584255842564	-0.0645756457564576	249675105
2022-05-11	0.0177514792899408	-0.014464168310322198	0.03747534516765276	-0.020381328073635796	0.0177514792899408	232697918
2022-05-12	-0.03036175710594319	0.012273901808785497	0.01744186046511625	-0.034237726098191285	-0.03036175710594319	170725354
2022-05-13	0.016655562958027982	0.014656895403064666	0.032644903397734855	0.0026648900732845386	0.016655562958027982	141844711
2022-05-16	0.02948885976408919	0.012450851900393153	0.05045871559633036	0.011140235910878107	0.02948885976408919	185295831
2022-05-17	0.007001909611712248	0.017186505410566492	0.03628262253341822	-0.000636537237428489	0.007001909611712248	147227293
2022-05-18	0.02085967130214907	-0.013274336283185894	0.0448798988621998	-0.03413400758533508	0.02085967130214907	151514048
2022-05-19	-0.02910216718266247	-0.02786377708978324	-0.020433436532507634	-0.0452012383900928	-0.02910216718266247	118212793
2022-05-20	0.002551020408163324	-0.008290816326530549	0.02359693877551027	-0.008290816326530549	0.002551020408163324	106229956
2022-05-23	0.027353689567429892	-0.0038167938931298025	0.038804071246819186	-0.00699745547073799	0.027353689567429892	134552110
2022-05-24	-0.013003095975232143	-0.0006191950464395054	0.010526315789473792	-0.01857585139318879	-0.013003095975232143	106280085
2022-05-25	0.04265997490589721	-0.0018820577164365972	0.06336260978670011	-0.0018820577164365972	0.04265997490589721	152806425
2022-05-26	0.012033694344163615	-0.0042117930204572974	0.03188929001203355	-0.011432009626955552	0.012033694344163615	101501095
2022-05-27	0.09988109393579071	0.022592152199762128	0.09988109393579071	0.022592152199762128	0.09988109393579071	242039508
2022-05-30	0.05405405405405406	-0.005945945945945916	0.06324324324324333	-0.015135135135135197	0.05405405405405406	182648507
2022-05-31	-0.0015384615384615968	0.0	0.02051282051282044	-0.02256410256410263	-0.0015384615384615968	133607780
2022-06-01	-0.02568053415511043	-0.024139702105803743	-0.008731381612737451	-0.03954802259887004	-0.02568053415511043	95732138
2022-06-02	-0.05113336847654185	-0.017923036373220867	-0.016868740115972603	-0.05271481286241434	-0.05113336847654185	109286991
2022-06-06	0.03166666666666668	0.027777777777777776	0.04388888888888884	0.019444444444444525	0.03166666666666668	102094733
2022-06-07	0.01777059773828747	-0.008616047388260642	0.039310716208939174	-0.011847065158858312	0.01777059773828747	95215059
2022-06-08	0.021164021164021277	0.01375661375661384	0.02910052910052914	-0.010582010582010545	0.021164021164021277	97025042
2022-06-09	0.021761658031087986	0.020725388601036194	0.05492227979274605	0.007772020725388527	0.021761658031087986	121973261
2022-06-10	0.02991886409736308	-0.021298174442190575	0.03904665314401621	-0.021298174442190575	0.02991886409736308	88759842
2022-06-13	-0.034465780403741965	-0.021171836533727215	-0.006400787789266323	-0.046282619399310575	-0.034465780403741965	92989185
2022-06-14	0.040285568587455335	-0.010198878123406389	0.044365119836818005	-0.014278429372769054	0.040285568587455335	101313754
2022-06-15	-0.04999999999999998	-0.01078431372549014	-0.00686274509803907	-0.04999999999999998	-0.04999999999999998	121283237
2022-06-16	-0.03973168214654281	-0.019607843137254853	-0.006191950464396153	-0.053663570691434424	-0.03973168214654281	137764417
2022-06-17	0.0021493820526598145	-0.007522837184309542	0.014508328855454035	-0.026329930145083204	0.0021493820526598145	91223803
2022-06-20	-0.08310991957104542	-0.050402144772117845	-0.04289544235924918	-0.09919571045576397	-0.08310991957104542	175239341
2022-06-21	0.011695906432748496	0.00877192982456132	0.025146198830409337	0.0005847953216373105	0.011695906432748496	86643588
2022-06-22	-0.031213872832369892	-0.008670520231213995	0.009248554913294805	-0.03468208092485557	-0.031213872832369892	93453254
2022-06-23	0.026849642004773223	-0.009546539379474948	0.03400954653937928	-0.009546539379474948	0.026849642004773223	81329940
2022-06-24	-0.010459035444508989	-0.007553747821034431	0.0023242300987797297	-0.019174898314933284	-0.010459035444508989	66765632
2022-06-27	0.03464474456840868	0.005284791544333521	0.03816793893129762	-0.0017615971814445763	0.03464474456840868	82767580
2022-06-28	0.031214528944381422	0.015891032917139475	0.038592508513053334	0.015891032917139475	0.031214528944381422	85682861
2022-06-29	-0.029719317556411814	0.0016510731975782928	0.01375894331315355	-0.037424325811777834	-0.029719317556411814	76410807
2022-06-30	-0.010209869540555855	-0.010209869540555855	-0.004537719795802512	-0.03006239364719215	-0.010209869540555855	65983999
2022-07-01	-0.020630372492836644	-0.0223495702005731	-0.010888252148997005	-0.03151862464183385	-0.020630372492836644	52525889
2022-07-04	0.007606787595084786	-0.001755412521942723	0.02399063779988298	-0.001755412521942723	0.007606787595084786	53049218
2022-07-05	0.008130081300813042	0.016260162601626084	0.0191637630662022	-0.0058072009291520255	0.008130081300813042	56757585
2022-07-06	-0.06682027649769587	-0.05414746543778789	-0.04665898617511514	-0.09562211981566822	-0.06682027649769587	170904139
2022-07-07	-0.0049382716049381666	-0.02222222222222219	-0.003086419753086464	-0.036419753086419746	-0.0049382716049381666	78738201
2022-07-08	-0.0055831265508684775	0.024193548387096808	0.02481389578163763	-0.007444168734491377	-0.0055831265508684775	53222903
2022-07-11	0.011228945726762302	0.0	0.015595757953836555	-0.018714909544603912	0.011228945726762302	52193357
2022-07-12	0.0006169031462059229	-0.00987045033929674	0.004318322023442337	-0.01295496607032701	0.0006169031462059229	30076695
2022-07-13	-0.004315659679408156	-0.032059186189889004	-0.004315659679408156	-0.041923551171393326	-0.004315659679408156	59910735
2022-07-14	0.0024767801857586815	-0.004334365325077417	0.006191950464396374	-0.027244582043343516	0.0024767801857586815	70528535
2022-07-15	-0.08091414453366277	-0.08770846201358873	-0.05929586164298955	-0.09450277949351457	-0.08091414453366277	84544921
2022-07-18	0.06048387096774184	0.011424731182795694	0.06048387096774184	0.011424731182795694	0.06048387096774184	81774227
2022-07-19	-0.003802281368821212	0.012040557667934175	0.01647655259822559	-0.020912547528517116	-0.003802281368821212	70531274
2022-07-20	0.006997455470737877	0.005725190839694647	0.024173027989821932	0.0006361323155216149	0.006997455470737877	47856524
2022-07-21	-0.021478205938092222	-0.0037902716361339545	-0.0018951358180669211	-0.02337334175615914	-0.021478205938092222	40473437
2022-07-22	-0.021949644932214324	-0.016139444803098774	-0.0025823111684958634	-0.028405422853453807	-0.021949644932214324	49511032
2022-07-25	-0.014521452145214563	-0.003300330033003347	0.000660066006600646	-0.019801980198019847	-0.014521452145214563	36218956
2022-07-26	0.0214333556597455	0.01473543201607506	0.023442732752846595	0.008037508372404622	0.0214333556597455	39395713
2022-07-27	-0.013770491803278745	-0.009836065573770515	-0.0019672131147540563	-0.018360655737704876	-0.013770491803278745	29596759
2022-07-28	0.025265957446808564	0.01196808510638308	0.027925531914893734	0.010638297872340436	0.025265957446808564	51909417
2022-07-29	-0.020752269779507154	-0.006485084306095956	0.01102464332036316	-0.025291828793774358	-0.020752269779507154	44123141
2022-08-01	0.02251655629139072	0.000662251655629125	0.027814569536423837	-0.0033112582781456247	0.02251655629139072	43392183
2022-08-02	-0.02590673575129536	-0.020077720207253805	-0.016839378238341956	-0.04792746113989639	-0.02590673575129536	50145630
2022-08-03	-0.011303191489361698	-0.006648936170212743	0.004654255319148955	-0.015292553191489273	-0.011303191489361698	30652793
2022-08-04	-0.018157363819771323	-0.010759919300605136	-0.010759919300605136	-0.03295225285810346	-0.018157363819771323	44398452
2022-08-05	-0.023287671232876703	-0.020547945205479378	-0.019178082191780778	-0.04041095890410958	-0.023287671232876703	81916055
2022-08-08	0.00210378681626924	-0.007713884992987337	0.0028050490883591113	-0.013323983169705435	0.00210378681626924	40321179
2022-08-09	0.0034989503149055784	0.0020993701889433967	0.01469559132260328	0.0006997900629812151	0.0034989503149055784	45747221
2022-08-10	-0.00906555090655502	0.0020920502092049765	0.009065550906555146	-0.018131101813110166	-0.00906555090655502	37602399
2022-08-11	0.012667135819845158	0.0056298381421532925	0.015482054890921805	0.0028149190710766462	0.012667135819845158	35292422
2022-08-12	0.04656011118832522	0.013203613620569805	0.0653231410701876	0.008339124391938792	0.04656011118832522	105815079
2022-08-15	-0.003984063745019953	-0.01726427622841964	0.009296148738379733	-0.02656042496679949	-0.003984063745019953	60731091
2022-08-16	-0.022666666666666658	-0.0206666666666667	-0.011333333333333329	-0.03200000000000003	-0.022666666666666658	48663449
2022-08-17	0.007503410641200507	-0.004092769440654877	0.009549795361528005	-0.009549795361528005	0.007503410641200507	36922534
2022-08-18	-0.024373730534867938	-0.0006770480704129849	-0.0006770480704129849	-0.026404874746106893	-0.024373730534867938	49851012
2022-08-19	0.029840388619014554	0.013185287994448265	0.046495489243580844	0.008327550312283083	0.029840388619014554	98004133
2022-08-22	0.01617250673854449	0.0	0.022911051212937995	-0.0006738544474393387	0.01617250673854449	55232788
2022-08-23	0.06366047745358085	0.0013262599469495739	0.07758620689655171	-0.0006631299734747869	0.06366047745358085	160690177
2022-08-24	0.019326683291770716	0.004364089775561115	0.04551122194513719	0.0024937655860348597	0.019326683291770716	138569825
2022-08-25	0.08134556574923536	0.018960244648317963	0.09969418960244641	0.0116207951070335	0.08134556574923536	178918087
2022-08-26	-0.054864253393665095	-0.026583710407239756	-0.02092760180995481	-0.05656108597285068	-0.054864253393665095	96676317
2022-08-29	0.031119090365050842	-0.015559545182525527	0.052064631956911876	-0.015559545182525527	0.031119090365050842	90234292
2022-08-30	-0.011607661056297115	0.0203134068485199	0.03250145095763196	-0.042367962855484644	-0.011607661056297115	95754701
2022-08-31	-0.04462712859659433	-0.031121550205519734	-0.022900763358778657	-0.04991192014092785	-0.04462712859659433	72720099
2022-09-01	-0.016594960049170226	-0.00676090964966192	0.024585125998770874	-0.018438844499077994	-0.016594960049170226	62569554
2022-09-02	0.001875000000000071	-0.0012499999999999734	0.016250000000000098	-0.011249999999999982	0.001875000000000071	35522054
2022-09-05	0.06674984404242047	0.016843418590143454	0.0698689956331876	0.014348097317529658	0.06674984404242047	76514015
2022-09-06	-0.005847953216374352	0.004678362573099315	0.006432748538011662	-0.022807017543859682	-0.005847953216374352	53317805
2022-09-07	-0.01882352941176472	-0.02235294117647053	-0.0117647058823529	-0.03470588235294117	-0.01882352941176472	63319365
2022-09-08	-0.030575539568345207	-0.02997601918465228	-0.027577937649880147	-0.044964028776978415	-0.030575539568345207	60539494
2022-09-09	0.00618429189857748	-0.001855287569573354	0.008658008658008472	-0.010513296227582047	0.00618429189857748	33157234
2022-09-13	0.004302397049784898	0.01720958819913959	0.020282728948985976	-0.005531653349723408	0.004302397049784898	46439199
2022-09-14	0.021419828641370955	-0.015911872705018457	0.0373317013463892	-0.015911872705018457	0.021419828641370955	77276110
2022-09-15	0.002396644697423556	0.017375674056321098	0.018573996405032874	-0.014979029358897542	0.002396644697423556	59682630
2022-09-16	-0.036461446503287476	-0.014943215780035863	-0.006575014943215746	-0.037656903765690315	-0.036461446503287476	36762197
2022-09-19	-0.0012406947890818594	-0.006823821339950337	0.01736972704714625	-0.016129032258064613	-0.0012406947890818594	30708925
2022-09-20	0.0031055900621116245	0.009316770186335315	0.011801242236024703	-0.010559006211180229	0.0031055900621116245	30838577
2022-09-21	0.029102167182662692	-0.00928792569659434	0.03157894736842115	-0.019814241486068022	0.029102167182662692	44916737
2022-09-22	0.003008423586040957	-0.022262334536702826	0.013838748495788231	-0.03068592057761742	0.003008423586040957	54083021
2022-09-23	0.019796040791841527	-0.004799040191961718	0.051589682063587244	-0.005998800239952094	0.019796040791841527	77710437
2022-09-26	-0.08705882352941179	-0.0335294117647059	-0.03294117647058816	-0.08941176470588233	-0.08705882352941179	89288489
2022-09-27	-0.011597938144329878	-0.004510309278350534	0.0019329896907217228	-0.043814432989690705	-0.011597938144329878	68715073
2022-09-28	-0.01238591916558015	-0.0026075619295957723	0.020208604954367698	-0.020860495436766643	-0.01238591916558015	39277776
2022-09-29	0.01848184818481844	0.021782178217821788	0.036963696369637	0.009900990099009924	0.01848184818481844	41767446
2022-09-30	0.025923525599481554	-0.0006480881399870245	0.033700583279325964	-0.008425145819831432	0.025923525599481554	38697633
2022-10-10	0.04421983575489583	0.054958938723941836	0.06569804169298805	0.03663929248262793	0.04421983575489583	64665612
2022-10-11	0.010284331518451189	-0.004234724742891729	0.018148820326678593	-0.030248033877797943	0.010284331518451189	47508418
2022-10-12	-0.0017964071856285979	-0.014371257485029846	0.003592814371257621	-0.021556886227544876	-0.0017964071856285979	41229127
2022-10-13	-0.0437912417516498	-0.037192561487702516	-0.03479304139172176	-0.05938812237552501	-0.0437912417516498	36219761
2022-10-14	0.021957340025094082	0.013801756587202047	0.02634880803011292	0.009410288582183209	0.021957340025094082	39787203
2022-10-17	0.015346838551258441	-0.009208103130754978	0.02332719459791299	-0.021485573971761797	0.015346838551258441	38573764
2022-10-18	-0.025997581620314375	-0.0024183796856105896	-0.0024183796856105896	-0.02781136638452242	-0.025997581620314375	35834967
2022-10-19	-0.019242706393544303	-0.006828057107386681	0.0018621973929237206	-0.019863438857852283	-0.019242706393544303	26287253
2022-10-20	0.017721518987341617	0.010126582278481022	0.0335443037974682	0.00569620253164556	0.017721518987341617	35444290
2022-10-21	-0.009950248756218805	-0.017412935323382936	-0.0080845771144278	-0.05597014925373126	-0.009950248756218805	97348168
2022-10-24	0.001256281407035149	-0.004396984924623134	0.008165829145728692	-0.014447236180904549	0.001256281407035149	67504913
2022-10-25	-0.027603513174403984	-0.004391468005018839	-0.0012547051442910648	-0.036386449184441665	-0.027603513174403984	49277713
2022-10-26	-0.020645161290322598	-0.0012903225806451338	0.014193548387096815	-0.03225806451612903	-0.020645161290322598	78103210
2022-10-27	0.012516469038208137	0.008563899868247746	0.02108036890645588	0.0	0.012516469038208137	50864580
2022-10-28	-0.0019518542615484294	0.0013012361743657353	0.008458035133376758	-0.011060507482107998	-0.0019518542615484294	44693156
2022-10-31	-0.04172099087353329	-0.009126466753585435	-0.006518904823989547	-0.04432855280312906	-0.04172099087353329	56720383
2022-11-01	0.036734693877551086	-0.014965986394557746	0.04421768707482996	-0.014965986394557746	0.036734693877551086	52173018
2022-11-02	0.020997375328084007	-0.001968503937007832	0.028215223097112843	-0.006561679790026223	0.020997375328084007	53357819
2022-11-03	-0.013496143958868948	-0.013496143958868948	0.003856041131105316	-0.019280205655527037	-0.013496143958868948	37612658
2022-11-04	0.025407166123778538	-0.002605863192182355	0.031270358306188954	-0.003257328990227944	0.025407166123778538	74492672
2022-11-07	0.042566709021601014	0.0006353240152477628	0.0800508259212198	0.0006353240152477628	0.042566709021601014	103465576
2022-11-08	-0.009750152346130418	0.006703229737964621	0.015234613040828763	-0.018890920170627587	-0.009750152346130418	52333248
2022-11-09	-0.010461538461538567	-0.011076923076923059	-0.0012307692307692046	-0.015384615384615385	-0.010461538461538567	36296371
2022-11-10	-0.013681592039800926	-0.02052238805970139	-0.010572139303482473	-0.03358208955223876	-0.013681592039800926	48278436
2022-11-11	0.027742749054224546	0.016393442622950918	0.031525851197982346	-0.0018915510718789004	0.027742749054224546	61189231
2022-11-14	-0.016564417177914084	0.0030674846625767306	0.0171779141104293	-0.02208588957055222	-0.016564417177914084	43202292
2022-11-15	0.0024953212726137957	-0.014348097317529658	0.0031191515907671337	-0.02620087336244552	0.0024953212726137957	36380467
2022-11-16	0.013067828251400177	0.0012445550715618901	0.020535158680771517	0.0	0.013067828251400177	47069174
2022-11-17	-0.023955773955773987	-0.01289926289926295	-0.008599508599508634	-0.034398034398034426	-0.023955773955773987	49511695
2022-11-18	-0.013845185651353092	-0.009439899307740739	-0.002517306482064249	-0.01762114537444941	-0.013845185651353092	42636276
2022-11-21	-0.012125079770261615	-0.01659221442246329	-0.007657945118059937	-0.022335673261008274	-0.012125079770261615	33229869
2022-11-22	0.014857881136950931	-0.003229974160206764	0.033591731266149845	-0.005167958656330754	0.014857881136950931	45533651
2022-11-23	0.02482495225970723	0.007001909611712248	0.04073838319541696	0.005728835136855496	0.02482495225970723	77033254
2022-11-24	-0.008695652173913078	-0.013664596273291965	0.0	-0.021739130434782695	-0.008695652173913078	53347470
2022-11-25	0.010025062656641612	-0.0025062656641604585	0.015664160401002505	-0.00438596491228072	0.010025062656641612	35225256
2022-11-28	-0.015508684863523683	-0.01923076923076926	-0.008684863523573236	-0.027295285359801566	-0.015508684863523683	37782694
2022-11-29	0.023944549464398286	0.003150598613736655	0.028985507246376756	-0.00567107750472589	0.023944549464398286	59644858
2022-11-30	0.013538461538461468	-0.0036923076923076137	0.017846153846153793	-0.00799999999999994	0.013538461538461468	51441055
2022-12-01	0.004250151791135416	0.011536126290224729	0.018214936247723176	-0.009714632665452347	0.004250151791135416	58992410
2022-12-02	0.013301088270858671	-0.004232164449818639	0.03385731559854911	-0.004232164449818639	0.013301088270858671	58308329
2022-12-05	0.023269689737469988	0.001193317422434342	0.033412887828162215	-0.003579952267303238	0.023269689737469988	55720262
2022-12-06	-0.026822157434402177	-0.01574344023323613	-0.012244897959183517	-0.034402332361516026	-0.026822157434402177	56241017
2022-12-07	-0.02756141402037153	-0.01737567405632131	-0.015578190533253537	-0.033553025763930634	-0.02756141402037153	52604571
2022-12-08	-0.0018484288354899037	-0.005545286506469492	0.003080714725816433	-0.014171287738755417	-0.0018484288354899037	42636381
2022-12-09	-0.003086419753086464	-0.0024691358024690833	-0.0006172839506171612	-0.008641975308642011	-0.003086419753086464	26801215
2022-12-12	-0.016718266253869834	0.0	0.0	-0.01857585139318879	-0.016718266253869834	37077913
2022-12-13	0.009445843828715387	0.009445843828715387	0.013853904282115909	0.0012594458438286884	0.009445843828715387	22854382
2022-12-14	-0.006238303181534711	0.0012476606363068978	0.0037429819089206933	-0.009357454772301956	-0.006238303181534711	25053053
2022-12-15	-0.0018832391713747244	0.008160703075957251	0.008788449466415604	-0.0031387319522912073	-0.0018832391713747244	21675995
2022-12-16	-0.0037735849056604086	-0.006289308176100607	0.0	-0.011320754716981114	-0.0037735849056604086	19133221
2022-12-19	-0.03345959595959592	-0.0012626262626262356	-0.0006313131313131178	-0.04166666666666668	-0.03345959595959592	48054139
2022-12-20	0.0019595035924232108	-0.0006531678641410703	0.011103853690398428	-0.003919007184846538	0.0019595035924232108	21428139
2022-12-21	-0.007822685788787432	0.0032594524119948314	0.0045632333767927176	-0.01238591916558015	-0.007822685788787432	18345060
2022-12-22	-0.007227332457293114	0.008541392904073521	0.010512483574244424	-0.008541392904073639	-0.007227332457293114	22793035
2022-12-23	-0.003309066843150161	-0.002647253474520129	0.0019854401058902143	-0.009265387160820569	-0.003309066843150161	16785229
2022-12-26	0.0258964143426294	0.009296148738379733	0.0258964143426294	0.005976095617529871	0.0258964143426294	31468086
2022-12-27	0.0	0.0032362459546926028	0.009708737864077693	-0.004530744336569483	0.0	25777353
2022-12-28	-0.005177993527508095	0.0	0.0019417475728156076	-0.007119741100323588	-0.005177993527508095	16446958
2022-12-29	-0.018217306441119022	-0.004554326610279669	-0.004554326610279669	-0.01886792452830183	-0.018217306441119022	26183798
2022-12-30	0.0072895957587806115	0.003313452617627615	0.013916500994035842	0.0026507620941021155	0.0072895957587806115	16988099
2023-01-03	0.018421052631579022	0.0006578947368422081	0.02105263157894739	0.0006578947368422081	0.018421052631579022	26364619
2023-01-04	-0.012273901808785612	-0.009689922480620177	-0.007105943152454859	-0.01614987080103359	-0.012273901808785612	30651293
2023-01-05	-0.0006540222367560358	-0.0045781556572922506	-0.0006540222367560358	-0.01111837802485284	-0.0006540222367560358	32714731
2023-01-06	0.0026178010471204793	-0.002617801047120363	0.004581151832460752	-0.005235602094240842	0.0026178010471204793	22619617
2023-01-09	0.01174934725848562	0.0026109660574411974	0.01174934725848562	-0.0006527415143602993	0.01174934725848562	32061853
2023-01-10	-0.004516129032258083	-0.004516129032258083	0.003225806451612949	-0.008387096774193598	-0.004516129032258083	19849065
2023-01-11	0.0038885288399222616	-0.0019442644199610733	0.007777057679844523	-0.00518470511989631	0.0038885288399222616	20930182
2023-01-12	0.01678502259522271	0.010329244673983225	0.020012911555842512	0.005164622336991612	0.01678502259522271	42105126
2023-01-13	0.0006349206349206214	0.004444444444444463	0.011428571428571411	-0.0019047619047618642	0.0006349206349206214	26337383
2023-01-16	-0.0006345177664974484	-0.0019035532994923453	0.0057106598984771485	-0.008248730964466941	-0.0006345177664974484	29441795
2023-01-17	-0.017777777777777736	-0.0031746031746032197	-0.0031746031746032197	-0.019047619047619094	-0.017777777777777736	36496352
2023-01-18	0.02133160956690369	0.005817711700064632	0.023270846800258527	0.005817711700064632	0.02133160956690369	38770416
2023-01-19	-0.00569620253164556	-0.008860759493670921	-0.0025316455696203113	-0.012025316455696282	-0.00569620253164556	25875504
2023-01-20	0.030553787396562726	0.011457670273710993	0.04010184595798848	0.007001909611712248	0.030553787396562726	65971728
2023-01-30	-0.008029647930821652	0.012970969734403785	0.017912291537986357	-0.009882643607164924	-0.008029647930821652	51359201
2023-01-31	-0.010585305105852937	-0.0062266500622663685	-0.0018679950186798	-0.014943960149439505	-0.010585305105852937	35435886
2023-02-01	0.008810572687224705	0.0044052863436123526	0.008810572687224705	-0.001887979861548215	0.008810572687224705	44561756
2023-02-02	0.004366812227074253	-0.005614472863381262	0.006862133499688049	-0.011228945726762413	0.004366812227074253	42330719
2023-02-03	-0.013043478260869617	-0.008695652173913078	-0.007453416149068384	-0.016149068322981464	-0.013043478260869617	34704512
2023-02-06	0.0006293266205160344	-0.008181246066708671	0.0012586532410320689	-0.01510383889238516	0.0006293266205160344	20821678
2023-02-07	0.006289308176100607	0.0031446540880502474	0.008176100628930866	-0.00188679245283026	0.006289308176100607	27338722
2023-02-08	-0.0024999999999999467	0.008124999999999938	0.012499999999999956	-0.005624999999999991	-0.0024999999999999467	34651794
2023-02-09	0.003759398496240521	0.0	0.00814536340852124	-0.0025062656641604585	0.003759398496240521	28854703
2023-02-10	-0.00811485642946311	-0.00249687890137323	-0.0006242197253431967	-0.012484394506866373	-0.00811485642946311	28513859
2023-02-13	0.0044052863436123526	0.0025173064820641377	0.006293266205160456	0.0	0.0044052863436123526	25126899
2023-02-14	0.00814536340852124	0.0	0.00814536340852124	-0.005012531328320806	0.00814536340852124	27137782
2023-02-15	-0.0093225605966439	-0.004972032318209962	-0.0018645121193288463	-0.010565568676196391	-0.0093225605966439	17953041
2023-02-16	-0.007528230865746501	-0.0006273525721455324	0.008155583437892145	-0.015056461731493113	-0.007528230865746501	35130357
2023-02-17	0.001896333754740794	0.0006321112515802646	0.004424778761061965	-0.0037926675094817003	0.001896333754740794	22003646
2023-02-20	0.012618296529968522	-0.0012618296529968186	0.01388012618296534	-0.005678233438485796	0.012618296529968522	43377441
2023-02-21	0.0	0.0006230529595014336	0.0068535825545170985	-0.0024922118380061773	0.0	47023115
2023-02-22	0.00560747663551401	-0.004361370716510921	0.014330218068535851	-0.00560747663551401	0.00560747663551401	46662501
2023-02-23	-0.003097893432465967	-0.0037174721189592486	0.0	-0.006815365551424995	-0.003097893432465967	30873116
2023-02-24	-0.006836544437538809	0.003107520198881337	0.003107520198881337	-0.012430080795525126	-0.006836544437538809	20271861
2023-02-27	-0.0018773466833542638	-0.0006257822277847176	0.0031289111389236988	-0.005006257822277852	-0.0018773466833542638	17447993
2023-02-28	0.0012539184952978903	0.0	0.004388714733542338	-0.0031347962382444476	0.0012539184952978903	15529717
2023-03-01	0.010644959298685029	0.001252348152786448	0.011897307451471478	0.000626174076393224	0.010644959298685029	39510853
2023-03-02	0.03283767038413885	0.0012391573729863428	0.04151177199504325	0.0	0.03283767038413885	120310858
2023-03-03	0.030593881223755125	0.0005998800239950815	0.04019196160767835	-0.007198560287942471	0.030593881223755125	139571691
2023-03-06	0.0011641443538998588	0.00814901047729922	0.019208381839348188	-0.00814901047729922	0.0011641443538998588	74352664
2023-03-07	0.058720930232558234	0.002906976744186088	0.10000000000000014	0.002906976744186088	0.058720930232558234	173701597
2023-03-08	-0.004942339373970338	-0.014277869302581084	-0.0027457440966502313	-0.02416254805052176	-0.004942339373970338	90169843
2023-03-09	0.004415011037527499	-0.008278145695364355	0.02207505518763789	-0.012141280353201016	0.004415011037527499	69616568
2023-03-10	-0.035714285714285636	-0.009890109890109874	-0.0027472527472527865	-0.03846153846153842	-0.035714285714285636	67784842
2023-03-13	0.049002849002848965	0.01253561253561247	0.05185185185185186	0.007977207977208009	0.049002849002848965	88407032
2023-03-14	-0.027159152634437807	-0.010863661053775083	-0.002715915263443819	-0.030418250950570273	-0.027159152634437807	65067897
2023-03-15	-0.0022333891680624872	-0.007258514796203183	0.011166945840312635	-0.027917364600781685	-0.0022333891680624872	70587858
2023-03-16	-0.05260212646894243	-0.028539451594851793	-0.026860660324566334	-0.059876888640179086	-0.05260212646894243	109731696
2023-03-17	0.03189604252805665	0.005316007088009442	0.04548139397519194	0.005316007088009442	0.03189604252805665	83405892
2023-03-20	-0.029192902117916315	-0.009158557527189476	0.010875787063537567	-0.035489410417859045	-0.029192902117916315	100311992
2023-03-21	-0.004716981132075581	0.0076650943396225826	0.008254716981132108	-0.022995283018867958	-0.004716981132075581	55504407
2023-03-22	-0.0029620853080569143	0.007109004739336552	0.01481042654028436	-0.009478672985782	-0.0029620853080569143	54564949
2023-03-23	0.010695187165775596	0.001188354129530786	0.01901366607248962	-0.014854426619132503	0.010695187165775596	60203373
2023-03-24	-0.01822457378012947	-0.007054673721340446	-0.007054673721340446	-0.02292768959435629	-0.01822457378012947	60297333
2023-03-27	-0.013772455089820385	0.0	0.0	-0.01796407185628747	-0.013772455089820385	54849134
2023-03-28	0.019429265330904694	0.017000607164541662	0.025500910746812492	0.00789313904068018	0.019429265330904694	70655962
2023-03-29	0.0035735556879096055	0.004764740917212737	0.010125074449076933	-0.005360333531864197	0.0035735556879096055	45390711
2023-03-30	0.017804154302670454	-0.008902077151335437	0.02670623145400589	-0.017804154302670665	0.017804154302670454	100793224
2023-03-31	-0.006413994169096177	-0.0005830903790086304	0.0029154518950437734	-0.013411078717200984	-0.006413994169096177	47063464
2023-04-03	0.03521126760563389	0.031103286384976593	0.0733568075117371	0.031103286384976593	0.03521126760563389	116931504
2023-04-04	0.023809523809523704	0.014172335600907028	0.036281179138322024	0.007369614512471599	0.023809523809523704	82307557
2023-04-06	-0.01605758582502764	0.0	0.000553709856035524	-0.028239202657807203	-0.01605758582502764	75451248
2023-04-07	-0.011254924029262764	-0.0061902082160945095	-0.0016882386043894843	-0.02476083286437824	-0.011254924029262764	47731003
2023-04-10	0.02447353443369378	0.0017074558907228877	0.02959590210586224	-0.006829823562891349	0.02447353443369378	80018839
2023-04-11	-0.009999999999999985	-0.008333333333333255	-0.00777777777777781	-0.0216666666666667	-0.009999999999999985	46880619
2023-04-12	0.01795735129068464	-0.0005611672278339823	0.025813692480359196	-0.001122334455667765	0.01795735129068464	64378415
2023-04-13	0.03803748621830197	0.008820286659316435	0.06835722160970223	0.008820286659316435	0.03803748621830197	137177466
2023-04-14	0.006372809346787096	-0.005841741901221426	0.020711630377057918	-0.011683483802442851	0.006372809346787096	66156734
2023-04-17	0.04749340369393151	-0.001055408970976231	0.054353562005277106	-0.006860158311345594	0.04749340369393151	110398539
2023-04-18	-0.02670025188916882	-0.011083123425692816	-0.011083123425692816	-0.03526448362720417	-0.02670025188916882	61084724
2023-04-19	-0.012422360248447308	-0.003105590062111735	0.00983436853002077	-0.018633540372670777	-0.012422360248447308	50520204
2023-04-20	0.015199161425576663	-0.010482180293501012	0.017295597484276826	-0.026205450733752623	0.015199161425576663	59963261
2023-04-21	-0.00464636035105833	-0.012906556530717603	0.0402684563758388	-0.019101703665462107	-0.00464636035105833	90359332
2023-04-24	-0.01970954356846486	0.004149377593360907	0.012448132780082905	-0.030082987551867314	-0.01970954356846486	72601732
2023-04-25	0.011111111111111157	0.003703703703703719	0.021164021164021277	-0.010582010582010545	0.011111111111111157	79821105
2023-04-26	-0.03035060177917312	-0.012035583464154915	-0.012035583464154915	-0.05808477237048663	-0.03035060177917312	82559135
2023-04-27	-0.008094981111710853	-0.018888289260658466	-0.0010793308148947423	-0.018888289260658466	-0.008094981111710853	40441111
2023-04-28	0.05168661588683348	0.014689880304678977	0.05984766050054415	0.013057671381936998	0.05168661588683348	75354352
2023-05-04	-0.021210553543714258	-0.036213140196585586	-0.008277289187790823	-0.05742369374030003	-0.021210553543714258	80288404
2023-05-05	-0.02219873150105717	-0.00634249471458779	0.006342494714587602	-0.030126849894291766	-0.02219873150105717	52065194
2023-05-08	0.07675675675675685	0.012972972972972889	0.09729729729729733	0.012972972972972889	0.07675675675675685	117274063
2023-05-09	-0.00953815261044183	0.008534136546184646	0.033634538152610347	-0.015562248995984048	-0.00953815261044183	82618923
2023-05-10	-0.029396857577293555	0.003547896604156122	0.008109477952356824	-0.03902686264571716	-0.029396857577293555	71232415
2023-05-11	0.004177545691906102	-0.0031331592689294373	0.013054830287206267	-0.0073107049608353535	0.004177545691906102	37115732
2023-05-12	-0.019240769630785283	-0.008840353614144654	0.0005200208008319298	-0.029641185647425912	-0.019240769630785283	53339800
2023-05-15	0.010604453870625625	-0.008483563096500538	0.011134676564156992	-0.019088016967126163	0.010604453870625625	37422893
2023-05-16	-0.005771248688352541	0.0073452256033578476	0.025708289611752467	-0.00682056663168935	-0.005771248688352541	45955814
2023-05-17	-0.006860158311345594	-0.007915567282321826	-0.002110817941952462	-0.01583113456464384	-0.006860158311345594	27813891
2023-05-18	0.007438894792773675	0.012221041445271011	0.02019128586609984	0.006907545164718332	0.007438894792773675	32153434
2023-05-19	0.004219409282700331	-0.003164556962025436	0.008438818565400852	-0.012130801687763735	0.004219409282700331	30725932
2023-05-22	0.0063025210084034135	-0.006302521008403227	0.0073529411764706185	-0.008928571428571333	0.0063025210084034135	22902048
2023-05-23	-0.03235908141962427	0.003131524008350664	0.015135699373695154	-0.03288100208768262	-0.03235908141962427	50999827
2023-05-24	-0.00755124056094933	-0.0005393743257819855	0.00755124056094933	-0.012944983818770142	-0.00755124056094933	34096558
2023-05-25	-0.016304347826086803	-0.0010869565217391072	0.002717391304347865	-0.039130434782608636	-0.016304347826086803	44660626
2023-05-26	-0.0055248618784531165	-0.011049723756906233	0.004419889502762337	-0.021546961325966882	-0.0055248618784531165	35314349
2023-05-29	0.02055555555555561	0.008888888888888898	0.03111111111111104	0.004999999999999992	0.02055555555555561	37514831
2023-05-30	-0.0016330974414807368	0.0	0.007621121393576514	-0.010887316276537794	-0.0016330974414807368	25438008
2023-05-31	-0.04307524536532165	-0.015267175572519146	-0.01472191930207195	-0.04852780806979284	-0.04307524536532165	58803155
2023-06-01	0.00968660968660958	-0.004558404558404663	0.015954415954415817	-0.009116809116809125	0.00968660968660958	29187709
2023-06-02	0.01241534988713332	0.010158013544018043	0.027652370203160383	0.009593679458239374	0.01241534988713332	28985817
2023-06-05	0.0078037904124858976	0.013935340022296542	0.017279821627647643	0.0016722408026754506	0.0078037904124858976	29309498
2023-06-06	-0.0055309734513273165	-0.004424778761061853	0.006637168141592976	-0.009955752212389367	-0.0055309734513273165	22992381
2023-06-07	0.006117908787541681	-0.0022246941045605756	0.006674082313681924	-0.007230255839821969	0.006117908787541681	24055834
2023-06-08	0.018794914317302368	0.0027639579878386243	0.01990049751243778	0.002211166390270821	0.018794914317302368	32567966
2023-06-09	0.013022246337493326	-0.004340748779164313	0.01627780792186656	-0.005425935973955584	0.013022246337493326	27399203
2023-06-12	-0.004820567755758082	-0.0021424745581147668	0.00589180503481518	-0.0074986609534012085	-0.004820567755758082	28808868
2023-06-13	-0.030139935414424047	-0.011302475780408898	-0.009687836383207736	-0.04843918191603868	-0.030139935414424047	61540956
2023-06-14	0.012763596004439536	0.007769145394006691	0.016093229744728033	0.0038845726970033454	0.012763596004439536	27372303
2023-06-15	-0.0021917808219177617	-0.006575342465753479	-0.0010958904109588808	-0.0136986301369863	-0.0021917808219177617	25800411
2023-06-16	0.015925315760571067	0.014827018121911013	0.018671059857221298	0.008237232289950498	0.015925315760571067	28256737
2023-06-19	-0.00810810810810803	0.0	0.000540540540540625	-0.011891891891891831	-0.00810810810810803	24093271
2023-06-20	-0.021798365122615918	-0.003814713896457781	-0.0021798365122617275	-0.023978201634877454	-0.021798365122615918	34602708
2023-06-21	-0.006128133704735345	-0.002228412256267362	0.012813370473537629	-0.006128133704735345	-0.006128133704735345	31128939
2023-06-26	-0.0011210762331838326	-0.002802690582959681	0.007847533632287027	-0.007847533632287027	-0.0011210762331838326	21095175
2023-06-27	0.015151515151515128	0.005050505050505042	0.02076318742985415	-0.007295173961840573	0.015151515151515128	32032093
2023-06-28	0.007186290768380265	-0.004975124378109445	0.00884466556108348	-0.00995024875621889	0.007186290768380265	22589264
2023-06-29	-0.010976948408342442	0.013172338090011088	0.013172338090011088	-0.012074643249176667	-0.010976948408342442	14822411
2023-06-30	0.005549389567147693	0.0016648168701443472	0.006104328523862344	-0.0011098779134294991	0.005549389567147693	12947946
2023-07-03	0.02759381898454746	0.0005518763796908394	0.030353200883002245	0.0	0.02759381898454746	33832364
2023-07-04	0.023093447905477963	-0.0037593984962406165	0.023630504833512228	-0.006444683136412513	0.023093447905477963	38796351
2023-07-05	0.0005249343832019953	0.005249343832020885	0.010498687664041956	-0.009973753280839963	0.0005249343832019953	23696010
2023-07-06	0.0	0.0005246589716684976	0.0073452256033578476	-0.009443861490031465	0.0	15142437
2023-07-07	0.002098635886673804	0.0	0.0073452256033578476	-0.00786988457502616	0.002098635886673804	16083477
2023-07-10	-0.005235602094240912	0.003664921465968601	0.010471204188481638	-0.012041884816753948	-0.005235602094240912	16960509
2023-07-11	-0.00473684210526315	0.0005263157894737665	0.002105263157894692	-0.010000000000000068	-0.00473684210526315	17659112
2023-07-12	0.019037546271813824	0.0042305658381807665	0.02538339502908516	0.0042305658381807665	0.019037546271813824	35684924
2023-07-13	0.024909185262065408	0.01141670991177991	0.02750389206019726	0.0020757654385054045	0.024909185262065408	39610610
2023-07-14	-0.03443037974683543	-0.02531645569620253	-0.019240506329113873	-0.03594936708860764	-0.03443037974683543	26466635
2023-07-17	-0.0010487676979548807	-0.009963293130571645	-0.0005243838489775335	-0.014158363922391167	-0.0010487676979548807	16767572
2023-07-18	-0.009973753280839963	-0.002624671916010536	-0.0005249343832021818	-0.01102362204724414	-0.009973753280839963	11919975
2023-07-19	0.016967126193001076	0.006362672322375451	0.025450689289501616	0.0031813361611878195	0.016967126193001076	16528169
2023-07-20	-0.01772679874869655	0.0	0.005213764337852003	-0.021376433785192918	-0.01772679874869655	21682405
2023-07-21	-0.008492569002123149	0.0010615711252653702	0.004246284501061669	-0.00955414012738852	-0.008492569002123149	16492513
2023-07-24	-0.010171306209850175	0.006423982869379069	0.008029978586723692	-0.01713062098501072	-0.010171306209850175	18779632
2023-07-25	0.026500811249324067	0.017306652244456478	0.033531638723634453	0.017306652244456478	0.026500811249324067	29109017
2023-07-26	-0.011591148577449887	0.0	0.005795574288724944	-0.016332982086406676	-0.011591148577449887	19437296
2023-07-27	0.003731343283581915	0.000533049040511621	0.017590618336886903	0.0	0.003731343283581915	19582375
2023-07-28	0.003186404673393642	-0.0037174721189589346	0.004248539564524793	-0.012214551248008331	0.003186404673393642	33964725
2023-07-31	-0.005823186871360478	0.0010587612493382515	0.011646373742720956	-0.013234515616728428	-0.005823186871360478	35879293
2023-08-01	0.013844515441959424	0.0037273695420660426	0.01650692225772091	0.0010649627263045567	0.013844515441959424	44340079
2023-08-02	-0.010504201680672232	0.002100840336134409	0.0042016806722690045	-0.015231092436974746	-0.010504201680672232	34063690
2023-08-03	-0.016454352441613522	-0.006900212314225	-0.006900212314225	-0.02070063694267519	-0.016454352441613522	31704607
2023-08-04	0.005396654074473711	0.006475984889368453	0.017808958445763533	0.0037776578521316936	0.005396654074473711	33010323
2023-08-07	0.006441223832528234	0.0010735373054213406	0.008588298443370916	-0.0021470746108426812	0.006441223832528234	19876697
2023-08-08	0.0	-0.001066666666666644	0.006400000000000053	-0.004799999999999993	0.0	14509564
2023-08-09	-0.005866666666666636	0.0031999999999999316	0.0037333333333333485	-0.009599999999999985	-0.005866666666666636	15521047
2023-08-10	0.019849785407725376	0.0064377682403434005	0.02092274678111591	0.0064377682403434005	0.019849785407725376	54052051
2023-08-11	-0.018411362440820693	-0.005786428195686638	0.0	-0.021567596002104162	-0.018411362440820693	36614349
2023-08-14	0.0	-0.00267952840300111	0.004823151125401922	-0.008574490889603437	0.0	23513931
2023-08-15	0.0	-0.00267952840300111	0.002143622722400812	-0.008574490889603437	0.0	17866293
2023-08-16	-0.021436227224008498	-0.005894962486602327	-0.004287245444801814	-0.022508038585209094	-0.021436227224008498	25814602
2023-08-17	0.009857612267250805	-0.009309967141292536	0.009857612267250805	-0.014238773274917937	0.009857612267250805	17792309
2023-08-18	0.0010845986984815387	-0.0005422993492408656	0.012472885032537984	-0.005422993492407885	0.0010845986984815387	21394711
2023-08-21	0.0	-0.001625135427952391	0.00487540628385698	-0.008125677139761762	0.0	16582086
2023-08-22	0.018959913326110394	-0.0043336944745396445	0.021668472372697648	-0.00487540628385698	0.018959913326110394	37642809
2023-08-23	-0.0037214247740563686	-0.0005316321105793732	0.010632642211589731	-0.004253056884635741	-0.0037214247740563686	23774613
2023-08-24	-0.001067235859124844	0.0	0.007470651013874097	-0.006937033084311581	-0.001067235859124844	18498266
2023-08-25	0.0010683760683760457	-0.004273504273504183	0.005341880341880418	-0.004273504273504183	0.0010683760683760457	15345300
2023-08-28	0.01227321237993599	0.03468516542155828	0.03788687299893281	0.006403415154749253	0.01227321237993599	35920559
2023-08-29	0.0	0.0	0.005798629414865548	-0.0021085925144965286	0.0	16968930
2023-08-30	0.002108592514496716	0.0005271481286242258	0.0026357406431207547	-0.0015814443858723029	0.002108592514496716	15982772
2023-08-31	-0.0005260389268806713	0.0047343503419252945	0.0047343503419252945	-0.0036822724881641388	-0.0005260389268806713	10674033
2023-09-01	0.007894736842105189	0.0026315789473684583	0.010000000000000068	0.0026315789473684583	0.007894736842105189	25746752
2023-09-04	0.01618798955613589	0.006788511749347393	0.016710182767624038	0.00626631853785906	0.01618798955613589	48102679
2023-09-05	0.0020554984583761125	-0.003083247687564351	0.009249743062692687	-0.0061664953751285195	0.0020554984583761125	40743766
2023-09-06	0.007179487179487209	0.01025641025641022	0.024102564102564044	-0.005128205128205201	0.007179487179487209	31535647
2023-09-07	0.0040733197556007275	0.00509164969450091	0.020366598778004	0.0020366598778003638	0.0040733197556007275	57666690
2023-09-08	-0.01774847870182545	-0.0070993914807302525	-0.0070993914807302525	-0.02738336713995939	-0.01774847870182545	35522423
2023-09-11	0.006711409395973103	0.0010325245224573863	0.012906556530717603	-0.002065049044914956	0.006711409395973103	32817196
2023-09-12	-0.007179487179487209	-0.004102564102564015	0.008205128205128212	-0.008717948717948806	-0.007179487179487209	27391548
2023-09-13	0.012913223140495868	0.009297520661157011	0.014979338842975164	0.004648760330578506	0.012913223140495868	27769513
2023-09-14	0.03161652218255997	-0.001019887812340621	0.03518612952575224	-0.004079551249362484	0.03161652218255997	62917872
2023-09-15	0.004448838358872954	0.013346515076618862	0.04300543746910534	-0.001977261492832385	0.004448838358872954	56633409
2023-09-18	0.0004921259842518706	0.0014763779527559614	0.005413385826771626	-0.01673228346456692	0.0004921259842518706	37586723
2023-09-19	0.003935071323167823	0.0014756517461879557	0.015248401377275076	-0.0009837678307919122	0.003935071323167823	30764200
2023-09-20	0.009799118079372822	-0.004409603135717779	0.01224889759921607	-0.008819206271435558	0.009799118079372822	33647107
2023-09-21	0.006307617661329403	-0.005337214944201816	0.010189228529839925	-0.00776322173702087	0.006307617661329403	32253331
2023-09-22	-0.003375120540019129	0.0	0.0019286403085825798	-0.025072324011571823	-0.003375120540019129	45420926
2023-09-25	-0.011127237542331902	-0.0014513788098694308	0.004837929366231149	-0.011611030478955103	-0.011127237542331902	38559526
2023-09-26	0.0019569471624265727	0.002935420743639859	0.012720156555772896	-0.0019569471624267466	0.0019569471624265727	33749137
2023-09-27	0.015625000000000014	0.0029296874999999375	0.016601562499999993	-0.0019531249999999584	0.015625000000000014	38882040
2023-09-28	0.01634615384615384	0.01826923076923072	0.025480769230769112	0.005769230769230817	0.01634615384615384	33669658
2023-10-09	-0.007568590350047311	-0.030747398297067272	-0.0028382213812678464	-0.05487228003784296	-0.007568590350047311	72563556
2023-10-10	-0.03717826501429938	-0.008579599618684448	-0.0019065776930409508	-0.03860819828408001	-0.03717826501429938	45495576
2023-10-11	0.004455445544554449	0.0004950495049505725	0.014851485148514887	-0.006435643564356387	0.004455445544554449	43478954
2023-10-12	0.00443568260226712	-0.00443568260226712	0.00788565795958601	-0.009857072449482468	0.00443568260226712	36836677
2023-10-13	0.01717369970559379	-0.0004906771344454372	0.0196270853778215	-0.003925417075564195	0.01717369970559379	32457012
2023-10-16	0.006753497346840356	0.01784852870236377	0.020260492040520894	-0.005306319343945944	0.006753497346840356	41858124
2023-10-17	0.012458073790129276	-0.008145663632007747	0.013416387158600745	-0.008145663632007747	0.012458073790129276	33347945
2023-10-18	-0.030761949834358666	-0.017037387600567888	-0.017037387600567888	-0.03312825366777091	-0.030761949834358666	25834842
2023-10-19	-0.015136718749999938	0.0009765624999999792	0.0039062499999999167	-0.017578124999999972	-0.015136718749999938	19259675
2023-10-20	-0.00297471492315331	0.0039662865642041785	0.005949429846306268	-0.004462072384729966	-0.00297471492315331	16262174
2023-10-23	0.009945300845350537	-0.003978120338140144	0.029835902536051787	-0.006464445549477823	0.009945300845350537	41486835
2023-10-24	-0.005416051206302287	0.0009847365829640361	0.006893156080748428	-0.012801575578532646	-0.005416051206302287	33762800
2023-10-25	-0.028217821782178232	-0.0024752475247525104	-0.000990099009900969	-0.03910891089108907	-0.028217821782178232	55263329
2023-10-26	0.02190524707080997	-0.002547121752419802	0.02190524707080997	-0.005603667855323456	0.02190524707080997	27992994
2023-10-27	-0.00797607178464607	-0.006480558325024876	0.006480558325025053	-0.012961116650049752	-0.00797607178464607	26640074
2023-10-30	-0.019095477386934626	0.0005025125628141489	0.0030150753768845365	-0.024120603015075223	-0.019095477386934626	33725996
2023-10-31	-0.0010245901639344044	-0.005122950819672022	0.005635245901639315	-0.011782786885245923	-0.0010245901639344044	19263949
2023-11-01	0.006666666666666616	-0.006153846153846205	0.007179487179487209	-0.01025641025641022	0.006666666666666616	19561929
2023-11-02	0.0005094243504840328	0.0	0.00866021395822729	-0.0035659704533876867	0.0005094243504840328	17474088
2023-11-03	-0.006109979633401272	0.0045824847250509095	0.006619144602851273	-0.009164969450101819	-0.006109979633401272	23613549
2023-11-06	-0.03688524590163929	-0.004610655737704911	-0.004610655737704911	-0.04866803278688521	-0.03688524590163929	77039167
2023-11-07	0.012234042553191512	-0.006914893617021223	0.015425531914893572	-0.010638297872340387	0.012234042553191512	40813075
2023-11-08	-0.004729374671571196	-0.015764582238570714	-0.0036784025223331727	-0.02627430373095113	-0.004729374671571196	37441918
2023-11-09	0.0021119324181625735	-0.007919746568109932	0.005279831045406434	-0.013727560718057103	0.0021119324181625735	26853378
2023-11-10	0.0031612223393044634	-0.0021074815595363092	0.005268703898840773	-0.00526870389884096	0.0031612223393044634	17876668
2023-11-13	0.011029411764705928	0.0026260504201681047	0.011554621848739623	-0.011554621848739437	0.011029411764705928	30781689
2023-11-14	-0.012467532467532386	0.0015584415584416174	0.006753246753246701	-0.017662337662337654	-0.012467532467532386	27521799
2023-11-15	0.01104681746449223	0.0010520778537611557	0.012098895318253386	-0.001578116780641827	0.01104681746449223	22280834
2023-11-16	0.007284079084287231	-0.004682622268470336	0.010926118626430847	-0.005202913631633604	0.007284079084287231	22699304
2023-11-17	-0.012396694214875952	-0.008264462809917363	-0.008264462809917363	-0.02272727272727261	-0.012396694214875952	27398987
2023-11-20	-0.004184100418410139	0.0057531380753137774	0.016213389121338843	-0.007322175732217603	-0.004184100418410139	31562776
2023-11-21	-0.0026260504201681047	0.0042016806722690045	0.0063025210084034135	-0.0031512605042016135	-0.0026260504201681047	24145356
2023-11-22	0.0036861506055819006	-0.001579778830963538	0.011585044760400339	-0.0042127435492363505	0.0036861506055819006	24046849
2023-11-23	0.008919202518363154	-0.0031479538300104265	0.009443861490031465	-0.0036726128016789238	0.008919202518363154	22837070
2023-11-24	0.00884035361414447	-0.0020800832033280887	0.011440457618304672	-0.0020800832033280887	0.00884035361414447	25165847
2023-11-27	-0.011340206185566953	-0.0005154639175256706	0.0010309278350517075	-0.016494845360824757	-0.011340206185566953	28718764
2023-11-28	0.0026068821689260017	0.0005213764337852745	0.006256517205422367	-0.001564129301355638	0.0026068821689260017	20046139
2023-11-29	0.011960478419136788	0.002600104004160203	0.014040561622464877	0.0010400416016640443	0.011960478419136788	24656320
2023-11-30	0.021582733812949544	0.0020554984583761125	0.0226104830421376	0.0020554984583761125	0.021582733812949544	30354996
2023-12-01	0.004024144869215385	-0.009054325955734393	0.00754527162977878	-0.009054325955734393	0.004024144869215385	25217759
2023-12-04	-0.005511022044088148	-0.0020040080160320215	0.009519038076152191	-0.007515030060120347	-0.005511022044088148	24864116
2023-12-05	-0.011083123425692816	-0.0020151133501260803	0.0015113350125943365	-0.011586901763224203	-0.011083123425692816	20377868
2023-12-06	-0.008150789607743257	-0.0015282730514517364	-0.0015282730514517364	-0.017829852266938253	-0.008150789607743257	27980521
2023-12-07	-0.0035952747817154743	-0.01078582434514624	0.0	-0.024139702105803743	-0.0035952747817154743	34877873
2023-12-08	0.0345360824742269	0.0005154639175258538	0.0345360824742269	0.0	0.0345360824742269	44832511
2023-12-11	-0.01993024414549071	-0.006477329347284454	-0.005480817140009937	-0.030891878425510763	-0.01993024414549071	40927142
2023-12-12	0.008642602948652676	-0.003050330452465799	0.009659379766141216	-0.008642602948652857	0.008642602948652676	22653928
2023-12-13	-0.022681451612903192	-0.011592741935483892	-0.0030241935483870325	-0.023185483870967784	-0.022681451612903192	36136473
2023-12-14	0.00876740587931914	0.0030943785456420173	0.012893243940175348	-0.0005157297576070945	0.00876740587931914	17982477
2023-12-15	-0.010736196319018268	0.004601226993865024	0.01278118609406953	-0.010736196319018268	-0.010736196319018268	20297723
2023-12-18	0.010335917312661461	-0.0015503875968992835	0.012919896640826873	-0.005167958656330822	0.010335917312661461	18435140
2023-12-19	0.0081841432225064	0.0025575447570332843	0.010741687979539685	-0.0005115089514067296	0.0081841432225064	19103262
2023-12-20	0.006595636732622983	0.004566210045662093	0.014713343480466724	0.003551496702181648	0.006595636732622983	26187538
2023-12-21	-0.006048387096774244	-0.0020161290322580215	0.0025201612903226166	-0.00957661290322587	-0.006048387096774244	21723400
2023-12-22	0.010649087221095378	-0.001014198782961439	0.014705882352941315	-0.002535496957403507	0.010649087221095378	29461169
2023-12-25	0.003512293025589578	0.0015052684395384414	0.003512293025589578	-0.007526342197691851	0.003512293025589578	26668877
2023-12-26	0.0015000000000000568	-0.002999999999999936	0.011999999999999922	-0.002999999999999936	0.0015000000000000568	40938072
2023-12-27	0.029455816275586612	0.0034947578632052063	0.032950574138791815	0.0004992511233149281	0.029455816275586612	47415276
2023-12-28	0.0019398642095052932	-0.003394762366634349	0.011154219204655693	-0.01212415130940834	0.0019398642095052932	42417181
2023-12-29	0.015004840271055118	-0.007744433688286551	0.02032913843175209	-0.009680542110358145	0.015004840271055118	42887060
2024-01-02	-0.0023843586075344377	0.0	0.025274201239866532	-0.007153075822603652	-0.0023843586075344377	33543371
2024-01-03	0.008126195028680599	-0.0043021032504781745	0.017208413001912018	-0.004780114722753414	0.008126195028680599	31851875
2024-01-04	0.01137980085348499	0.008060692271218669	0.021811284969179747	-0.0004741583688952851	0.01137980085348499	34589451
2024-01-05	-0.007032348804500637	0.004219409282700582	0.012658227848101413	-0.012658227848101247	-0.007032348804500637	27483723
2024-01-08	-0.0004721435316335227	0.0009442870632672131	0.002360717658168117	-0.013220018885741319	-0.0004721435316335227	23977349
2024-01-09	-0.0033065658951346374	-0.01275389702409084	-0.0009447331128957546	-0.02409069437883805	-0.0033065658951346374	29633910
2024-01-10	-0.017061611374407724	0.0	0.010426540284360134	-0.019431279620853087	-0.017061611374407724	29979408
2024-01-11	-0.009643201542912214	-0.0028929604628736127	0.002892960462873784	-0.014946962391513921	-0.009643201542912214	26408847
2024-01-12	0.0034079844206426624	0.0048685491723467105	0.015092502434274697	-0.0004868549172345672	0.0034079844206426624	23019850
2024-01-15	0.014556040756914154	0.0	0.016982047549733207	0.0	0.014556040756914154	26566708
2024-01-16	-0.002391200382592095	0.0	0.003825920612147216	-0.014825442372070717	-0.002391200382592095	24503477
2024-01-17	-0.009587727708533044	-0.003355704697986591	0.005273250239693166	-0.010067114093959773	-0.009587727708533044	24737324
2024-01-18	-0.00048402710551798464	-0.002904162633107392	0.005808325266214956	-0.03775411423039696	-0.00048402710551798464	41577004
2024-01-19	-0.007263922518159738	-0.0048426150121064345	0.004842615012106606	-0.011622276029055615	-0.007263922518159738	26463437
2024-01-22	-0.0019512195121950803	-0.0009756097560975402	0.009268292682926891	-0.010731707317073116	-0.0019512195121950803	32294796
2024-01-23	0.003910068426197375	0.000488758553274585	0.00684261974584558	-0.011730205278592473	0.003910068426197375	24310908
2024-01-24	0.02823758519961061	0.0014605647517040477	0.029698149951314482	0.0	0.02823758519961061	32835127
2024-01-25	0.05681818181818178	0.009469696969696935	0.06439393939393936	0.0004734848484847543	0.05681818181818178	65260645
2024-01-26	0.025089605734766967	0.008064516129032246	0.039426523297490995	-0.0008960573476702318	0.025089605734766967	70900300
2024-01-29	-0.001748251748251711	0.0	0.026660839160839136	-0.007430069930069849	-0.001748251748251711	58474699
2024-01-30	0.0021891418563923255	-0.010507880910682945	0.015323992994746122	-0.010507880910682945	0.0021891418563923255	35340540
2024-01-31	0.002184359982525151	-0.004368719965050302	0.011358671909130537	-0.008300567933595512	0.002184359982525151	29655990
2024-02-01	-0.0331299040976461	-0.008282476024411563	-0.00043591979075856854	-0.03443766346992165	-0.0331299040976461	51197631
2024-02-02	0.008566275924256144	-0.00450856627592432	0.015329125338142464	-0.011722272317402976	0.008566275924256144	43023698
2024-02-05	0.029950827000446944	-0.004470272686633948	0.03889137237371468	-0.00759946356727768	0.029950827000446944	57766746
2024-02-06	-0.007378472222222142	0.0	0.014756944444444439	-0.014756944444444439	-0.007378472222222142	45040042
2024-02-07	0.0061215566243988	-0.004809794490599013	0.0061215566243988	-0.021425448185395803	0.0061215566243988	54768707
2024-02-08	-0.006953498478922213	-0.005649717514124405	-0.0008691873098654118	-0.022164276401564605	-0.006953498478922213	36641302
2024-02-19	0.07702407002188175	0.0013129102844637891	0.08183807439824933	0.0	0.07702407002188175	59279425
2024-02-20	-0.005282405526208818	-0.008533116619260497	0.018691588785046766	-0.014221861032100686	-0.005282405526208818	47794795
2024-02-21	0.0032679738562090806	0.0	0.03227124183006532	0.0	0.0032679738562090806	51373343
2024-02-22	0.030130293159609203	0.0016286644951141165	0.048859934853420314	-0.001628664495113972	0.030130293159609203	65174725
2024-02-23	-0.01225296442687756	0.009486166007905077	0.013833992094861575	-0.01581027667984198	-0.01225296442687756	47501801
2024-02-26	0.0012004801920768764	-0.0036014405762304865	0.011204481792717134	-0.011604641856742664	0.0012004801920768764	50943914
2024-02-27	0.02997601918465228	-0.0007993605115907104	0.038768984812150235	-0.003597122302158268	0.02997601918465228	62978611
2024-02-28	-0.023670935195964277	0.00038804811796668855	0.006984866123399291	-0.032207993791230044	-0.023670935195964277	59481226
2024-02-29	0.004372019077901408	-0.00039745627980928314	0.005564387917329116	-0.005564387917329116	0.004372019077901408	31736775
2024-03-01	-0.005540166204986172	-0.007123070834982181	0.0031658092599921588	-0.009497427779976194	-0.005540166204986172	25007644
2024-03-04	0.07321925984878631	0.006764822920811847	0.07401512136888179	0.005173099880620874	0.07321925984878631	64306770
2024-03-05	0.0033370411568409294	-0.010011123470522788	0.0048201705598814445	-0.011865035224323334	0.0033370411568409294	43488704
2024-03-06	0.0014781966001479194	0.0022172949002218136	0.03473762010347381	-0.0014781966001477882	0.0014781966001479194	59750734
2024-03-07	0.035793357933579295	0.0	0.051660516605166	-0.005166051660516626	0.035793357933579295	58780565
2024-03-08	0.08941930887068036	0.011756323477021671	0.10010687566797288	-0.007125044531528297	0.08941930887068036	73843966
2024-03-11	-0.04708960104643551	-0.009156311314584617	-0.008502289077828582	-0.06801831262262911	-0.04708960104643551	102994898
2024-03-12	-0.05730954015099525	-0.010638297872340503	-0.009265614275909387	-0.06280027453671935	-0.05730954015099525	111616231
2024-03-13	0.014561339643247257	-0.014925373134328365	0.021113942482708477	-0.02329814342919551	0.014561339643247257	78343220
2024-03-14	0.025834230355220627	0.003946896304269804	0.03911015428776461	-0.0010764262648009018	0.025834230355220627	79875678
2024-03-15	-0.01888772298006293	0.005596362364463104	0.021336131514515546	-0.04267226302903109	-0.01888772298006293	61152620
2024-03-18	0.0035650623885917243	-0.016042780748663076	0.005704099821746886	-0.023172905525846776	0.0035650623885917243	52156623
2024-03-19	0.009591474245115564	0.01278863232682071	0.02877442273534644	0.005328596802841994	0.009591474245115564	54790235
2024-03-20	0.009852216748768388	-0.0007037297677692866	0.020408163265306062	-0.012667135819845283	0.009852216748768388	65853175
2024-03-21	-0.011149825783972136	-0.001393728222996486	0.009059233449477407	-0.015679442508710777	-0.011149825783972136	56426418
2024-03-22	-0.03770260747004934	-0.027484143763213446	-0.017970401691331853	-0.04792107117688511	-0.03770260747004934	71979502
2024-03-25	0.029659465397290453	-0.004027828634199906	0.03588429146832664	-0.004027828634199906	0.029659465397290453	63521090
2024-03-26	-0.0024893314366998677	0.011735419630156412	0.01742532005689895	-0.014935988620199207	-0.0024893314366998677	47391371
2024-03-27	-0.007130124777183575	-0.00641711229946523	-0.0017825311942959254	-0.012477718360071352	-0.007130124777183575	28513521
2024-03-28	0.010771992818671352	-0.0017953321364452678	0.012926391382405724	-0.012567324955116747	0.010771992818671352	39906218
2024-03-29	0.03836589698046188	0.008880994671403198	0.040852575488454786	0.008880994671403198	0.03836589698046188	75343233
2024-04-01	-0.008552856654122476	0.0017105713308245196	0.008552856654122476	-0.014710913445090651	-0.008552856654122476	45376700
2024-04-02	0.028295376121463087	0.008281573498964748	0.03416149068322976	0.008281573498964748	0.028295376121463087	62821824
2024-04-03	0.004026845637583926	0.01342281879194626	0.022483221476510006	0.00033557046979859097	0.004026845637583926	52454890
2024-04-08	-0.005681818181818238	-0.018382352941176492	0.016042780748662996	-0.021056149732620405	-0.005681818181818238	52193183
2024-04-09	-0.021512605042016825	0.0020168067226890326	0.005378151260504206	-0.03159663865546223	-0.021512605042016825	41788486
2024-04-10	0.005152868430092825	-0.010649261422191643	0.012710408794228821	-0.011336310546203996	0.005152868430092825	37119854
2024-04-11	0.0037593984962405818	-0.0051264524948736205	0.017088174982911822	-0.0051264524948736205	0.0037593984962405818	39839085
2024-04-12	-0.005788219271365397	-0.004085801838610861	0.00034048348655083455	-0.01600272386789249	-0.005788219271365397	38116970
2024-04-15	0.022260273972602815	-0.004109589041095925	0.025000000000000015	-0.005136986301369814	0.022260273972602815	56295665
2024-04-16	0.0006700167504187462	-0.0013400335008376114	0.018425460636515817	-0.006030150753768834	0.0006700167504187462	57406487
2024-04-17	-0.004017408771342517	-0.0046869768998995835	-0.0033478406427854507	-0.022095748242383667	-0.004017408771342517	47190359
2024-04-18	-0.020168067226890803	-0.01176470588235299	-0.00033613445378156514	-0.021848739495798273	-0.020168067226890803	50969840
2024-04-19	0.03945111492281311	0.012692967409948576	0.06689536878216133	0.012692967409948576	0.03945111492281311	104688880
2024-04-22	-0.04653465346534654	-0.013531353135313536	-0.001320132013201292	-0.04983498349834989	-0.04653465346534654	104764858
2024-04-23	-0.018345448251990346	-0.0031152647975077833	0.0	-0.03219106957424713	-0.018345448251990346	49678027
2024-04-24	0.011283497884344157	0.00846262341325818	0.015514809590973247	-0.0007052186177714942	0.011283497884344157	30081028
2024-04-25	0.005927475592747619	-0.0038354253835425184	0.005927475592747619	-0.005927475592747495	0.005927475592747619	21857153
2024-04-26	0.038821490467937515	0.02876949740034656	0.04610051993067585	0.027729636048526764	0.038821490467937515	85536010
2024-04-29	-0.023023023023022948	-0.006006006006005996	-0.005672339005672278	-0.028361695028361625	-0.023023023023022948	60590745
2024-04-30	0.021857923497267777	-0.006147540983606548	0.026639344262294997	-0.007855191256830615	0.021857923497267777	61371854
2024-05-06	-0.023395721925133783	-0.022727272727272835	-0.022727272727272835	-0.03409090909090919	-0.023395721925133783	66904986
2024-05-07	0.0010266940451745768	0.0	0.006160164271047219	-0.0030800821355236093	0.0010266940451745768	32289663
2024-05-08	-0.006495726495726539	-0.002735042735042677	0.002735042735042677	-0.008547008547008548	-0.006495726495726539	34746854
2024-05-09	-0.0037852718513420314	0.005161734342739234	0.007570543702684185	-0.006194081211286983	-0.0037852718513420314	37126108
2024-05-10	0.00656303972366153	0.003454231433506094	0.008290155440414577	-0.0027633851468047772	0.00656303972366153	39992339
2024-05-13	-0.0075497597803705855	-0.008236101578586204	0.0013726835964309933	-0.009608785175017197	-0.0075497597803705855	33081126
2024-05-14	-0.00414937759336103	0.0017289073305669833	0.004495159059474377	-0.005186721991701318	-0.00414937759336103	33529176
2024-05-15	-0.017013888888888957	-0.0034722222222222715	0.0	-0.01874999999999997	-0.017013888888888957	36395580
2024-05-16	-0.0017661603673612561	0.0007064641469445276	0.014482515012363128	-0.004592016955139492	-0.0017661603673612561	32549934
2024-05-17	-0.0021231422505308658	0.0035385704175512336	0.0038924274593064197	-0.02158527954706309	-0.0021231422505308658	38206073
2024-05-20	0.029432624113475244	0.0017730496453900962	0.032624113475177366	0.001063829787234083	0.029432624113475244	59838660
2024-05-21	-0.012400964519462605	-0.0058560110230796315	-0.0013778849466070512	-0.012400964519462605	-0.012400964519462605	29500693
2024-05-22	-0.007324729682595076	-0.0024415765608650254	0.0	-0.009417509591908025	-0.007324729682595076	29204150
2024-05-23	-0.00843288826423057	-0.006324666198172864	-0.0028109627547435643	-0.009838369641602288	-0.00843288826423057	27405014
2024-05-24	0.004252303330970978	0.0017717930545712514	0.009567682494684607	-0.0035435861091423766	0.004252303330970978	22263312
2024-05-27	0.025758645024700086	0.004234297812279499	0.028581510232886336	0.004234297812279499	0.025758645024700086	54428100
2024-05-28	0.013071895424836567	0.005159958720330189	0.030959752321981376	0.005159958720330189	0.013071895424836567	66169295
2024-05-29	0.03361629881154506	0.007130730050933815	0.03667232597623096	0.0016977928692699733	0.03361629881154506	81149747
2024-05-30	-0.026938239159001322	-0.009855453350854162	-0.0019710906701709023	-0.02989487516425756	-0.026938239159001322	42114335
2024-05-31	-0.0006752194463200396	-0.007427413909520676	0.003713706954760278	-0.007427413909520676	-0.0006752194463200396	30960386
2024-06-03	0.013513513513513466	-0.0033783783783784263	0.035810810810810764	-0.003716216216216317	0.013513513513513466	63474012
2024-06-04	-0.001000000000000038	-0.027999999999999994	0.0056666666666667235	-0.03333333333333333	-0.001000000000000038	55173514
2024-06-05	-0.027360694027360705	-0.0020020020020019595	0.011011011011011073	-0.029029029029028944	-0.027360694027360705	65981870
2024-06-06	0.021612349914236797	0.0051457975986278605	0.027444253859348226	0.0013722126929675026	0.021612349914236797	54090431
2024-06-07	0.013767629281396914	0.011752854264607046	0.01846877098723966	0.0050369375419744315	0.013767629281396914	37636394
2024-06-11	-0.001987413050679108	0.012918184829413613	0.026167605167273903	-0.01854918847300438	-0.001987413050679108	54208628
2024-06-12	0.04281447062728187	-0.00962495851310983	0.04646531695984076	-0.00962495851310983	0.04281447062728187	75127338
2024-06-13	-0.004774029280712989	-0.0009548058561426204	0.030553787396562726	-0.01623169955442398	-0.004774029280712989	68582968
2024-06-14	-0.017908538535337342	0.0035177486408698253	0.005436520626798903	-0.02302526383114803	-0.017908538535337342	48240962
2024-06-17	-0.010420058612829707	-0.0032562683165093267	0.005210029306414853	-0.012699446434386212	-0.010420058612829707	30195500
2024-06-18	0.003619611714379711	0.008555445870352023	0.010858835143139135	-0.008226390259953932	0.003619611714379711	28151600
2024-06-19	0.033114754098360705	0.0049180327868851995	0.03377049180327873	0.0049180327868851995	0.033114754098360705	56948158
2024-06-20	0.016820057124722232	0.002856236115518878	0.021263091082196067	-0.001904157410345994	0.016820057124722232	50565180
2024-06-21	-0.001248439450686615	0.0	0.011235955056179758	-0.012796504369538083	-0.001248439450686615	49682542
2024-06-24	0.014687499999999964	0.0	0.030624999999999902	-0.00031250000000004885	0.014687499999999964	54995806
2024-06-25	-0.006467508469356355	0.008623344625808474	0.0126270403449339	-0.018478595626732302	-0.006467508469356355	43888413
2024-06-26	-0.00867947923124605	-0.003099814011159375	-0.0003099814011158714	-0.018908865468071898	-0.00867947923124605	33091432
2024-06-27	0.003126954346466475	-0.000625390869293295	0.006879299562226467	-0.009380863039399646	0.003126954346466475	34448571
2024-06-28	0.028678304239401552	0.0062344139650873705	0.028678304239401552	0.0031172069825436853	0.028678304239401552	51558084
2024-07-01	0.03151515151515149	-0.0027272727272728307	0.04121212121212119	-0.005454545454545446	0.03151515151515149	58100068
2024-07-02	0.03231492361927149	0.005875440658049437	0.038484136310223335	0.003231492361927128	0.03231492361927149	53379414
2024-07-03	-0.009106431417188397	0.0008537279453614438	0.013659647125782494	-0.025042686397268143	-0.009106431417188397	51348865
2024-07-04	0.007466973004020621	0.0014359563469269717	0.00919012062033315	-0.003159103963239501	0.007466973004020621	35612004
2024-07-05	-0.02280501710376275	0.0028506271379703943	0.0045610034207526715	-0.03791334093500565	-0.02280501710376275	56124033
2024-07-08	0.014294049008168086	-0.00875145857642953	0.01779463243873977	-0.011668611435239165	0.014294049008168086	40792208
2024-07-09	-0.005176876617773935	-0.00719010641357492	-0.002013229795800986	-0.021857923497267905	-0.005176876617773935	38830144
2024-07-10	-0.02023706273489456	-0.005203816131830206	0.0002891008962127207	-0.020815264527320205	-0.02023706273489456	39993228
2024-07-11	-0.00265565063440553	0.0032457952198288414	0.009737385659486524	-0.013573325464738885	-0.00265565063440553	46830661
2024-07-12	-0.01597633136094672	-0.010946745562130102	0.005917159763313694	-0.02278106508875728	-0.01597633136094672	44034389
2024-07-15	0.018039687312086633	-0.007817197835237464	0.018039687312086633	-0.01443174984966918	0.018039687312086633	37474163
2024-07-16	0.0014766686355580968	0.003248670998227981	0.008860011813349	-0.004725339633786078	0.0014766686355580968	35210737
2024-07-17	-0.048953111176643964	-0.003243880861102903	-0.003243880861102903	-0.05455617811854894	-0.048953111176643964	79422022
2024-07-18	0.022635658914728584	0.006201550387596988	0.022635658914728584	0.0	0.022635658914728584	42918465
2024-07-19	-0.038811400848999325	-0.009399636143116894	-0.009096422073984147	-0.04244996967859305	-0.038811400848999325	62510405
2024-07-22	-0.029968454258675056	-0.018927444794952616	-0.011671924290220851	-0.05331230283911665	-0.029968454258675056	75718239
2024-07-23	-0.013333333333333338	-0.006829268292682955	0.003577235772357705	-0.017235772357723615	-0.013333333333333338	39732242
2024-07-24	0.0023071852340145116	-0.007910349373763956	0.011865524060645994	-0.019446275543836516	0.0023071852340145116	50137546
2024-07-25	-0.048339362051956554	0.0006576783952647016	0.0029595527786912155	-0.048339362051956554	-0.048339362051956554	72408932
2024-07-26	-0.0003455425017277665	-0.003455425017277174	0.017622667588113268	-0.00967519004837599	-0.0003455425017277665	47982117
2024-07-29	0.023505012098167983	-0.006221914967162106	0.026270307639128986	-0.013826477704804652	0.023505012098167983	49042981
2024-07-30	-0.052009456264775385	-0.013846673421141511	-0.01114488348530896	-0.06112799729821002	-0.052009456264775385	78667487
2024-07-31	0.026718916993231208	-0.007125044531528297	0.0366939793373709	-0.00961881011756322	0.026718916993231208	58510857
2024-08-01	0.019777931991672458	0.016655100624566287	0.03990284524635665	0.012838306731436537	0.019777931991672458	50480721
2024-08-02	-0.0323239197005784	-0.016332085743450166	-0.01020755358965637	-0.038108200068050394	-0.0323239197005784	44038714
2024-08-05	-0.05520393811533053	-0.0319971870604782	-0.026722925457102725	-0.06575246132208161	-0.05520393811533053	82191155
2024-08-06	0.0033494603647190122	0.01042054335690352	0.026051358392258996	-0.007815407517677739	0.0033494603647190122	43642534
2024-08-07	0.01965875370919872	-0.011498516320474862	0.030415430267062324	-0.02077151335311581	0.01965875370919872	48421957
2024-08-08	0.002182611858857849	0.011276827937431877	0.02328119316114953	-0.00218261185885772	0.002182611858857849	38600432
2024-08-09	0.02613430127041738	0.00580762250453721	0.03339382940108886	0.00580762250453721	0.02613430127041738	45190953
2024-08-12	-0.0038910505836575677	0.0010611956137248368	0.005305978068624058	-0.010611956137247991	-0.0038910505836575677	26615311
2024-08-13	0.010653409090909116	0.014204545454545404	0.02095170454545454	0.0028409090909090303	0.010653409090909116	35653764
2024-08-14	-0.0010541110330288524	-0.007378777231201716	0.002459592410400572	-0.012649332396345728	-0.0010541110330288524	22464504
2024-08-15	0.004220893422441118	-0.007034822370735114	0.0073865634892719256	-0.010903974674639421	0.004220893422441118	25144300
2024-08-16	0.01786339754816105	0.00420315236427324	0.02346760070052533	0.0031523642732048988	0.01786339754816105	34271596
2024-08-19	-0.00206469373709562	-0.007226428079834732	0.004817618719889903	-0.007914659325533395	-0.00206469373709562	26002922
2024-08-20	-0.02551724137931029	-0.0051724137931034	-0.00034482758620695046	-0.03724137931034477	-0.02551724137931029	38607024
2024-08-21	-0.004953998584571853	-0.0038924274593065454	0.0024769992922858007	-0.018400566171266917	-0.004953998584571853	27422770
2024-08-22	-0.008534850640113868	-0.011024182076813736	-0.006756756756756802	-0.018136557610241875	-0.008534850640113868	24159911
2024-08-23	0.0017934002869440715	0.006097560975609818	0.014705882352941181	-0.0028694404591104125	0.0017934002869440715	23111102
2024-08-26	0.022914428929466543	0.016469745793054096	0.02398854278553533	0.013963480128893683	0.022914428929466543	32954329
2024-08-27	0.028701435071753597	0.009450472523626166	0.03045152257612884	0.006300315015750777	0.028701435071753597	51520480
2024-08-28	0.0071452875127594705	-0.007485539299081282	0.008846546444368764	-0.008506294658046955	0.0071452875127594705	41027271
2024-08-29	-0.020270270270270316	0.0	0.001689189189189093	-0.0317567567567568	-0.020270270270270316	45487095
2024-08-30	0.012413793103448256	0.0017241379310345072	0.014482758620689713	-0.0037931034482758426	0.012413793103448256	38148137
2024-09-02	-0.01566757493188014	-0.01873297002724798	-0.009196185286103527	-0.033378746594005464	-0.01566757493188014	33476791
2024-09-03	-0.020415224913494807	0.003114186851211068	0.008304498269896264	-0.027335640138408276	-0.020415224913494807	40718023
2024-09-04	-0.05510420346167428	-0.04274108089014473	-0.04026845637583882	-0.0558106676086188	-0.05510420346167428	55810369
2024-09-05	-0.005607476635513965	0.0	0.006728971962616812	-0.010841121495327071	-0.005607476635513965	31672976
2024-09-06	-0.001503759398496342	-0.0018796992481203273	0.009774436090225488	-0.0030075187969925503	-0.001503759398496342	23007140
2024-09-09	-0.03614457831325291	-0.021084337349397544	-0.01656626506024088	-0.04518072289156624	-0.03614457831325291	47595165
2024-09-10	0.008593749999999956	0.0031249999999999334	0.011328124999999967	-0.0039062500000000555	0.008593749999999956	30379301
2024-09-11	-0.020139426800929495	-0.03137103020914015	-0.020139426800929495	-0.05964368706429121	-0.020139426800929495	67077295
2024-09-12	0.007509881422924811	-0.005928853754940795	0.013438735177865606	-0.014229249011857684	0.007509881422924811	40136805
2024-09-13	0.027069438995684633	0.010200078462142078	0.03844644958807377	0.010200078462142078	0.027069438995684633	47246926
2024-09-18	0.004965622612681398	0.011841100076394145	0.015278838808250518	-0.0003819709702061883	0.004965622612681398	27005504
2024-09-19	0.01444317749904989	-0.00038008361839597156	0.014823261117445861	-0.014063093880653648	0.01444317749904989	39236097
2024-09-20	0.002997377294866927	0.005994754589733988	0.019108280254776993	-0.007868115399025884	0.002997377294866927	37939193
2024-09-23	0.011580127007844554	-0.0018677624206201236	0.017930519237952948	-0.0022413149047440686	0.011580127007844554	27293067
2024-09-24	0.03249630723781398	0.004431314623338294	0.03508124076809464	-0.0011078286558344752	0.03249630723781398	41587515
2024-09-25	0.01466380543633763	0.0157367668097281	0.03648068669527895	0.008941344778254649	0.01466380543633763	57227521
2024-09-26	-0.021149101163200613	-0.010927035600987038	-0.0021149101163201365	-0.03419104688050766	-0.021149101163200613	90648735
2024-09-27	0.0	-0.013323730644580518	0.002880806625855306	-0.018005041411595247	0.0	58844165
2024-09-30	0.08210298883687436	0.02196615052214618	0.09254591285559959	0.02196615052214618	0.08210298883687436	130366922
2024-10-08	0.04725457570715468	0.10016638935108158	0.10016638935108158	-0.0016638935108153315	0.04725457570715468	132423506
2024-10-09	-0.0826183666984429	-0.035589450270098424	-0.035589450270098424	-0.08929138862408639	-0.0826183666984429	89780239
2024-10-10	0.038794596466920586	-0.003810183581572547	0.06962244544509864	-0.004156563907170107	0.038794596466920586	86758329
2024-10-11	0.002667555851950712	0.016672224074691565	0.02200733577859287	-0.005335111703901305	0.002667555851950712	73057151
2024-10-14	0.0033255736614566486	0.000997672098437018	0.0169604256734286	-0.005320917858330567	0.0033255736614566486	47158769
2024-10-15	-0.039774610540271885	-0.02552204176334117	-0.020881670533642774	-0.04010606562810742	-0.039774610540271885	61428337
2024-10-16	0.0037970314118052962	-0.010700724887814938	0.010010355540214108	-0.01898515705902648	0.0037970314118052962	39443793
2024-10-17	-0.005158184319119621	0.0006877579092160635	0.013755158184319194	-0.010660247592847274	-0.005158184319119621	44915450
2024-10-18	-0.016937435188385704	-0.019011406844106488	-0.00967853439336333	-0.03180089872105075	-0.016937435188385704	47850179
2024-10-21	-0.004922644163150512	-0.007032348804500803	0.0035161744022502764	-0.015119549929676502	-0.004922644163150512	46402009
2024-10-22	-0.004240282685512403	0.0031802120141342705	0.008480565371024679	-0.0088339222614841	-0.004240282685512403	37509388
2024-10-23	0.00354861603974455	0.00603264726756571	0.009581263307310134	-0.0024840312278211598	0.00354861603974455	36694779
2024-10-24	-0.0007072135785006921	-0.002121640735502202	0.0028288543140027682	-0.006364922206506355	-0.0007072135785006921	26964327
2024-10-25	-0.013446567586695065	-0.005307855626327039	-0.0028308563340411126	-0.015215852795470745	-0.013446567586695065	40909989
2024-10-28	-0.017575322812051593	-0.015781922525107524	-0.015781922525107524	-0.027618364418938293	-0.017575322812051593	63516865
2024-10-29	-0.010222709017889782	-0.002920774005111422	0.006206644760861561	-0.011683096020445429	-0.010222709017889782	38951536
2024-10-30	-0.0217631870158613	0.0011066027296201084	0.0011066027296201084	-0.02840280339358169	-0.0217631870158613	59051357
2024-10-31	-0.004147812971342361	0.0033936651583710356	0.00980392156862751	-0.008295625942684723	-0.004147812971342361	35560010
2024-11-01	0.024233244982961023	0.01060204468004548	0.030670200681559966	0.004165088981446401	0.024233244982961023	64279661
2024-11-04	-0.011829944547134945	0.0025878003696857776	0.005175600739371555	-0.025138632162661725	-0.011829944547134945	60008648
2024-11-05	0.016835016835016807	0.002618780396558185	0.02020202020202017	0.0	0.016835016835016807	58143938
2024-11-06	-0.01177336276674026	-0.00478292862398819	0.00441501103752763	-0.0172921265636497	-0.01177336276674026	59206279
2024-11-07	0.007073715562174285	0.0040953090096798005	0.007818317200297872	-0.01749813849590465	0.007073715562174285	64558724
2024-11-08	-0.012939001848428888	0.00036968576709789315	0.005545286506469448	-0.015896487985212558	-0.012939001848428888	60434036
2024-11-11	-0.010861423220973752	-0.011235955056179803	-0.0104868913857677	-0.02696629213483142	-0.010861423220973752	61326990
2024-11-12	-0.011737978038621685	-0.01325255585005685	0.00530102234002274	-0.01590306702006822	-0.011737978038621685	60297426
2024-11-13	0.013409961685823672	0.0	0.026053639846743283	-0.005747126436781691	0.013409961685823672	64508846
2024-11-14	-0.011342155009451823	-0.0056710775047258445	0.0102079395085066	-0.012476370510396911	-0.011342155009451823	49935413
2024-11-15	-0.018738049713193056	0.0015296367112811742	0.0015296367112811742	-0.023326959847036307	-0.018738049713193056	77767956
2024-11-18	0.015198752922837122	0.004286827747466852	0.026890101325019535	-0.008573655494933705	0.015198752922837122	64613793
2024-11-19	0.013435700575815657	0.009596928982725527	0.016122840690978815	0.0026871401151631587	0.013435700575815657	50953633
2024-11-20	0.004924242424242521	-0.0034090909090909037	0.005303030303030325	-0.007954545454545353	0.004924242424242521	37525085
2024-11-21	-0.0030154542027893646	0.0003769317753485869	0.006784771956275903	-0.005653976630230009	-0.0030154542027893646	30223706
2024-11-22	-0.009073724007561379	0.0034026465028355337	0.015500945179584127	-0.01172022684310014	-0.009073724007561379	51898528
2024-11-25	0.011064479206409735	0.004959938954597444	0.023273559710034315	0.0003815337657381919	0.011064479206409735	52903006
2024-11-26	-0.014339622641509396	-0.018867924528301886	-0.011698113207547121	-0.02830188679245283	-0.014339622641509396	33871375
2024-11-27	0.002679938744257285	-0.004594180704441079	0.004977029096477756	-0.006125574272588061	0.002679938744257285	26065436
2024-11-28	-0.006491027109583876	-0.002672775868652168	0.002672775868652168	-0.0072546773577701895	-0.006491027109583876	25417803
2024-11-29	0.006149116064565724	0.0	0.009992313604919353	0.0	0.006149116064565724	27117118
2024-12-02	0.0038197097020626976	0.0038197097020626976	0.0038197097020626976	-0.0057295645530939104	0.0038197097020626976	34136611
2024-12-03	0.023592085235920754	-0.0030441400304414704	0.027016742770167322	-0.0038051750380518044	0.023592085235920754	58125204
2024-12-04	0.021933085501858733	0.003345724907063192	0.02565055762081789	0.0014869888475837435	0.021933085501858733	68212217
2024-12-05	-0.016369588941433224	-0.00873044743543101	-0.0058202982902873825	-0.01746089487086202	-0.016369588941433224	41112724
2024-12-06	-0.0014792899408283709	0.004437869822485244	0.007766272189349144	-0.0029585798816567418	-0.0014792899408283709	38823385
2024-12-09	0.008888888888888832	-0.0037037037037037563	0.014814814814814762	-0.010740740740740709	0.008888888888888832	45304283
2024-12-10	-0.007709251101321487	0.009544787077826784	0.012481644640234943	-0.008810572687224613	-0.007709251101321487	45039227
2024-12-11	0.007399186089530125	-0.0007399186089529994	0.008139104698483125	-0.0025897151313355633	0.007399186089530125	29989915
2024-12-12	0.004774146162320933	0.0033051781123760505	0.008079324274696983	0.0	0.004774146162320933	26600615
2024-12-13	-0.012061403508771868	-0.004385964912280738	-0.0003654970760233191	-0.012792397660818636	-0.012061403508771868	27257650
2024-12-16	0.024787273399925938	0.0	0.028116907140214503	0.0	0.024787273399925938	62872740
2024-12-17	0.0003610108303249662	-0.0014440433212996083	0.01660649819494588	-0.0018050541516245744	0.0003610108303249662	43177555
2024-12-18	0.000360880548538362	0.0021652832912305566	0.010104655359076058	-0.0010826416456153423	0.000360880548538362	34416762
2024-12-19	-0.005772005772005777	-0.00721500721500719	0.007936507936508025	-0.011544011544011554	-0.005772005772005777	33741318
2024-12-20	-0.005805515239477509	-0.002539912917271418	0.002902757619738819	-0.007982583454281527	-0.005805515239477509	24610490
2024-12-23	0.03832116788321171	0.006934306569343113	0.04014598540145991	0.006934306569343113	0.03832116788321171	81851541
2024-12-24	0.010544815465729374	-0.002108963093145825	0.018277680140597524	-0.0123022847100175	0.010544815465729374	64850040
2024-12-25	0.010086956521739101	0.004521739130434748	0.02608695652173913	0.004173913043478295	0.010086956521739101	55074113
2024-12-26	-0.007231404958677716	-0.0030991735537190036	-0.0020661157024792947	-0.016184573002754783	-0.007231404958677716	40561056
2024-12-27	0.0017343045438779298	0.00034686090877563525	0.0065903572667360836	-0.004162330905306884	0.0017343045438779298	29275999
2024-12-30	0.021468144044321364	0.0017313019390581964	0.02319944598337956	0.0003462603878116885	0.021468144044321364	56028291
2024-12-31	0.0003389830508475106	0.002372881355932213	0.010508474576271144	-0.0033898305084746243	0.0003389830508475106	48944906
