2021-09-30	-0.00330033003300323	0.03960396039603964	0.0990099009900991	-0.06600660066006592	-0.00330033003300323	3456513520
2021-10-08	-0.08940397350993377	-0.00993377483443702	0.006622516556291397	-0.0993377483443708	-0.08940397350993377	1885824768
2021-10-11	-0.09818181818181819	-0.0363636363636364	-0.025454545454545396	-0.09818181818181819	-0.09818181818181819	1546079760
2021-10-12	0.05241935483870964	-0.008064516129032265	0.06854838709677416	-0.044354838709677366	0.05241935483870964	1556710864
2021-10-13	-0.042145593869731754	-0.03831417624521077	-0.015325670498084306	-0.06130268199233705	-0.042145593869731754	929242000
2021-10-14	0.003999999999999915	-0.016000000000000014	0.03599999999999994	-0.03200000000000003	0.003999999999999915	789797488
2021-10-15	-0.019920318725099532	-0.01593625498007952	0.0	-0.02788844621513938	-0.019920318725099532	561722048
2021-10-18	0.012195121951219613	-0.004065040650406418	0.032520325203252064	-0.016260162601626032	0.012195121951219613	592096416
2021-10-19	-0.020080321285140666	-0.012048192771084437	0.0	-0.028112449799196897	-0.020080321285140666	649395360
2021-10-20	-0.02868852459016387	-0.008196721311475417	-0.0040983606557376175	-0.04508196721311471	-0.02868852459016387	799837424
2021-10-21	-0.00421940928270052	-0.00421940928270052	0.016877637130801704	-0.016877637130801704	-0.00421940928270052	628737424
2021-10-22	-0.046610169491525376	-0.00847457627118645	-0.00423728813559313	-0.046610169491525376	-0.046610169491525376	756292208
2021-10-25	0.02666666666666669	0.0	0.048888888888888836	-0.022222222222222143	0.02666666666666669	699695856
2021-10-26	0.0389610389610389	-0.012987012987013094	0.05627705627705623	-0.01731601731601733	0.0389610389610389	982478112
2021-10-27	-0.02083333333333326	-0.016666666666666684	-0.004166666666666578	-0.0291666666666666	-0.02083333333333326	538921824
2021-10-28	0.046808510638297815	0.004255319148936079	0.05106382978723409	0.0	0.046808510638297815	928276672
2021-10-29	-0.032520325203252064	-0.024390243902439046	-0.012195121951219433	-0.060975609756097525	-0.032520325203252064	807048160
2021-11-01	-0.004201680672268818	-0.008403361344537823	0.008403361344537823	-0.02521008403361347	-0.004201680672268818	493266560
2021-11-02	-0.03375527426160341	-0.008438818565400852	-0.00421940928270052	-0.04219409282700425	-0.03375527426160341	579277584
2021-11-03	0.0	-0.004366812227074336	0.0218340611353711	-0.00873362445414848	0.0	297748592
2021-11-04	-0.004366812227074336	0.0	0.013100436681222622	-0.00873362445414848	-0.004366812227074336	340611312
2021-11-05	-0.02192982456140343	-0.004385964912280609	-0.004385964912280609	-0.026315789473684043	-0.02192982456140343	526309072
2021-11-08	-0.00896860986547086	0.00448430493273553	0.00448430493273553	-0.01345291479820619	-0.00896860986547086	291046368
2021-11-09	0.009049773755656116	0.004524886877828159	0.03167420814479631	-0.0045248868778279576	0.009049773755656116	434137760
2021-11-10	-0.0044843049327353305	-0.00896860986547086	0.0	-0.02242152466367705	-0.0044843049327353305	361962240
2021-11-11	0.004504504504504408	-0.0045045045045046085	0.009009009009009016	-0.009009009009009016	0.004504504504504408	257230826
2021-11-12	-0.00896860986547086	-0.0044843049327353305	0.0	-0.01793721973094172	-0.00896860986547086	274587792
2021-11-15	-0.009049773755656116	-0.0045248868778279576	0.0	-0.013574660633484075	-0.009049773755656116	283204048
2021-11-16	-0.02283105022831042	-0.004566210045662003	0.0	-0.02739726027397263	-0.02283105022831042	448122752
2021-11-17	0.0	-0.00467289719626179	0.014018691588784955	-0.028037383177570117	0.0	413534048
2021-11-18	0.0	-0.00467289719626179	0.009345794392523372	-0.009345794392523372	0.0	270064864
2021-11-19	0.0	-0.00467289719626179	0.0	-0.014018691588785163	0.0	243586251
2021-11-22	-0.009345794392523372	-0.00467289719626179	0.0	-0.014018691588785163	-0.009345794392523372	223283703
2021-11-23	0.0	0.0	0.009433962264150952	-0.009433962264150952	0.0	271959536
2021-11-24	-0.004716981132075581	-0.004716981132075581	0.0	-0.009433962264150952	-0.004716981132075581	205574513
2021-11-25	0.028436018957345998	0.0	0.037914691943128	-0.004739336492890894	0.028436018957345998	459136848
2021-11-26	-0.01843317972350232	-0.00921658986175116	-0.004608294930875478	-0.023041474654377798	-0.01843317972350232	251036006
2021-11-29	0.09859154929577464	0.009389671361502356	0.09859154929577464	0.009389671361502356	0.09859154929577464	734825648
2021-11-30	0.04700854700854715	0.06837606837606844	0.09829059829059829	0.025641025641025664	0.04700854700854715	2021618848
2021-12-01	-0.02040816326530623	-0.028571428571428685	0.004081632653061137	-0.053061224489796055	-0.02040816326530623	1061619856
2021-12-02	0.050000000000000044	-0.01249999999999992	0.0708333333333333	-0.016666666666666684	0.050000000000000044	1240841472
2021-12-03	0.0992063492063492	-0.00396825396825406	0.0992063492063492	-0.01984126984126977	0.0992063492063492	1756539472
2021-12-06	0.0036101083032490204	0.025270758122743625	0.06498194945848382	-0.010830324909747223	0.0036101083032490204	2228182768
2021-12-07	0.014388489208633108	-0.010791366906474751	0.03956834532374112	-0.03597122302158261	0.014388489208633108	1313901664
2021-12-08	-0.02482269503546094	-0.0035460992907800663	0.0	-0.03900709219858152	-0.02482269503546094	1058471408
2021-12-09	-0.032727272727272674	-0.007272727272727279	0.0	-0.03999999999999995	-0.032727272727272674	1178983520
2021-12-10	-0.011278195488721898	-0.011278195488721898	0.01879699248120294	-0.018796992481203107	-0.011278195488721898	904664048
2021-12-13	0.022813688212927778	0.03041825095057037	0.07604562737642592	0.019011406844106567	0.022813688212927778	1391081296
2021-12-14	-0.018587360594795474	-0.0037174721189590287	0.007434944237918222	-0.02973977695167289	-0.018587360594795474	764699056
2021-12-15	0.026515151515151453	-0.003787878787878875	0.05681818181818178	-0.011363636363636458	0.026515151515151453	1069723680
2021-12-16	0.02214022140221404	0.003690036900369089	0.03690036900369007	-0.003690036900368925	0.02214022140221404	977993120
2021-12-17	-0.018050541516245425	-0.003610108303249181	0.007220216606498201	-0.021660649819494605	-0.018050541516245425	740666272
2021-12-20	0.09926470588235294	-0.0036764705882353786	0.09926470588235294	-0.01838235294117657	0.09926470588235294	2255940144
2021-12-21	-0.016722408026755942	-0.013377926421404692	0.016722408026755793	-0.036789297658862984	-0.016722408026755942	1532516768
2021-12-22	-0.047619047619047665	0.01360544217687076	0.017006802721088527	-0.047619047619047665	-0.047619047619047665	1354538256
2021-12-23	0.0142857142857143	-0.010714285714285645	0.03214285714285725	-0.02142857142857129	0.0142857142857143	825631088
2021-12-24	0.010563380281690229	-0.0035211267605633053	0.028169014084507067	-0.01760563380281684	0.010563380281690229	825612304
2021-12-27	-0.010452961672473953	-0.0069686411149825845	0.017421602787456383	-0.01742160278745654	-0.010452961672473953	659781168
2021-12-28	-0.03873239436619714	-0.007042253521126767	-0.0035211267605633053	-0.04929577464788722	-0.03873239436619714	814646448
2021-12-29	-0.003663003663003585	-0.003663003663003585	0.010989010989010917	-0.010989010989010917	-0.003663003663003585	375450304
2021-12-30	-0.007352941176470594	-0.007352941176470594	0.007352941176470594	-0.01838235294117657	-0.007352941176470594	396136512
2021-12-31	0.011111111111111039	0.011111111111111039	0.025925925925925866	0.007407407407407414	0.011111111111111039	393351392
2022-01-04	0.0	0.0036630036630037476	0.021978021978021997	-0.003663003663003585	0.0	452660576
2022-01-05	-0.021978021978021997	-0.007326007326007333	0.0	-0.02564102564102558	-0.021978021978021997	487247264
2022-01-06	0.05992509363295886	-0.007490636704119857	0.07865168539325841	-0.007490636704119857	0.05992509363295886	983876256
2022-01-07	0.003533568904593564	-0.003533568904593721	0.03886925795052999	-0.010600706713781006	0.003533568904593564	1014783120
2022-01-10	-0.0035211267605633053	-0.0035211267605633053	0.010563380281690229	-0.028169014084507067	-0.0035211267605633053	563269984
2022-01-11	-0.017667844522968292	-0.007067137809187285	0.01060070671378085	-0.024734982332155576	-0.017667844522968292	513904416
2022-01-12	-0.007194244604316554	0.0	0.007194244604316554	-0.017985611510791304	-0.007194244604316554	353681856
2022-01-13	-0.018115942028985445	-0.0036231884057970243	0.0	-0.02173913043478247	-0.018115942028985445	331715952
2022-01-14	-0.01107011070110694	-0.003690036900368925	0.0	-0.014760147601476028	-0.01107011070110694	317814160
2022-01-17	0.0037313432835820097	-0.0037313432835821753	0.01492537313432837	-0.007462686567164185	0.0037313432835820097	266558944
2022-01-18	0.04460966542750933	0.011152416356877417	0.07063197026022303	0.007434944237918222	0.04460966542750933	925446064
2022-01-19	-0.017793594306049917	-0.010676156583629982	0.0	-0.02846975088967974	-0.017793594306049917	504914256
2022-01-20	0.018115942028985605	0.0	0.03623188405797105	-0.010869565217391235	0.018115942028985605	732917680
2022-01-21	-0.035587188612099675	-0.010676156583629982	0.0	-0.0462633451957295	-0.035587188612099675	558993584
2022-01-24	0.0	-0.01107011070110694	0.018450184501844952	-0.014760147601476028	0.0	349807328
2022-01-25	-0.029520295202952056	-0.007380073800738014	0.0	-0.029520295202952056	-0.029520295202952056	452599568
2022-01-26	0.011406844106463974	0.003802281368821381	0.019011406844106567	0.0	0.011406844106463974	269821568
2022-01-27	-0.003759398496240688	-0.0075187969924812095	0.015037593984962419	-0.015037593984962419	-0.003759398496240688	324067312
2022-01-28	-0.003773584905660297	0.007547169811320762	0.011320754716981227	-0.030188679245283047	-0.003773584905660297	304909824
2022-02-07	0.06060606060606049	0.01136363636363629	0.06060606060606049	0.01136363636363629	0.06060606060606049	723390144
2022-02-08	0.003571428571428654	0.0	0.003571428571428654	-0.024999999999999946	0.003571428571428654	614380848
2022-02-09	0.0	-0.0035587188612100466	0.010676156583629824	-0.010676156583629982	0.0	443003440
2022-02-10	0.04270462633451961	0.0035587188612098883	0.0711743772241992	-0.0035587188612100466	0.04270462633451961	1205700704
2022-02-11	-0.030716723549488158	-0.017064846416382343	0.0	-0.03754266211604106	-0.030716723549488158	737726304
2022-02-14	-0.02464788732394361	-0.010563380281690073	-0.0035211267605633053	-0.03169014084507037	-0.02464788732394361	514334928
2022-02-15	0.0	-0.003610108303249181	0.007220216606498201	-0.007220216606498201	0.0	337128400
2022-02-16	0.018050541516245425	0.010830324909747223	0.025270758122743625	0.0036101083032490204	0.018050541516245425	417846672
2022-02-17	-0.017730496453900648	0.0	0.0	-0.02127659574468087	-0.017730496453900648	376604752
2022-02-18	0.010830324909747223	-0.007220216606498201	0.010830324909747223	-0.018050541516245425	0.010830324909747223	373316496
2022-02-21	-0.00714285714285715	-0.0035714285714284954	-0.0035714285714284954	-0.017857142857142794	-0.00714285714285715	318110128
2022-02-22	-0.021582733812949503	-0.010791366906474751	-0.007194244604316554	-0.025179856115107858	-0.021582733812949503	388451312
2022-02-23	0.014705882352941025	0.0	0.014705882352941025	0.0	0.014705882352941025	267414768
2022-02-24	-0.025362318840579653	-0.007246376811594049	0.0	-0.0434782608695651	-0.025362318840579653	551167728
2022-02-25	0.003717472118959194	0.0	0.011152416356877417	-0.007434944237918222	0.003717472118959194	303661184
2022-02-28	0.0	-0.003703703703703789	0.0	-0.014814814814814828	0.0	400358144
2022-03-01	0.007407407407407414	0.0	0.011111111111111039	-0.003703703703703789	0.007407407407407414	232943875
2022-03-02	-0.007352941176470594	-0.007352941176470594	0.0	-0.011029411764705973	-0.007352941176470594	188105567
2022-03-03	0.007407407407407414	0.0	0.014814814814814828	0.0	0.007407407407407414	258895276
2022-03-04	-0.014705882352941188	-0.007352941176470594	-0.0036764705882353786	-0.01838235294117657	-0.014705882352941188	234736359
2022-03-07	-0.0037313432835821753	-0.0037313432835821753	0.01492537313432837	-0.007462686567164185	-0.0037313432835821753	288476128
2022-03-08	-0.02247191011235957	0.0	0.003745318352060012	-0.026217228464419415	-0.02247191011235957	371118352
2022-03-09	-0.015325670498084306	0.0038314176245211615	0.011494252873563314	-0.09961685823754782	-0.015325670498084306	468798544
2022-03-10	0.007782101167315182	0.01167315175097286	0.023346303501945546	0.0	0.007782101167315182	275389856
2022-03-11	-0.015444015444015458	-0.011583011583011508	-0.011583011583011508	-0.050193050193050155	-0.015444015444015458	356788560
2022-03-14	-0.0313725490196077	-0.015686274509803935	-0.007843137254901968	-0.0313725490196077	-0.0313725490196077	236697848
2022-03-15	-0.06072874493927139	-0.008097165991902841	-0.008097165991902841	-0.06477732793522273	-0.06072874493927139	468248128
2022-03-16	0.03448275862068969	0.017241379310344845	0.043103448275862113	-0.012931034482758537	0.03448275862068969	449328608
2022-03-17	0.004166666666666763	0.008333333333333342	0.020833333333333447	0.0	0.004166666666666763	372303120
2022-03-18	0.029045643153526902	-0.008298755186721999	0.029045643153526902	-0.01244813278008309	0.029045643153526902	374259680
2022-03-21	-0.012096774193548309	0.0	0.0	-0.020161290322580575	-0.012096774193548309	260147805
2022-03-22	-0.0040816326530613185	-0.008163265306122455	0.008163265306122455	-0.008163265306122455	-0.0040816326530613185	168820775
2022-03-23	0.016393442622950834	0.012295081967213217	0.03688524590163929	0.008196721311475417	0.016393442622950834	345602752
2022-03-24	-0.024193548387096794	-0.008064516129032265	-0.008064516129032265	-0.024193548387096794	-0.024193548387096794	252980192
2022-03-25	-0.012396694214875952	0.004132231404958773	0.004132231404958773	-0.016528925619834725	-0.012396694214875952	199097678
2022-03-28	0.004184100418409952	-0.00836820083682009	0.00836820083682009	-0.02092050209205032	0.004184100418409952	193437945
2022-03-29	-0.008333333333333342	0.0	0.008333333333333342	-0.01249999999999992	-0.008333333333333342	132538207
2022-03-30	0.02100840336134465	0.008403361344537823	0.02521008403361347	0.0042016806722690045	0.02100840336134465	226095184
2022-03-31	0.0041152263374484715	0.0	0.03703703703703698	-0.0041152263374486546	0.0041152263374484715	299248464
2022-04-01	0.012295081967213217	-0.012295081967213035	0.020491803278688634	-0.016393442622950834	0.012295081967213217	247899937
2022-04-06	0.0161943319838055	-0.00404858299595151	0.020242914979757012	-0.01214574898785435	0.0161943319838055	336150064
2022-04-07	-0.02390438247011937	-0.007968127490039672	0.003984063745020013	-0.02390438247011937	-0.02390438247011937	299214352
2022-04-08	0.040816326530612096	0.004081632653061137	0.040816326530612096	0.004081632653061137	0.040816326530612096	565976384
2022-04-11	-0.02352941176470573	0.003921568627451071	0.003921568627451071	-0.027450980392156803	-0.02352941176470573	415007584
2022-04-12	0.0	-0.012048192771084437	0.0	-0.028112449799196897	0.0	295680640
2022-04-13	-0.020080321285140666	-0.008032128514056231	-0.004016064257028205	-0.020080321285140666	-0.020080321285140666	198977946
2022-04-14	0.008196721311475417	0.0040983606557378	0.016393442622950834	0.0	0.008196721311475417	195922398
2022-04-15	-0.008130081300813016	-0.008130081300813016	0.004065040650406598	-0.012195121951219433	-0.008130081300813016	200275237
2022-04-18	-0.016393442622950834	-0.008196721311475417	-0.008196721311475417	-0.024590163934426253	-0.016393442622950834	225662637
2022-04-19	0.008333333333333342	-0.008333333333333342	0.012500000000000105	-0.008333333333333342	0.008333333333333342	165930974
2022-04-20	-0.016528925619834725	0.0	0.008264462809917363	-0.020661157024793316	-0.016528925619834725	166706102
2022-04-21	-0.016806722689075647	0.0	0.0042016806722690045	-0.021008403361344463	-0.016806722689075647	193196774
2022-04-22	0.004273504273504373	-0.008547008547008555	0.012820512820512928	-0.012820512820512739	0.004273504273504373	187540677
2022-04-25	-0.03829787234042566	-0.008510638297872348	-0.004255319148936268	-0.042553191489361736	-0.03829787234042566	288058144
2022-04-26	0.004424778761062049	-0.004424778761061853	0.022123893805309856	-0.013274336283185756	0.004424778761062049	264969836
2022-04-27	0.044052863436123385	0.0	0.044052863436123385	0.0	0.044052863436123385	417627776
2022-04-28	0.008438818565400852	-0.008438818565400852	0.008438818565400852	-0.02109704641350222	0.008438818565400852	326973568
2022-04-29	0.012552301255230044	0.0	0.01673640167364018	-0.00836820083682009	0.012552301255230044	338609200
2022-05-05	-0.008264462809917363	0.0	0.012396694214876136	-0.012396694214875952	-0.008264462809917363	252314259
2022-05-06	-0.0291666666666666	-0.016666666666666684	-0.016666666666666684	-0.03333333333333337	-0.0291666666666666	220464166
2022-05-09	0.0	-0.004291845493562331	0.01287553648068661	-0.00858369098712447	0.0	147947220
2022-05-10	0.021459227467811082	-0.00858369098712447	0.021459227467811082	-0.012875536480686801	0.021459227467811082	253695698
2022-05-11	-0.012605042016806641	-0.008403361344537823	0.0042016806722690045	-0.012605042016806641	-0.012605042016806641	241708296
2022-05-12	0.0	0.0	0.012765957446808427	-0.008510638297872348	0.0	184972948
2022-05-13	0.0	0.0	0.004255319148936079	-0.008510638297872348	0.0	148116761
2022-05-16	-0.004255319148936268	0.004255319148936079	0.008510638297872348	-0.008510638297872348	-0.004255319148936268	124140200
2022-05-17	-0.008547008547008555	-0.004273504273504183	0.0	-0.012820512820512739	-0.008547008547008555	139993669
2022-05-18	-0.004310344827586115	0.0	0.004310344827586307	-0.004310344827586115	-0.004310344827586115	127578769
2022-05-19	0.021645021645021568	-0.008658008658008665	0.021645021645021568	-0.012987012987013094	0.021645021645021568	266571742
2022-05-20	0.0	-0.00423728813559313	0.0	-0.00847457627118645	0.0	195908347
2022-05-23	-0.00847457627118645	0.0	0.0	-0.012711864406779579	-0.00847457627118645	133660180
2022-05-24	-0.02136752136752129	0.0	0.004273504273504373	-0.02136752136752129	-0.02136752136752129	202517466
2022-05-25	0.0218340611353711	-0.004366812227074336	0.0218340611353711	-0.004366812227074336	0.0218340611353711	232220433
2022-05-26	0.0	0.0	0.01709401709401711	-0.004273504273504183	0.0	268054783
2022-05-27	0.0	0.0	0.004273504273504373	-0.008547008547008555	0.0	180145826
2022-05-30	-0.004273504273504183	0.0	0.004273504273504373	-0.008547008547008555	-0.004273504273504183	153866060
2022-05-31	0.0	0.0	0.00429184549356214	-0.012875536480686801	0.0	191461590
2022-06-01	-0.00858369098712447	-0.004291845493562331	0.0	-0.012875536480686801	-0.00858369098712447	145920642
2022-06-02	0.004329004329004236	0.004329004329004236	0.008658008658008665	0.0	0.004329004329004236	171639247
2022-06-06	0.008620689655172422	-0.004310344827586115	0.008620689655172422	-0.008620689655172422	0.008620689655172422	203288326
2022-06-07	-0.004273504273504183	-0.004273504273504183	0.0	-0.008547008547008555	-0.004273504273504183	154702729
2022-06-08	0.01716738197424894	0.00429184549356214	0.030042918454935553	0.0	0.01716738197424894	378898352
2022-06-09	0.03375527426160341	-0.00421940928270052	0.06329113924050629	-0.008438818565400852	0.03375527426160341	675023824
2022-06-10	-0.008163265306122455	-0.012244897959183773	-0.008163265306122455	-0.028571428571428685	-0.008163265306122455	383115792
2022-06-13	-0.020576131687242906	-0.01234567901234578	-0.008230452674897125	-0.024691358024691377	-0.020576131687242906	248712598
2022-06-14	0.0042016806722690045	-0.008403361344537823	0.008403361344537823	-0.012605042016806641	0.0042016806722690045	228799999
2022-06-15	0.00836820083682009	0.0	0.02510460251046027	-0.004184100418410139	0.00836820083682009	381505200
2022-06-16	-0.01244813278008309	0.0	0.004149377593360907	-0.016597510373443997	-0.01244813278008309	243763168
2022-06-17	0.0	-0.008403361344537823	0.0042016806722690045	-0.012605042016806641	0.0	181260964
2022-06-20	0.0	0.0	0.012605042016806827	-0.008403361344537823	0.0	201000433
2022-06-21	0.0042016806722690045	0.0	0.012605042016806827	-0.004201680672268818	0.0042016806722690045	215107331
2022-06-22	-0.01255230125523023	0.0	0.0	-0.01255230125523023	-0.01255230125523023	161905227
2022-06-23	0.004237288135593318	0.0	0.004237288135593318	-0.00847457627118645	0.004237288135593318	168847446
2022-06-24	0.0	0.0	0.0	-0.008438818565400852	0.0	150442289
2022-06-27	0.0	0.0	0.008438818565400852	-0.00421940928270052	0.0	185096159
2022-06-28	0.004219409282700331	0.004219409282700331	0.008438818565400852	-0.00421940928270052	0.004219409282700331	202616046
2022-06-29	0.0042016806722690045	0.0	0.02521008403361347	-0.004201680672268818	0.0042016806722690045	301354096
2022-06-30	-0.00836820083682009	-0.004184100418410139	0.004184100418409952	-0.01255230125523023	-0.00836820083682009	226210572
2022-07-01	0.004219409282700331	0.0	0.012658227848101182	-0.00421940928270052	0.004219409282700331	214650514
2022-07-04	-0.004201680672268818	-0.004201680672268818	0.0	-0.008403361344537823	-0.004201680672268818	143519839
2022-07-05	0.004219409282700331	0.0	0.012658227848101182	-0.00421940928270052	0.004219409282700331	256882969
2022-07-06	-0.016806722689075647	-0.004201680672268818	0.0	-0.021008403361344463	-0.016806722689075647	247040740
2022-07-07	0.0	0.0	0.004273504273504373	-0.004273504273504183	0.0	130986718
2022-07-08	0.0	0.004273504273504373	0.008547008547008555	0.0	0.0	110814929
2022-07-11	0.0	0.004273504273504373	0.004273504273504373	-0.004273504273504183	0.0	137592160
2022-07-12	0.021367521367521482	0.0	0.025641025641025664	-0.004273504273504183	0.021367521367521482	387564346
2022-07-13	0.012552301255230044	0.004184100418409952	0.01673640167364018	0.0	0.012552301255230044	344903077
2022-07-14	-0.012396694214875952	-0.004132231404958589	0.0	-0.016528925619834725	-0.012396694214875952	189003212
2022-07-15	-0.02510460251046027	0.0	0.0	-0.02510460251046027	-0.02510460251046027	217986280
2022-07-18	0.01287553648068661	0.0	0.01716738197424894	0.0	0.01287553648068661	194440848
2022-07-19	-0.00423728813559313	0.004237288135593318	0.004237288135593318	-0.00847457627118645	-0.00423728813559313	161670210
2022-07-20	0.0	0.004255319148936079	0.004255319148936079	-0.004255319148936268	0.0	110790043
2022-07-21	-0.008510638297872348	0.0	0.0	-0.012765957446808616	-0.008510638297872348	175599436
2022-07-22	0.0	0.0	0.00429184549356214	-0.004291845493562331	0.0	121340332
2022-07-25	-0.012875536480686801	0.0	0.00429184549356214	-0.012875536480686801	-0.012875536480686801	145247744
2022-07-26	0.004347826086956622	0.0	0.008695652173913052	0.0	0.004347826086956622	100687494
2022-07-27	-0.004329004329004429	0.004329004329004236	0.004329004329004236	-0.004329004329004429	-0.004329004329004429	83647955
2022-07-28	0.004347826086956622	0.004347826086956622	0.008695652173913052	0.0	0.004347826086956622	124537868
2022-07-29	-0.008658008658008665	0.0	0.004329004329004236	-0.012987012987013094	-0.008658008658008665	201699490
2022-08-01	0.0	0.004366812227074143	0.00873362445414848	-0.004366812227074336	0.0	154337780
2022-08-02	-0.026200873362445438	-0.004366812227074336	0.0	-0.03930131004366806	-0.026200873362445438	274013156
2022-08-03	-0.00896860986547086	-0.0044843049327353305	0.00448430493273553	-0.00896860986547086	-0.00896860986547086	144293299
2022-08-04	0.004524886877828159	0.0	0.009049773755656116	0.0	0.004524886877828159	88188281
2022-08-05	0.009009009009009016	0.0	0.009009009009009016	-0.0045045045045046085	0.009009009009009016	112400893
2022-08-08	-0.008928571428571435	-0.004464285714285817	0.0	-0.008928571428571435	-0.008928571428571435	125667602
2022-08-09	0.004504504504504408	0.0	0.009009009009009016	0.0	0.004504504504504408	104882328
2022-08-10	-0.0044843049327353305	0.0	0.0	-0.00896860986547086	-0.0044843049327353305	87039853
2022-08-11	0.013513513513513424	0.0	0.02252252252252244	0.0	0.013513513513513424	180467735
2022-08-12	0.0	0.0	0.00444444444444435	-0.00444444444444435	0.0	100267250
2022-08-15	0.00444444444444435	0.0	0.008888888888888898	-0.00444444444444435	0.00444444444444435	124481956
2022-08-16	-0.004424778761061853	0.004424778761062049	0.008849557522123902	-0.004424778761061853	-0.004424778761061853	105924635
2022-08-17	0.008888888888888898	0.0	0.008888888888888898	0.0	0.008888888888888898	117840651
2022-08-18	-0.013215859030836918	0.0	0.0	-0.013215859030836918	-0.013215859030836918	107625745
2022-08-19	0.017857142857142672	0.0	0.035714285714285546	0.0	0.017857142857142672	257153726
2022-08-22	0.008771929824561412	-0.004385964912280609	0.017543859649122823	-0.004385964912280609	0.008771929824561412	234168300
2022-08-23	-0.008695652173913052	-0.004347826086956429	-0.004347826086956429	-0.013043478260869481	-0.008695652173913052	116911422
2022-08-24	-0.01754385964912263	-0.004385964912280609	0.0	-0.02192982456140343	-0.01754385964912263	167481522
2022-08-25	0.013392857142857054	0.004464285714285619	0.013392857142857054	0.0	0.013392857142857054	158859331
2022-08-26	-0.013215859030836918	-0.004405286343612437	-0.004405286343612437	-0.013215859030836918	-0.013215859030836918	103070162
2022-08-29	0.004464285714285619	-0.008928571428571435	0.004464285714285619	-0.013392857142857253	0.004464285714285619	102256382
2022-08-30	-0.008888888888888898	-0.00444444444444435	0.0	-0.013333333333333246	-0.008888888888888898	82616177
2022-08-31	0.01345291479820619	0.0	0.01345291479820619	-0.0044843049327353305	0.01345291479820619	178555750
2022-09-01	-0.013274336283185756	-0.004424778761061853	0.0	-0.013274336283185756	-0.013274336283185756	125648552
2022-09-02	-0.0044843049327353305	0.0	0.00448430493273553	-0.00896860986547086	-0.0044843049327353305	115011479
2022-09-05	0.004504504504504408	0.0	0.009009009009009016	-0.0045045045045046085	0.004504504504504408	110898200
2022-09-06	0.05829596412556049	0.00448430493273553	0.06278026905829602	0.00448430493273553	0.05829596412556049	703089018
2022-09-07	0.10169491525423738	0.021186440677966215	0.10169491525423738	0.021186440677966215	0.10169491525423738	1048546377
2022-09-08	-0.04230769230769226	0.0	0.0	-0.05384615384615389	-0.04230769230769226	1164315252
2022-09-09	0.02008032128514049	-0.004016064257028205	0.04016064257028098	-0.016064257028112462	0.02008032128514049	857274007
2022-09-13	0.003937007874015664	-0.003937007874015839	0.05511811023622052	-0.003937007874015839	0.003937007874015664	765648741
2022-09-14	-0.027450980392156803	-0.015686274509803935	-0.003921568627450897	-0.03529411764705877	-0.027450980392156803	413337363
2022-09-15	-0.012096774193548309	0.004032258064516223	0.020161290322580575	-0.020161290322580575	-0.012096774193548309	384240934
2022-09-16	-0.02040816326530623	0.0	0.01632653061224491	-0.03265306122448982	-0.02040816326530623	408261422
2022-09-19	0.012500000000000105	-0.008333333333333342	0.020833333333333447	-0.02083333333333326	0.012500000000000105	324562753
2022-09-20	-0.024691358024691377	0.0	0.0041152263374484715	-0.028806584362140033	-0.024691358024691377	256288609
2022-09-21	0.0	-0.00421940928270052	0.008438818565400852	-0.025316455696202552	0.0	223069952
2022-09-22	-0.025316455696202552	-0.008438818565400852	-0.00421940928270052	-0.02953586497890307	-0.025316455696202552	275861356
2022-09-23	0.008658008658008665	-0.004329004329004429	0.012987012987012903	-0.008658008658008665	0.008658008658008665	213189654
2022-09-26	-0.03862660944206003	-0.004291845493562331	-0.004291845493562331	-0.04291845493562235	-0.03862660944206003	283285410
2022-09-27	0.008928571428571237	0.0	0.008928571428571237	-0.004464285714285817	0.008928571428571237	198894569
2022-09-28	-0.013274336283185756	0.0	0.0	-0.017699115044247607	-0.013274336283185756	158125956
2022-09-29	-0.00896860986547086	0.00896860986547086	0.01345291479820619	-0.01345291479820619	-0.00896860986547086	175373844
2022-09-30	0.013574660633484276	-0.0045248868778279576	0.018099547511312233	-0.0045248868778279576	0.013574660633484276	144257021
2022-10-10	-0.008928571428571435	0.0	0.008928571428571237	-0.008928571428571435	-0.008928571428571435	133731161
2022-10-11	0.018018018018017834	0.0	0.02252252252252244	0.0	0.018018018018017834	154275074
2022-10-12	0.017699115044247805	0.0	0.017699115044247805	-0.008849557522123706	0.017699115044247805	175347449
2022-10-13	-0.013043478260869481	-0.004347826086956429	-0.004347826086956429	-0.017391304347826105	-0.013043478260869481	144487757
2022-10-14	0.004405286343612241	0.008810572687224677	0.008810572687224677	-0.004405286343612437	0.004405286343612241	214839506
2022-10-17	-0.004385964912280609	-0.008771929824561412	0.0	-0.013157894736842021	-0.004385964912280609	175101185
2022-10-18	0.0	0.004405286343612241	0.008810572687224677	-0.013215859030836918	0.0	193145437
2022-10-19	-0.008810572687224677	-0.004405286343612437	0.004405286343612241	-0.008810572687224677	-0.008810572687224677	122515642
2022-10-20	0.0	-0.00444444444444435	0.00444444444444435	-0.008888888888888898	0.0	116174150
2022-10-21	0.03555555555555559	0.013333333333333246	0.08000000000000007	0.013333333333333246	0.03555555555555559	588845184
2022-10-24	-0.00858369098712447	-0.01716738197424894	0.01716738197424894	-0.021459227467811273	-0.00858369098712447	398203379
2022-10-25	0.04761904761904756	-0.004329004329004429	0.060606060606060656	-0.012987012987013094	0.04761904761904756	623092386
2022-10-26	-0.016528925619834725	-0.008264462809917363	-0.004132231404958589	-0.02892561983471068	-0.016528925619834725	317396258
2022-10-27	-0.016806722689075647	-0.004201680672268818	0.0	-0.021008403361344463	-0.016806722689075647	242072624
2022-10-28	-0.012820512820512739	-0.004273504273504183	0.008547008547008555	-0.01709401709401711	-0.012820512820512739	244854179
2022-10-31	-0.008658008658008665	-0.004329004329004429	0.0	-0.01731601731601733	-0.008658008658008665	187101524
2022-11-01	0.01746724890829696	-0.004366812227074336	0.0218340611353711	-0.004366812227074336	0.01746724890829696	186481281
2022-11-02	-0.004291845493562331	0.0	0.00429184549356214	-0.00858369098712447	-0.004291845493562331	193608020
2022-11-03	-0.004310344827586115	-0.004310344827586115	0.0	-0.012931034482758537	-0.004310344827586115	156449131
2022-11-04	0.012987012987012903	-0.004329004329004429	0.021645021645021568	-0.004329004329004429	0.012987012987012903	255012273
2022-11-07	0.012820512820512928	0.0	0.01709401709401711	0.0	0.012820512820512928	211317025
2022-11-08	-0.00421940928270052	0.0	0.0	-0.016877637130801704	-0.00421940928270052	152178709
2022-11-09	-0.00423728813559313	-0.00423728813559313	0.0169491525423729	-0.00847457627118645	-0.00423728813559313	192093738
2022-11-10	-0.004255319148936268	-0.004255319148936268	0.004255319148936079	-0.012765957446808616	-0.004255319148936268	142893045
2022-11-11	0.012820512820512928	0.012820512820512928	0.021367521367521482	0.0	0.012820512820512928	280221879
2022-11-14	-0.00421940928270052	0.008438818565400852	0.012658227848101182	-0.008438818565400852	-0.00421940928270052	290780183
2022-11-15	0.00847457627118645	-0.00423728813559313	0.012711864406779768	-0.00423728813559313	0.00847457627118645	193411201
2022-11-16	-0.008403361344537823	0.0	0.0042016806722690045	-0.012605042016806641	-0.008403361344537823	152799640
2022-11-17	0.0	0.0	0.004237288135593318	-0.00847457627118645	0.0	142730077
2022-11-18	-0.012711864406779579	0.0	0.0	-0.012711864406779579	-0.012711864406779579	198471944
2022-11-21	-0.004291845493562331	0.0	0.0	-0.00858369098712447	-0.004291845493562331	109319777
2022-11-22	0.056034482758620836	0.0	0.09913793103448276	0.0	0.056034482758620836	902179453
2022-11-23	-0.0040816326530613185	-0.012244897959183773	0.028571428571428505	-0.02040816326530623	-0.0040816326530613185	694714203
2022-11-24	-0.024590163934426253	-0.0040983606557376175	-0.0040983606557376175	-0.02868852459016387	-0.024590163934426253	422577363
2022-11-25	0.02100840336134465	0.0	0.029411764705882474	-0.004201680672268818	0.02100840336134465	389094511
2022-11-28	-0.0041152263374486546	-0.01234567901234578	0.01646090534979425	-0.024691358024691377	-0.0041152263374486546	339010449
2022-11-29	0.012396694214876136	0.004132231404958773	0.0206611570247935	-0.004132231404958589	0.012396694214876136	323240336
2022-11-30	0.0	-0.0040816326530613185	0.004081632653061137	-0.008163265306122455	0.0	266884165
2022-12-01	-0.012244897959183773	0.004081632653061137	0.012244897959183593	-0.012244897959183773	-0.012244897959183773	269811259
2022-12-02	0.004132231404958773	0.0	0.012396694214876136	-0.008264462809917363	0.004132231404958773	270619587
2022-12-05	0.0452674897119341	0.008230452674897125	0.049382716049382575	0.008230452674897125	0.0452674897119341	772214308
2022-12-06	-0.015748031496063006	-0.007874015748031503	0.0	-0.02362204724409451	-0.015748031496063006	409881618
2022-12-07	-0.011999999999999922	0.0	0.008000000000000007	-0.016000000000000014	-0.011999999999999922	309923629
2022-12-08	0.00404858299595133	-0.00404858299595151	0.012145748987854171	-0.00404858299595151	0.00404858299595133	217070107
2022-12-09	-0.012096774193548309	0.0	0.0	-0.020161290322580575	-0.012096774193548309	239216299
2022-12-12	-0.01632653061224491	-0.0040816326530613185	0.004081632653061137	-0.02040816326530623	-0.01632653061224491	245860499
2022-12-13	0.0	-0.004149377593361091	0.008298755186721999	-0.004149377593361091	0.0	172931707
2022-12-14	-0.016597510373443997	0.0	0.0	-0.02074688796680509	-0.016597510373443997	273799072
2022-12-15	-0.00421940928270052	-0.00421940928270052	0.0	-0.01265822784810137	-0.00421940928270052	158090156
2022-12-16	0.004237288135593318	0.0	0.012711864406779768	-0.00423728813559313	0.004237288135593318	175757057
2022-12-19	-0.02953586497890307	-0.00421940928270052	0.0	-0.03375527426160341	-0.02953586497890307	283026392
2022-12-20	-0.008695652173913052	-0.004347826086956429	0.004347826086956622	-0.008695652173913052	-0.008695652173913052	174540496
2022-12-21	0.004385964912280803	0.004385964912280803	0.008771929824561412	0.0	0.004385964912280803	101586227
2022-12-22	-0.00873362445414848	0.0	0.004366812227074143	-0.013100436681222816	-0.00873362445414848	184805530
2022-12-23	0.0	-0.004405286343612437	0.004405286343612241	-0.008810572687224677	0.0	96434425
2022-12-26	0.004405286343612241	0.0	0.013215859030836918	0.0	0.004405286343612241	126597832
2022-12-27	0.004385964912280803	0.004385964912280803	0.008771929824561412	0.0	0.004385964912280803	157293215
2022-12-28	-0.004366812227074336	-0.004366812227074336	0.004366812227074143	-0.00873362445414848	-0.004366812227074336	112321403
2022-12-29	-0.008771929824561412	0.0	0.004385964912280803	-0.008771929824561412	-0.008771929824561412	125209761
2022-12-30	0.013274336283185952	0.008849557522123902	0.017699115044247805	0.004424778761062049	0.013274336283185952	115840841
2023-01-03	0.00873362445414848	0.0	0.013100436681222622	-0.004366812227074336	0.00873362445414848	186764503
2023-01-04	-0.004329004329004429	0.0	0.004329004329004236	-0.004329004329004429	-0.004329004329004429	113735591
2023-01-05	0.004347826086956622	0.008695652173913052	0.008695652173913052	0.0	0.004347826086956622	114908204
2023-01-06	0.0	0.0	0.004329004329004236	-0.004329004329004429	0.0	118498401
2023-01-09	0.004329004329004236	0.0	0.008658008658008665	-0.004329004329004429	0.004329004329004236	155198311
2023-01-10	-0.008620689655172422	0.0	0.004310344827586307	-0.012931034482758537	-0.008620689655172422	106926100
2023-01-11	0.0	0.0	0.004347826086956622	-0.004347826086956429	0.0	109289563
2023-01-12	-0.004347826086956429	0.0	0.004347826086956622	-0.004347826086956429	-0.004347826086956429	72718802
2023-01-13	0.004366812227074143	0.0	0.004366812227074143	0.0	0.004366812227074143	77945966
2023-01-16	0.008695652173913052	0.0	0.013043478260869674	-0.004347826086956429	0.008695652173913052	170558400
2023-01-17	-0.004310344827586115	0.0	0.0	-0.008620689655172422	-0.004310344827586115	83506576
2023-01-18	0.0	0.004329004329004236	0.004329004329004236	0.0	0.0	69125001
2023-01-19	0.0	0.0	0.004329004329004236	-0.004329004329004429	0.0	121619629
2023-01-20	0.01731601731601733	0.004329004329004236	0.01731601731601733	0.0	0.01731601731601733	197591001
2023-01-30	0.0	0.008510638297872348	0.012765957446808427	-0.004255319148936268	0.0	186632851
2023-01-31	0.0	0.0	0.004255319148936079	-0.004255319148936268	0.0	121978154
2023-02-01	0.008510638297872348	0.004255319148936079	0.012765957446808427	-0.004255319148936268	0.008510638297872348	214965737
2023-02-02	0.0	0.004219409282700331	0.004219409282700331	-0.00421940928270052	0.0	161093490
2023-02-03	-0.01265822784810137	-0.00421940928270052	0.0	-0.016877637130801704	-0.01265822784810137	215256798
2023-02-06	-0.004273504273504183	-0.004273504273504183	0.004273504273504373	-0.004273504273504183	-0.004273504273504183	102432572
2023-02-07	0.01287553648068661	0.00429184549356214	0.01287553648068661	0.0	0.01287553648068661	166929142
2023-02-08	-0.012711864406779579	0.0	0.0	-0.012711864406779579	-0.012711864406779579	130718743
2023-02-09	0.00429184549356214	0.0	0.00858369098712447	0.0	0.00429184549356214	113193507
2023-02-10	0.0	0.0	0.004273504273504373	-0.004273504273504183	0.0	137737327
2023-02-13	0.008547008547008555	0.004273504273504373	0.01709401709401711	0.0	0.008547008547008555	266156280
2023-02-14	0.0	0.004237288135593318	0.004237288135593318	-0.00423728813559313	0.0	130282642
2023-02-15	-0.00847457627118645	0.0	0.0	-0.012711864406779579	-0.00847457627118645	159918443
2023-02-16	0.008547008547008555	0.008547008547008555	0.03418803418803422	0.0	0.008547008547008555	525737246
2023-02-17	-0.012711864406779579	-0.00423728813559313	0.004237288135593318	-0.012711864406779579	-0.012711864406779579	287294687
2023-02-20	0.02575107296137341	0.00429184549356214	0.030042918454935553	0.0	0.02575107296137341	425762845
2023-02-21	-0.004184100418410139	-0.004184100418410139	0.004184100418409952	-0.00836820083682009	-0.004184100418410139	238850115
2023-02-22	0.0042016806722690045	-0.004201680672268818	0.008403361344537823	-0.004201680672268818	0.0042016806722690045	194107388
2023-02-23	-0.004184100418410139	-0.004184100418410139	0.0	-0.00836820083682009	-0.004184100418410139	138994843
2023-02-24	-0.008403361344537823	0.0	0.0	-0.012605042016806641	-0.008403361344537823	122294705
2023-02-27	-0.00423728813559313	0.0	0.004237288135593318	-0.00423728813559313	-0.00423728813559313	101819464
2023-02-28	0.012765957446808427	0.004255319148936079	0.017021276595744695	0.0	0.012765957446808427	179195215
2023-03-01	0.02521008403361347	0.0	0.02521008403361347	-0.004201680672268818	0.02521008403361347	571971936
2023-03-02	0.0040983606557378	-0.0040983606557376175	0.016393442622950834	-0.008196721311475417	0.0040983606557378	569446383
2023-03-03	0.020408163265306048	0.004081632653061137	0.028571428571428505	-0.0040816326530613185	0.020408163265306048	722571266
2023-03-06	-0.016000000000000014	0.003999999999999915	0.011999999999999922	-0.019999999999999928	-0.016000000000000014	500482612
2023-03-07	0.0	0.0	0.024390243902439046	-0.004065040650406418	0.0	556668011
2023-03-08	0.0	-0.008130081300813016	0.0	-0.012195121951219433	0.0	274023471
2023-03-09	-0.012195121951219433	0.0	0.0	-0.016260162601626032	-0.012195121951219433	268791150
2023-03-10	-0.01646090534979425	-0.0041152263374486546	0.0	-0.01646090534979425	-0.01646090534979425	238379467
2023-03-13	0.020920502092050135	0.00836820083682009	0.02510460251046027	0.004184100418409952	0.020920502092050135	321980698
2023-03-14	-0.008196721311475417	-0.0040983606557376175	0.008196721311475417	-0.012295081967213035	-0.008196721311475417	327293404
2023-03-15	0.028925619834710863	0.0	0.04132231404958681	-0.008264462809917363	0.028925619834710863	609495719
2023-03-16	-0.012048192771084437	-0.008032128514056231	0.0	-0.020080321285140666	-0.012048192771084437	298689827
2023-03-17	0.020325203252032447	0.0	0.028455284552845465	0.0	0.020325203252032447	631075690
2023-03-20	0.039840637450199244	0.0	0.09960159362549802	-0.003984063745019836	0.039840637450199244	1670116414
2023-03-21	-0.015325670498084306	-0.011494252873563144	0.0	-0.026819923371647448	-0.015325670498084306	849044257
2023-03-22	-0.015564202334630364	-0.007782101167315182	0.007782101167315182	-0.023346303501945546	-0.015564202334630364	654213110
2023-03-23	0.003952569169960566	-0.003952569169960391	0.015810276679841914	-0.007905138339920957	0.003952569169960566	552262060
2023-03-24	-0.027559055118110173	0.0	0.0	-0.03149606299212601	-0.027559055118110173	544696761
2023-03-27	-0.016194331983805682	-0.00404858299595151	0.0	-0.020242914979757193	-0.016194331983805682	364030228
2023-03-28	-0.0041152263374486546	0.0041152263374484715	0.012345679012345599	-0.008230452674897125	-0.0041152263374486546	303609256
2023-03-29	-0.008264462809917363	0.0	0.004132231404958773	-0.016528925619834725	-0.008264462809917363	293072310
2023-03-30	0.008333333333333342	0.0	0.008333333333333342	-0.008333333333333342	0.008333333333333342	298268583
2023-03-31	-0.004132231404958589	-0.008264462809917363	-0.004132231404958589	-0.012396694214875952	-0.004132231404958589	204763307
2023-04-03	0.0	0.0	0.008298755186721999	-0.004149377593361091	0.0	309113734
2023-04-04	0.0373443983402489	0.0	0.0373443983402489	0.0	0.0373443983402489	697046813
2023-04-06	-0.003999999999999915	-0.003999999999999915	0.008000000000000007	-0.016000000000000014	-0.003999999999999915	343788860
2023-04-07	-0.008032128514056231	0.0	0.004016064257028026	-0.016064257028112462	-0.008032128514056231	234016404
2023-04-10	0.0	0.0	0.012145748987854171	-0.008097165991902841	0.0	293254936
2023-04-11	0.0	0.0	0.00404858299595133	-0.008097165991902841	0.0	215999554
2023-04-12	0.0161943319838055	0.0	0.020242914979757012	-0.00404858299595151	0.0161943319838055	358262264
2023-04-13	0.035856573705179404	-0.003984063745019836	0.051792828685259105	-0.007968127490039672	0.035856573705179404	945820337
2023-04-14	0.03461538461538456	0.0	0.049999999999999954	-0.003846153846153935	0.03461538461538456	1252643828
2023-04-17	0.003717472118959194	0.0	0.014869888475836444	-0.011152416356877252	0.003717472118959194	668389752
2023-04-18	0.0	-0.007407407407407414	0.0037037037037036245	-0.018518518518518615	0.0	445649329
2023-04-19	-0.014814814814814828	-0.003703703703703789	0.0037037037037036245	-0.02222222222222224	-0.014814814814814828	374659432
2023-04-20	0.015037593984962419	-0.003759398496240688	0.015037593984962419	-0.015037593984962419	0.015037593984962419	479488123
2023-04-21	-0.011111111111111202	0.0	0.0370370370370369	-0.014814814814814828	-0.011111111111111202	582543240
2023-04-24	0.0	0.003745318352060012	0.018726591760299727	-0.007490636704119857	0.0	433758549
2023-04-25	0.0	0.0	0.011235955056179869	-0.014981273408239714	0.0	343520123
2023-04-26	-0.02247191011235957	-0.007490636704119857	-0.0037453183520598453	-0.03745318352059929	-0.02247191011235957	382146362
2023-04-27	0.03448275862068977	0.0038314176245211615	0.05747126436781606	0.0	0.03448275862068977	596239024
2023-04-28	0.0037037037037036245	-0.003703703703703789	0.011111111111111039	-0.02592592592592603	0.0037037037037036245	527386854
2023-05-04	0.018450184501844952	-0.007380073800738014	0.029520295202952056	-0.014760147601476028	0.018450184501844952	621482142
2023-05-05	-0.02173913043478247	-0.0036231884057970243	0.00724637681159421	-0.02898550724637668	-0.02173913043478247	461109265
2023-05-08	0.011111111111111039	0.0	0.022222222222222077	-0.014814814814814828	0.011111111111111039	542824079
2023-05-09	-0.021978021978021997	0.0036630036630037476	0.021978021978021997	-0.02564102564102558	-0.021978021978021997	678191698
2023-05-10	-0.007490636704119857	-0.007490636704119857	0.014981273408239714	-0.014981273408239714	-0.007490636704119857	456513977
2023-05-11	-0.007547169811320762	0.0	0.0037735849056604646	-0.015094339622641523	-0.007547169811320762	282964989
2023-05-12	-0.02661596958174899	-0.003802281368821212	0.003802281368821381	-0.02661596958174899	-0.02661596958174899	385015425
2023-05-15	0.0	0.0	0.0039062499999999167	-0.015625000000000014	0.0	353816016
2023-05-16	-0.019531250000000104	0.0	0.0039062499999999167	-0.02343750000000002	-0.019531250000000104	335550050
2023-05-17	0.0	0.0	0.00796812749003985	-0.011952191235059684	0.0	279322704
2023-05-18	0.0	0.0	0.0159362549800797	-0.003984063745019836	0.0	327358704
2023-05-19	-0.01593625498007952	0.0	0.003984063745020013	-0.019920318725099532	-0.01593625498007952	323194623
2023-05-22	-0.008097165991902841	0.00404858299595133	0.008097165991902841	-0.01214574898785435	-0.008097165991902841	290410668
2023-05-23	-0.02040816326530623	0.004081632653061137	0.008163265306122455	-0.024489795918367366	-0.02040816326530623	452304912
2023-05-24	-0.008333333333333342	-0.004166666666666578	0.0	-0.01249999999999992	-0.008333333333333342	256538050
2023-05-25	0.0	-0.004201680672268818	0.0042016806722690045	-0.012605042016806641	0.0	303628055
2023-05-26	0.0042016806722690045	0.0042016806722690045	0.012605042016806827	-0.004201680672268818	0.0042016806722690045	215335492
2023-05-29	0.004184100418409952	0.004184100418409952	0.012552301255230044	0.0	0.004184100418409952	229411225
2023-05-30	0.008333333333333342	0.0	0.016666666666666684	-0.004166666666666578	0.008333333333333342	315408289
2023-05-31	-0.008264462809917363	-0.004132231404958589	0.0	-0.012396694214875952	-0.008264462809917363	192062643
2023-06-01	0.0	-0.004166666666666578	0.008333333333333342	-0.008333333333333342	0.0	191068130
2023-06-02	0.004166666666666763	0.0	0.008333333333333342	-0.004166666666666578	0.004166666666666763	184010696
2023-06-05	-0.01244813278008309	0.0	0.004149377593360907	-0.016597510373443997	-0.01244813278008309	267279947
2023-06-06	-0.008403361344537823	0.0	0.008403361344537823	-0.012605042016806641	-0.008403361344537823	237620934
2023-06-07	-0.00423728813559313	0.0	0.004237288135593318	-0.012711864406779579	-0.00423728813559313	219737922
2023-06-08	0.021276595744680774	0.0	0.021276595744680774	-0.004255319148936268	0.021276595744680774	238737232
2023-06-09	0.0	0.0	0.004166666666666763	-0.008333333333333342	0.0	163996184
2023-06-12	-0.008333333333333342	0.0	0.0	-0.01249999999999992	-0.008333333333333342	156910218
2023-06-13	-0.004201680672268818	0.0	0.0042016806722690045	-0.008403361344537823	-0.004201680672268818	128167928
2023-06-14	-0.00421940928270052	0.0	0.008438818565400852	-0.008438818565400852	-0.00421940928270052	146719247
2023-06-15	0.0	0.0	0.004237288135593318	-0.00847457627118645	0.0	218019832
2023-06-16	0.004237288135593318	-0.00423728813559313	0.00847457627118645	-0.00847457627118645	0.004237288135593318	244018403
2023-06-19	-0.008438818565400852	-0.00421940928270052	0.0	-0.01265822784810137	-0.008438818565400852	162396956
2023-06-20	-0.008510638297872348	0.0	0.004255319148936079	-0.008510638297872348	-0.008510638297872348	176770420
2023-06-21	-0.004291845493562331	0.0	0.00858369098712447	-0.004291845493562331	-0.004291845493562331	166220302
2023-06-26	-0.012931034482758537	-0.004310344827586115	-0.004310344827586115	-0.017241379310344845	-0.012931034482758537	206568895
2023-06-27	0.01746724890829696	0.0	0.0218340611353711	-0.004366812227074336	0.01746724890829696	151415858
2023-06-28	0.0	0.0	0.00429184549356214	-0.00858369098712447	0.0	101802157
2023-06-29	-0.004291845493562331	0.0	0.0	-0.00858369098712447	-0.004291845493562331	106119175
2023-06-30	0.008620689655172422	0.0	0.012931034482758728	-0.004310344827586115	0.008620689655172422	120751004
2023-07-03	0.012820512820512928	0.008547008547008555	0.021367521367521482	0.004273504273504373	0.012820512820512928	187882145
2023-07-04	-0.00421940928270052	-0.00421940928270052	0.004219409282700331	-0.008438818565400852	-0.00421940928270052	132778982
2023-07-05	0.0	0.0	0.012711864406779768	0.0	0.0	151966086
2023-07-06	-0.00423728813559313	0.0	0.004237288135593318	-0.00847457627118645	-0.00423728813559313	145522387
2023-07-07	0.008510638297872348	0.0	0.012765957446808427	-0.004255319148936268	0.008510638297872348	118190594
2023-07-10	0.0	0.0	0.004219409282700331	-0.00421940928270052	0.0	93248470
2023-07-11	0.0	0.0	0.008438818565400852	-0.00421940928270052	0.0	96815720
2023-07-12	-0.008438818565400852	0.004219409282700331	0.004219409282700331	-0.01265822784810137	-0.008438818565400852	153834608
2023-07-13	0.008510638297872348	0.004255319148936079	0.008510638297872348	0.0	0.008510638297872348	89031928
2023-07-14	0.0	0.0	0.004219409282700331	-0.00421940928270052	0.0	112355151
2023-07-17	-0.00421940928270052	-0.00421940928270052	0.0	-0.008438818565400852	-0.00421940928270052	67978058
2023-07-18	-0.00423728813559313	0.0	0.0	-0.00847457627118645	-0.00423728813559313	95396621
2023-07-19	0.008510638297872348	0.0	0.008510638297872348	0.0	0.008510638297872348	105308755
2023-07-20	-0.008438818565400852	0.0	0.0	-0.008438818565400852	-0.008438818565400852	112208244
2023-07-21	-0.004255319148936268	0.0	0.0	-0.008510638297872348	-0.004255319148936268	116320291
2023-07-24	0.004273504273504373	0.0	0.008547008547008555	-0.004273504273504183	0.004273504273504373	91926188
2023-07-25	0.012765957446808427	0.004255319148936079	0.017021276595744695	0.004255319148936079	0.012765957446808427	233696156
2023-07-26	0.0042016806722690045	0.0	0.0042016806722690045	-0.004201680672268818	0.0042016806722690045	145291545
2023-07-27	0.004184100418409952	0.0	0.012552301255230044	-0.004184100418410139	0.004184100418409952	250343973
2023-07-28	0.012500000000000105	0.0	0.016666666666666684	-0.008333333333333342	0.012500000000000105	272178427
2023-07-31	0.008230452674897125	0.0041152263374484715	0.020576131687242726	0.0	0.008230452674897125	309246462
2023-08-01	0.004081632653061137	0.0	0.012244897959183593	0.0	0.004081632653061137	214375029
2023-08-02	-0.008130081300813016	-0.004065040650406418	0.004065040650406598	-0.012195121951219433	-0.008130081300813016	214381652
2023-08-03	0.008196721311475417	0.0	0.008196721311475417	-0.008196721311475417	0.008196721311475417	191960491
2023-08-04	-0.004065040650406418	0.004065040650406598	0.008130081300813016	-0.008130081300813016	-0.004065040650406418	189250641
2023-08-07	-0.0040816326530613185	0.0	0.0	-0.012244897959183773	-0.0040816326530613185	161198710
2023-08-08	-0.008196721311475417	-0.0040983606557376175	0.0	-0.012295081967213035	-0.008196721311475417	132209715
2023-08-09	-0.004132231404958589	0.0	0.008264462809917363	-0.004132231404958589	-0.004132231404958589	121553944
2023-08-10	0.008298755186721999	0.004149377593360907	0.008298755186721999	0.0	0.008298755186721999	99503205
2023-08-11	-0.024691358024691377	0.0	0.0	-0.028806584362140033	-0.024691358024691377	226666442
2023-08-14	0.0	-0.00421940928270052	0.008438818565400852	-0.01265822784810137	0.0	184277086
2023-08-15	0.0	0.0	0.008438818565400852	-0.008438818565400852	0.0	123905812
2023-08-16	0.0	0.0	0.008438818565400852	-0.008438818565400852	0.0	118699942
2023-08-17	0.0	-0.00421940928270052	0.004219409282700331	-0.008438818565400852	0.0	135451461
2023-08-18	-0.00421940928270052	0.004219409282700331	0.008438818565400852	-0.008438818565400852	-0.00421940928270052	150742361
2023-08-21	-0.00847457627118645	-0.00423728813559313	0.004237288135593318	-0.00847457627118645	-0.00847457627118645	132776981
2023-08-22	0.004273504273504373	0.0	0.012820512820512928	-0.004273504273504183	0.004273504273504373	211027758
2023-08-23	-0.008510638297872348	0.0	0.004255319148936079	-0.008510638297872348	-0.008510638297872348	146149769
2023-08-24	-0.021459227467811273	0.00429184549356214	0.00429184549356214	-0.02575107296137341	-0.021459227467811273	328658627
2023-08-25	0.0	-0.004385964912280609	0.008771929824561412	-0.008771929824561412	0.0	157069301
2023-08-28	0.008771929824561412	0.043859649122807064	0.04824561403508786	0.004385964912280803	0.008771929824561412	271240134
2023-08-29	0.008695652173913052	0.0	0.013043478260869674	-0.004347826086956429	0.008695652173913052	216458836
2023-08-30	-0.008620689655172422	0.0	0.004310344827586307	-0.012931034482758537	-0.008620689655172422	177714645
2023-08-31	-0.004347826086956429	0.0	0.004347826086956622	-0.008695652173913052	-0.004347826086956429	139693729
2023-09-01	0.004366812227074143	0.0	0.00873362445414848	0.0	0.004366812227074143	115529823
2023-09-04	0.008695652173913052	0.004347826086956622	0.013043478260869674	0.0	0.008695652173913052	182726725
2023-09-05	-0.004310344827586115	0.0	0.004310344827586307	-0.008620689655172422	-0.004310344827586115	123196036
2023-09-06	-0.004329004329004429	-0.004329004329004429	0.0	-0.008658008658008665	-0.004329004329004429	162062621
2023-09-07	-0.008695652173913052	-0.004347826086956429	0.0	-0.013043478260869481	-0.008695652173913052	125585218
2023-09-08	0.0	-0.004385964912280609	0.004385964912280803	-0.004385964912280609	0.0	91637211
2023-09-11	0.004385964912280803	0.0	0.008771929824561412	-0.004385964912280609	0.004385964912280803	139665297
2023-09-12	0.0	0.0	0.004366812227074143	-0.004366812227074336	0.0	112010766
2023-09-13	-0.004366812227074336	-0.004366812227074336	0.0	-0.00873362445414848	-0.004366812227074336	121380125
2023-09-14	0.0	0.0	0.004385964912280803	-0.004385964912280609	0.0	99463286
2023-09-15	-0.004385964912280609	0.004385964912280803	0.004385964912280803	-0.004385964912280609	-0.004385964912280609	152840592
2023-09-18	-0.004405286343612437	-0.004405286343612437	0.0	-0.008810572687224677	-0.004405286343612437	115728983
2023-09-19	0.0	0.0	0.004424778761062049	-0.004424778761061853	0.0	92749238
2023-09-20	-0.004424778761061853	0.0	0.004424778761062049	-0.004424778761061853	-0.004424778761061853	89718434
2023-09-21	-0.008888888888888898	0.0	0.00444444444444435	-0.008888888888888898	-0.008888888888888898	114227087
2023-09-22	0.00896860986547086	0.0	0.01345291479820619	-0.0044843049327353305	0.00896860986547086	117887153
2023-09-25	-0.00444444444444435	0.0	0.00444444444444435	-0.00444444444444435	-0.00444444444444435	76066097
2023-09-26	0.0	0.004464285714285619	0.004464285714285619	0.0	0.0	43958017
2023-09-27	0.008928571428571237	0.0	0.017857142857142672	0.0	0.008928571428571237	139725923
2023-09-28	0.0	0.0	0.008849557522123902	-0.004424778761061853	0.0	92032514
2023-10-09	0.0	0.0	0.008849557522123902	-0.004424778761061853	0.0	104497462
2023-10-10	-0.008849557522123706	0.004424778761062049	0.008849557522123902	-0.008849557522123706	-0.008849557522123706	140965656
2023-10-11	0.0	0.004464285714285619	0.008928571428571237	0.0	0.0	87991597
2023-10-12	0.008928571428571237	0.004464285714285619	0.008928571428571237	0.0	0.008928571428571237	76665527
2023-10-13	-0.008849557522123706	-0.004424778761061853	0.0	-0.008849557522123706	-0.008849557522123706	51414162
2023-10-16	-0.004464285714285817	0.0	0.004464285714285619	-0.004464285714285817	-0.004464285714285817	85241238
2023-10-17	0.0	0.0	0.00448430493273553	-0.0044843049327353305	0.0	71234154
2023-10-18	-0.0044843049327353305	0.0	0.00448430493273553	-0.00896860986547086	-0.0044843049327353305	125625877
2023-10-19	-0.013513513513513624	-0.0045045045045046085	0.0	-0.018018018018018032	-0.013513513513513624	162638685
2023-10-20	-0.004566210045662003	-0.009132420091324209	0.0	-0.009132420091324209	-0.004566210045662003	125007003
2023-10-23	-0.02293577981651388	0.0	0.0	-0.027522935779816536	-0.02293577981651388	159173817
2023-10-24	0.01408450704225364	0.004694835680751282	0.01408450704225364	0.0	0.01408450704225364	119252307
2023-10-25	0.023148148148148064	0.013888888888888798	0.03240740740740733	0.013888888888888798	0.023148148148148064	196061849
2023-10-26	0.0	-0.0045248868778279576	0.004524886877828159	-0.009049773755656116	0.0	115987733
2023-10-27	0.004524886877828159	0.0	0.009049773755656116	-0.0045248868778279576	0.004524886877828159	106039588
2023-10-30	-0.013513513513513624	-0.0045045045045046085	-0.0045045045045046085	-0.018018018018018032	-0.013513513513513624	156388286
2023-10-31	-0.004566210045662003	0.0	0.004566210045662206	-0.009132420091324209	-0.004566210045662003	85591860
2023-11-01	0.0	0.0045871559633026545	0.0045871559633026545	-0.0045871559633028575	0.0	75655616
2023-11-02	0.0	-0.0045871559633028575	0.013761467889908166	-0.0045871559633028575	0.0	151088594
2023-11-03	0.0	0.0	0.0045871559633026545	-0.0045871559633028575	0.0	109477734
2023-11-06	0.009174311926605512	0.0045871559633026545	0.013761467889908166	0.0	0.009174311926605512	144487509
2023-11-07	-0.00454545454545465	0.0	0.0	-0.009090909090909097	-0.00454545454545465	135018228
2023-11-08	-0.009132420091324209	0.0	0.0	-0.009132420091324209	-0.009132420091324209	106238864
2023-11-09	0.004608294930875683	0.0	0.00921658986175116	0.0	0.004608294930875683	86798164
2023-11-10	-0.0045871559633028575	0.0	0.0	-0.009174311926605512	-0.0045871559633028575	90788033
2023-11-13	0.004608294930875683	0.0	0.00921658986175116	-0.004608294930875478	0.004608294930875683	95225085
2023-11-14	0.0045871559633026545	0.0	0.009174311926605512	0.0	0.0045871559633026545	79975388
2023-11-15	-0.004566210045662003	0.004566210045662206	0.004566210045662206	-0.004566210045662003	-0.004566210045662003	107932862
2023-11-16	-0.0045871559633028575	0.0045871559633026545	0.0045871559633026545	-0.0045871559633028575	-0.0045871559633028575	71375984
2023-11-17	0.0	0.0	0.004608294930875683	-0.004608294930875478	0.0	93666793
2023-11-20	0.0	0.0	0.004608294930875683	-0.004608294930875478	0.0	78211063
2023-11-21	0.004608294930875683	0.004608294930875683	0.00921658986175116	0.0	0.004608294930875683	99982916
2023-11-22	-0.0045871559633028575	-0.0045871559633028575	0.0	-0.009174311926605512	-0.0045871559633028575	71703144
2023-11-23	0.0	-0.004608294930875478	0.004608294930875683	-0.004608294930875478	0.0	71883386
2023-11-24	0.0	0.0	0.004608294930875683	-0.004608294930875478	0.0	79500161
2023-11-27	-0.00921658986175116	0.0	0.0	-0.013824884792626639	-0.00921658986175116	151076138
2023-11-28	0.0	0.0	0.004651162790697782	-0.0046511627906975755	0.0	80986791
2023-11-29	-0.009302325581395357	0.0	0.0	-0.009302325581395357	-0.009302325581395357	98046650
2023-11-30	0.0	0.0	0.004694835680751282	-0.004694835680751074	0.0	99688593
2023-12-01	0.009389671361502356	0.004694835680751282	0.01408450704225364	-0.004694835680751074	0.009389671361502356	142996097
2023-12-04	0.004651162790697782	0.0	0.004651162790697782	0.0	0.004651162790697782	50176356
2023-12-05	-0.013888888888889003	-0.004629629629629736	0.0	-0.013888888888889003	-0.013888888888889003	101314795
2023-12-06	0.0	0.004694835680751282	0.009389671361502356	0.0	0.0	94441076
2023-12-07	0.0	0.0	0.004694835680751282	-0.004694835680751074	0.0	107408997
2023-12-08	-0.004694835680751074	0.0	0.004694835680751282	-0.004694835680751074	-0.004694835680751074	111002828
2023-12-11	0.0	0.0	0.004716981132075371	-0.009433962264150952	0.0	144995584
2023-12-12	0.004716981132075371	0.0	0.009433962264150952	-0.004716981132075581	0.004716981132075371	82464589
2023-12-13	-0.009389671361502356	0.0	0.004694835680751282	-0.009389671361502356	-0.009389671361502356	69334776
2023-12-14	0.004739336492891105	0.004739336492891105	0.009478672985782	0.0	0.004739336492891105	90367781
2023-12-15	0.0	0.0	0.004716981132075371	-0.004716981132075581	0.0	112492051
2023-12-18	-0.014150943396226532	-0.004716981132075581	0.0	-0.014150943396226532	-0.014150943396226532	91058646
2023-12-19	0.0	0.0	0.004784688995215422	-0.00956937799043063	0.0	105110768
2023-12-20	-0.004784688995215209	0.0	0.004784688995215422	-0.00956937799043063	-0.004784688995215209	86765762
2023-12-21	0.0	0.0	0.004807692307692205	-0.009615384615384623	0.0	102125193
2023-12-22	0.0	0.0	0.009615384615384623	-0.004807692307692419	0.0	129126949
2023-12-25	0.0	0.0	0.004807692307692205	-0.004807692307692419	0.0	56521345
2023-12-26	-0.004807692307692419	0.0	0.0	-0.009615384615384623	-0.004807692307692419	60270055
2023-12-27	0.004830917874396247	0.0	0.004830917874396247	-0.00966183574879228	0.004830917874396247	79978983
2023-12-28	0.009615384615384623	-0.004807692307692419	0.014423076923076828	-0.004807692307692419	0.009615384615384623	139411472
2023-12-29	0.0	0.0	0.00476190476190466	-0.004761904761904872	0.0	95230158
2024-01-02	-0.004761904761904872	0.0	0.00476190476190466	-0.004761904761904872	-0.004761904761904872	108703196
2024-01-03	0.004784688995215422	0.0	0.00956937799043063	-0.004784688995215209	0.004784688995215422	96974295
2024-01-04	-0.004761904761904872	0.0	0.00476190476190466	-0.009523809523809532	-0.004761904761904872	85148383
2024-01-05	0.0	0.0	0.00956937799043063	-0.004784688995215209	0.0	134917209
2024-01-08	-0.00956937799043063	0.0	0.0	-0.01435406698564584	-0.00956937799043063	124968036
2024-01-09	-0.004830917874396033	-0.004830917874396033	0.004830917874396247	-0.004830917874396033	-0.004830917874396033	92442897
2024-01-10	-0.004854368932038947	0.0	0.004854368932038731	-0.009708737864077678	-0.004854368932038947	112783956
2024-01-11	0.004878048780487918	0.0	0.009756097560975618	-0.004878048780487702	0.004878048780487918	105201980
2024-01-12	0.0	0.0	0.009708737864077678	-0.004854368932038947	0.0	74989848
2024-01-15	0.004854368932038731	0.0	0.009708737864077678	-0.004854368932038947	0.004854368932038731	76540016
2024-01-16	0.0	0.0	0.004830917874396247	-0.00966183574879228	0.0	97520569
2024-01-17	-0.014492753623188312	0.0	0.0	-0.014492753623188312	-0.014492753623188312	94823652
2024-01-18	0.00980392156862746	0.004901960784313621	0.00980392156862746	-0.014705882352941298	0.00980392156862746	194782027
2024-01-19	-0.004854368932038947	-0.004854368932038947	0.0	-0.009708737864077678	-0.004854368932038947	87759350
2024-01-22	-0.004878048780487702	0.0	0.004878048780487918	-0.01463414634146332	-0.004878048780487702	147611124
2024-01-23	-0.004901960784313838	-0.004901960784313838	0.0	-0.00980392156862746	-0.004901960784313838	91364010
2024-01-24	0.0344827586206898	0.004926108374384351	0.0344827586206898	-0.0049261083743841316	0.0344827586206898	239921160
2024-01-25	0.03333333333333326	-0.004761904761904872	0.038095238095238126	-0.009523809523809532	0.03333333333333326	435876813
2024-01-26	-0.00921658986175116	-0.004608294930875478	0.004608294930875683	-0.01843317972350232	-0.00921658986175116	329734437
2024-01-29	0.009302325581395357	0.0	0.03255813953488385	0.0	0.009302325581395357	447133632
2024-01-30	-0.01843317972350232	-0.00921658986175116	0.0	-0.023041474654377798	-0.01843317972350232	292334419
2024-01-31	-0.009389671361502356	-0.004694835680751074	0.004694835680751282	-0.018779342723004713	-0.009389671361502356	259094397
2024-02-01	-0.009478672985782	0.0	0.004739336492891105	-0.009478672985782	-0.009478672985782	168435637
2024-02-02	0.00956937799043063	0.0	0.01913875598086126	-0.01435406698564584	0.00956937799043063	260528305
2024-02-05	-0.009478672985782	-0.009478672985782	0.0	-0.037914691943128	-0.009478672985782	304618564
2024-02-06	0.028708133971291894	-0.004784688995215209	0.03349282296650732	-0.00956937799043063	0.028708133971291894	281858904
2024-02-07	0.0	0.0	0.004651162790697782	-0.009302325581395357	0.0	210441025
2024-02-08	0.0	0.004651162790697782	0.009302325581395357	-0.009302325581395357	0.0	240905620
2024-02-19	0.004651162790697782	0.004651162790697782	0.009302325581395357	-0.0046511627906975755	0.004651162790697782	182552097
2024-02-20	-0.004629629629629736	-0.004629629629629736	0.0	-0.009259259259259267	-0.004629629629629736	120153321
2024-02-21	0.009302325581395357	0.0	0.023255813953488497	-0.0046511627906975755	0.009302325581395357	287942577
2024-02-22	0.004608294930875683	-0.004608294930875478	0.004608294930875683	-0.004608294930875478	0.004608294930875683	149557118
2024-02-23	-0.0045871559633028575	0.0	0.0045871559633026545	-0.009174311926605512	-0.0045871559633028575	128592615
2024-02-26	-0.00921658986175116	0.004608294930875683	0.004608294930875683	-0.00921658986175116	-0.00921658986175116	179314470
2024-02-27	0.004651162790697782	0.0	0.009302325581395357	-0.0046511627906975755	0.004651162790697782	134245281
2024-02-28	0.0	0.0046296296296295305	0.013888888888888798	0.0	0.0	232805152
2024-02-29	0.009259259259259267	0.0	0.009259259259259267	-0.004629629629629736	0.009259259259259267	159319532
2024-03-01	-0.0045871559633028575	0.0	0.0045871559633026545	-0.009174311926605512	-0.0045871559633028575	138653626
2024-03-04	-0.004608294930875478	0.0	0.004608294930875683	-0.00921658986175116	-0.004608294930875478	120312136
2024-03-05	0.0	0.0	0.0046296296296295305	-0.004629629629629736	0.0	110747432
2024-03-06	0.0046296296296295305	0.0	0.018518518518518535	-0.004629629629629736	0.0046296296296295305	218049224
2024-03-07	-0.004608294930875478	0.0	0.00921658986175116	-0.00921658986175116	-0.004608294930875478	171557701
2024-03-08	0.0046296296296295305	0.0	0.009259259259259267	-0.004629629629629736	0.0046296296296295305	126084769
2024-03-11	0.004608294930875683	0.0	0.004608294930875683	-0.004608294930875478	0.004608294930875683	126726714
2024-03-12	-0.009174311926605512	0.0	0.0	-0.009174311926605512	-0.009174311926605512	116456400
2024-03-13	-0.004629629629629736	0.0	0.0046296296296295305	-0.004629629629629736	-0.004629629629629736	92745816
2024-03-14	0.0	0.0	0.009302325581395357	-0.0046511627906975755	0.0	174419617
2024-03-15	-0.0046511627906975755	0.0	0.004651162790697782	-0.0046511627906975755	-0.0046511627906975755	116857606
2024-03-18	0.009345794392523372	0.004672897196261582	0.014018691588784955	0.0	0.009345794392523372	170703966
2024-03-19	-0.004629629629629736	0.0	0.0046296296296295305	-0.004629629629629736	-0.004629629629629736	103620167
2024-03-20	0.0	0.0	0.004651162790697782	0.0	0.0	73785734
2024-03-21	-0.0046511627906975755	0.004651162790697782	0.004651162790697782	-0.0046511627906975755	-0.0046511627906975755	92150847
2024-03-22	-0.009345794392523372	0.004672897196261582	0.004672897196261582	-0.009345794392523372	-0.009345794392523372	179253867
2024-03-25	0.0	0.0	0.009433962264150952	-0.004716981132075581	0.0	98154365
2024-03-26	0.004716981132075371	0.0	0.004716981132075371	-0.004716981132075581	0.004716981132075371	97758357
2024-03-27	-0.01408450704225343	-0.004694835680751074	0.0	-0.018779342723004713	-0.01408450704225343	102873971
2024-03-28	0.0	-0.004761904761904872	0.009523809523809532	-0.004761904761904872	0.0	126468195
2024-03-29	0.009523809523809532	0.00476190476190466	0.014285714285714192	0.0	0.009523809523809532	128228600
2024-04-01	0.028301886792452855	0.009433962264150952	0.028301886792452855	0.004716981132075371	0.028301886792452855	293387628
2024-04-02	0.0	0.0	0.0045871559633026545	-0.0045871559633028575	0.0	182685470
2024-04-03	0.0	0.0	0.0045871559633026545	-0.0045871559633028575	0.0	132404906
2024-04-08	-0.0045871559633028575	-0.0045871559633028575	0.0045871559633026545	-0.009174311926605512	-0.0045871559633028575	141158451
2024-04-09	0.004608294930875683	0.0	0.004608294930875683	-0.004608294930875478	0.004608294930875683	110601917
2024-04-10	-0.018348623853211024	0.0	0.0	-0.018348623853211024	-0.018348623853211024	161642377
2024-04-11	0.014018691588784955	0.0	0.018691588785046745	-0.00467289719626179	0.014018691588784955	157642901
2024-04-12	-0.00921658986175116	0.0	0.0	-0.013824884792626639	-0.00921658986175116	105298332
2024-04-15	0.027906976744186074	0.0	0.046511627906976785	-0.0046511627906975755	0.027906976744186074	431502047
2024-04-16	-0.009049773755656116	-0.0045248868778279576	0.009049773755656116	-0.009049773755656116	-0.009049773755656116	330053284
2024-04-17	0.02739726027397263	-0.004566210045662003	0.02739726027397263	-0.009132420091324209	0.02739726027397263	348878990
2024-04-18	-0.00444444444444435	0.0	0.017777777777777795	-0.008888888888888898	-0.00444444444444435	322402850
2024-04-19	0.004464285714285619	-0.004464285714285817	0.013392857142857054	-0.008928571428571435	0.004464285714285619	221170485
2024-04-22	-0.008888888888888898	0.00444444444444435	0.008888888888888898	-0.008888888888888898	-0.008888888888888898	193218227
2024-04-23	-0.01345291479820619	0.0	0.00448430493273553	-0.01793721973094172	-0.01345291479820619	178398503
2024-04-24	0.0	0.004545454545454448	0.004545454545454448	-0.00454545454545465	0.0	111458659
2024-04-25	0.004545454545454448	0.0	0.013636363636363547	0.0	0.004545454545454448	122054102
2024-04-26	0.004524886877828159	0.0	0.009049773755656116	-0.0045248868778279576	0.004524886877828159	157080965
2024-04-29	0.004504504504504408	0.0	0.009009009009009016	-0.0045045045045046085	0.004504504504504408	177867796
2024-04-30	-0.01345291479820619	0.00448430493273553	0.00448430493273553	-0.01345291479820619	-0.01345291479820619	189873438
2024-05-06	0.004545454545454448	0.009090909090909097	0.013636363636363547	0.004545454545454448	0.004545454545454448	156859126
2024-05-07	-0.009049773755656116	0.0	0.004524886877828159	-0.009049773755656116	-0.009049773755656116	167874664
2024-05-08	-0.009132420091324209	0.0	0.004566210045662206	-0.009132420091324209	-0.009132420091324209	135079891
2024-05-09	0.00921658986175116	0.0	0.013824884792626843	-0.004608294930875478	0.00921658986175116	155019168
2024-05-10	0.004566210045662206	0.004566210045662206	0.004566210045662206	-0.004566210045662003	0.004566210045662206	135344888
2024-05-13	0.009090909090909097	0.0	0.013636363636363547	-0.009090909090909097	0.009090909090909097	247953146
2024-05-14	0.004504504504504408	0.004504504504504408	0.009009009009009016	0.0	0.004504504504504408	155578079
2024-05-15	-0.0044843049327353305	-0.0044843049327353305	0.0	-0.00896860986547086	-0.0044843049327353305	106741599
2024-05-16	0.004504504504504408	-0.0045045045045046085	0.009009009009009016	-0.0045045045045046085	0.004504504504504408	182141396
2024-05-17	0.00896860986547086	0.0	0.00896860986547086	-0.0044843049327353305	0.00896860986547086	188811393
2024-05-20	-0.00444444444444435	0.0	0.00444444444444435	-0.013333333333333246	-0.00444444444444435	251199980
2024-05-21	0.0	0.0	0.004464285714285619	-0.008928571428571435	0.0	207228334
2024-05-22	0.004464285714285619	0.0	0.008928571428571237	-0.004464285714285817	0.004464285714285619	209001823
2024-05-23	-0.013333333333333246	0.0	0.0	-0.017777777777777795	-0.013333333333333246	195896985
2024-05-24	0.004504504504504408	0.0	0.009009009009009016	-0.0045045045045046085	0.004504504504504408	154953212
2024-05-27	-0.0044843049327353305	0.0	0.00448430493273553	-0.01345291479820619	-0.0044843049327353305	207009287
2024-05-28	-0.009009009009009016	0.0	0.004504504504504408	-0.009009009009009016	-0.009009009009009016	161888599
2024-05-29	-0.00454545454545465	0.0	0.004545454545454448	-0.00454545454545465	-0.00454545454545465	92866684
2024-05-30	0.0	0.0	0.009132420091324209	-0.004566210045662003	0.0	133984786
2024-05-31	0.0	0.004566210045662206	0.004566210045662206	-0.004566210045662003	0.0	119976106
2024-06-03	-0.013698630136986212	-0.004566210045662003	0.0	-0.018264840182648418	-0.013698630136986212	210108193
2024-06-04	0.0046296296296295305	0.0	0.009259259259259267	-0.009259259259259267	0.0046296296296295305	163293889
2024-06-05	0.0	0.0	0.00921658986175116	-0.004608294930875478	0.0	108453659
2024-06-06	-0.00921658986175116	0.0	0.004608294930875683	-0.00921658986175116	-0.00921658986175116	137488497
2024-06-07	0.004651162790697782	0.0	0.009302325581395357	0.0	0.004651162790697782	123199534
2024-06-11	-0.009259259259259267	0.0	0.0046296296296295305	-0.009259259259259267	-0.009259259259259267	121125904
2024-06-12	-0.00467289719626179	0.004672897196261582	0.004672897196261582	-0.009345794392523372	-0.00467289719626179	160502352
2024-06-13	-0.009389671361502356	0.0	0.004694835680751282	-0.01408450704225343	-0.009389671361502356	126296961
2024-06-14	0.004739336492891105	0.0	0.004739336492891105	-0.004739336492890894	0.004739336492891105	161123525
2024-06-17	-0.004716981132075581	-0.004716981132075581	0.004716981132075371	-0.009433962264150952	-0.004716981132075581	111047354
2024-06-18	0.014218009478673105	0.0	0.018957345971564	-0.004739336492890894	0.014218009478673105	202891321
2024-06-19	-0.00467289719626179	0.0	0.004672897196261582	-0.00467289719626179	-0.00467289719626179	118861797
2024-06-20	-0.009389671361502356	0.0	0.004694835680751282	-0.01408450704225343	-0.009389671361502356	112323773
2024-06-21	0.004739336492891105	0.0	0.009478672985782	-0.004739336492890894	0.004739336492891105	95657628
2024-06-24	-0.009433962264150952	-0.004716981132075581	0.0	-0.018867924528301903	-0.009433962264150952	135720277
2024-06-25	-0.004761904761904872	0.0	0.009523809523809532	-0.009523809523809532	-0.004761904761904872	127622177
2024-06-26	0.004784688995215422	0.0	0.004784688995215422	-0.00956937799043063	0.004784688995215422	131624891
2024-06-27	-0.004761904761904872	-0.004761904761904872	0.0	-0.009523809523809532	-0.004761904761904872	96639365
2024-06-28	0.014354066985646053	0.0	0.01913875598086126	-0.004784688995215209	0.014354066985646053	158572249
2024-07-01	0.014150943396226322	0.0	0.018867924528301903	-0.004716981132075581	0.014150943396226322	184193449
2024-07-02	-0.0046511627906975755	0.0	0.0	-0.009302325581395357	-0.0046511627906975755	129267133
2024-07-03	-0.009345794392523372	0.0	0.004672897196261582	-0.009345794392523372	-0.009345794392523372	102605383
2024-07-04	0.0	0.004716981132075371	0.009433962264150952	-0.004716981132075581	0.0	103565329
2024-07-05	-0.004716981132075581	-0.004716981132075581	0.0	-0.014150943396226532	-0.004716981132075581	121553782
2024-07-08	-0.004739336492890894	0.0	0.004739336492891105	-0.009478672985782	-0.004739336492890894	98262600
2024-07-09	0.00476190476190466	-0.004761904761904872	0.009523809523809532	-0.009523809523809532	0.00476190476190466	140404029
2024-07-10	-0.004739336492890894	0.0	0.004739336492891105	-0.009478672985782	-0.004739336492890894	93746077
2024-07-11	0.014285714285714192	0.00476190476190466	0.014285714285714192	0.0	0.014285714285714192	149043915
2024-07-12	0.0	0.0	0.009389671361502356	-0.004694835680751074	0.0	132127471
2024-07-15	0.0	0.0	0.004694835680751282	-0.004694835680751074	0.0	83832390
2024-07-16	0.009389671361502356	0.0	0.009389671361502356	0.0	0.009389671361502356	110466744
2024-07-17	0.0	0.0	0.004651162790697782	-0.0046511627906975755	0.0	134427841
2024-07-18	0.004651162790697782	0.0	0.004651162790697782	-0.009302325581395357	0.004651162790697782	128249999
2024-07-19	-0.004629629629629736	-0.004629629629629736	0.0	-0.009259259259259267	-0.004629629629629736	122016497
2024-07-22	0.0	0.0	0.004651162790697782	-0.0046511627906975755	0.0	97428606
2024-07-23	-0.009302325581395357	0.0	0.004651162790697782	-0.009302325581395357	-0.009302325581395357	147220367
2024-07-24	0.004694835680751282	0.0	0.009389671361502356	-0.004694835680751074	0.004694835680751282	128956672
2024-07-25	0.014018691588784955	0.0	0.014018691588784955	-0.00467289719626179	0.014018691588784955	160522775
2024-07-26	0.004608294930875683	0.0	0.004608294930875683	-0.004608294930875478	0.004608294930875683	120868703
2024-07-29	0.013761467889908166	0.0	0.013761467889908166	-0.0045871559633028575	0.013761467889908166	161157075
2024-07-30	0.004524886877828159	0.0	0.004524886877828159	-0.009049773755656116	0.004524886877828159	148135497
2024-07-31	-0.0045045045045046085	0.0	0.009009009009009016	-0.009009009009009016	-0.0045045045045046085	186376887
2024-08-01	0.018099547511312233	0.0	0.02262443438914019	0.0	0.018099547511312233	264490862
2024-08-02	-0.00444444444444435	-0.00444444444444435	0.00444444444444435	-0.008888888888888898	-0.00444444444444435	187324220
2024-08-05	-0.004464285714285817	0.0	0.013392857142857054	-0.008928571428571435	-0.004464285714285817	211764122
2024-08-06	-0.0044843049327353305	0.0	0.00896860986547086	-0.00896860986547086	-0.0044843049327353305	179872789
2024-08-07	0.009009009009009016	0.004504504504504408	0.013513513513513424	0.0	0.009009009009009016	154618136
2024-08-08	-0.004464285714285817	0.0	0.004464285714285619	-0.004464285714285817	-0.004464285714285817	111785857
2024-08-09	0.0	0.00448430493273553	0.00896860986547086	0.0	0.0	98943641
2024-08-12	-0.0044843049327353305	0.0	0.00896860986547086	-0.00896860986547086	-0.0044843049327353305	109840218
2024-08-13	0.004504504504504408	0.0	0.004504504504504408	-0.009009009009009016	0.004504504504504408	124307225
2024-08-14	0.00448430493273553	0.00448430493273553	0.01793721973094172	0.0	0.00448430493273553	177655433
2024-08-15	0.004464285714285619	-0.008928571428571435	0.004464285714285619	-0.013392857142857253	0.004464285714285619	195207825
2024-08-16	-0.00444444444444435	0.0	0.008888888888888898	-0.008888888888888898	-0.00444444444444435	131155207
2024-08-19	0.0	0.0	0.004464285714285619	-0.008928571428571435	0.0	150628026
2024-08-20	-0.004464285714285817	0.0	0.004464285714285619	-0.008928571428571435	-0.004464285714285817	117052916
2024-08-21	-0.00896860986547086	-0.0044843049327353305	0.0	-0.00896860986547086	-0.00896860986547086	103556638
2024-08-22	-0.0045248868778279576	0.004524886877828159	0.004524886877828159	-0.0045248868778279576	-0.0045248868778279576	79079864
2024-08-23	-0.00454545454545465	0.004545454545454448	0.004545454545454448	-0.009090909090909097	-0.00454545454545465	112816808
2024-08-26	0.013698630136986415	0.0	0.018264840182648418	0.0	0.013698630136986415	139339639
2024-08-27	-0.018018018018018032	-0.0045045045045046085	0.0	-0.02702702702702705	-0.018018018018018032	153090363
2024-08-28	-0.0045871559633028575	-0.0045871559633028575	0.0045871559633026545	-0.009174311926605512	-0.0045871559633028575	99495193
2024-08-29	-0.01843317972350232	0.0	0.0	-0.023041474654377798	-0.01843317972350232	198286606
2024-08-30	0.0	0.0	0.009389671361502356	-0.009389671361502356	0.0	176795383
2024-09-02	-0.023474178403755788	0.0	0.004694835680751282	-0.023474178403755788	-0.023474178403755788	221028613
2024-09-03	0.004807692307692205	0.004807692307692205	0.009615384615384623	-0.004807692307692419	0.004807692307692205	126042966
2024-09-04	-0.00956937799043063	-0.004784688995215209	0.0	-0.01435406698564584	-0.00956937799043063	142814821
2024-09-05	0.004830917874396247	0.0	0.00966183574879228	-0.004830917874396033	0.004830917874396247	158809874
2024-09-06	-0.009615384615384623	0.0	0.004807692307692205	-0.009615384615384623	-0.009615384615384623	108371796
2024-09-09	-0.009708737864077678	0.0	0.004854368932038731	-0.014563106796116625	-0.009708737864077678	149125145
2024-09-10	0.004901960784313621	0.0	0.00980392156862746	-0.004901960784313838	0.004901960784313621	121893160
2024-09-11	-0.009756097560975618	0.0	0.0	-0.01463414634146332	-0.009756097560975618	113512690
2024-09-12	0.0	0.004926108374384351	0.009852216748768483	0.0	0.0	97669174
2024-09-13	0.0	0.0	0.009852216748768483	0.0	0.0	72401274
2024-09-18	0.004926108374384351	0.0	0.004926108374384351	-0.009852216748768483	0.004926108374384351	113393104
2024-09-19	0.004901960784313621	0.0	0.01470588235294108	-0.004901960784313838	0.004901960784313621	141766713
2024-09-20	0.0	0.004878048780487918	0.004878048780487918	-0.009756097560975618	0.0	116561280
2024-09-23	-0.004878048780487702	-0.004878048780487702	0.004878048780487918	-0.009756097560975618	-0.004878048780487702	87437596
2024-09-24	0.02450980392156854	0.004901960784313621	0.029411764705882377	0.0	0.02450980392156854	234991114
2024-09-25	0.023923444976076683	0.00956937799043063	0.04784688995215316	0.00956937799043063	0.023923444976076683	345343619
2024-09-26	0.032710280373831696	-0.00467289719626179	0.032710280373831696	-0.00467289719626179	0.032710280373831696	329961224
2024-09-27	0.013574660633484276	0.013574660633484276	0.02714932126696835	0.0	0.013574660633484276	286811399
2024-09-30	0.07589285714285711	0.026785714285714107	0.08482142857142853	0.017857142857142672	0.07589285714285711	843822060
2024-10-08	0.016597510373443997	0.09543568464730288	0.0995850622406638	-0.008298755186721999	0.016597510373443997	1031381795
2024-10-09	-0.08163265306122455	-0.012244897959183773	-0.012244897959183773	-0.08979591836734702	-0.08163265306122455	714678109
2024-10-10	0.08888888888888896	0.008888888888888898	0.10222222222222221	0.0	0.08888888888888896	1377555669
2024-10-11	-0.05714285714285719	-0.028571428571428685	-0.024489795918367366	-0.06530612244897964	-0.05714285714285719	792179645
2024-10-14	0.01731601731601733	0.008658008658008665	0.030303030303030234	-0.004329004329004429	0.01731601731601733	479472299
2024-10-15	-0.004255319148936268	0.008510638297872348	0.03404255319148939	-0.008510638297872348	-0.004255319148936268	586928975
2024-10-16	0.008547008547008555	-0.012820512820512739	0.01709401709401711	-0.01709401709401711	0.008547008547008555	401179130
2024-10-17	-0.021186440677966028	0.0	0.00847457627118645	-0.025423728813559344	-0.021186440677966028	388577007
2024-10-18	0.012987012987012903	0.0	0.030303030303030234	-0.012987012987013094	0.012987012987012903	454019466
2024-10-21	0.004273504273504373	0.008547008547008555	0.012820512820512928	-0.004273504273504183	0.004273504273504373	374271787
2024-10-22	0.0	0.0	0.0	-0.008510638297872348	0.0	225230455
2024-10-23	0.004255319148936079	0.0	0.021276595744680774	-0.004255319148936268	0.004255319148936079	409479301
2024-10-24	-0.00847457627118645	0.0	0.0	-0.0169491525423729	-0.00847457627118645	228830528
2024-10-25	0.0	-0.004273504273504183	0.004273504273504373	-0.004273504273504183	0.0	243305248
2024-10-28	0.012820512820512928	0.0	0.012820512820512928	-0.004273504273504183	0.012820512820512928	350720992
2024-10-29	-0.016877637130801704	0.0	0.004219409282700331	-0.02109704641350222	-0.016877637130801704	317611581
2024-10-30	0.0	-0.004291845493562331	0.00858369098712447	-0.012875536480686801	0.0	277611287
2024-10-31	0.00429184549356214	0.0	0.01287553648068661	-0.004291845493562331	0.00429184549356214	366695597
2024-11-01	0.01709401709401711	0.004273504273504373	0.05128205128205133	0.0	0.01709401709401711	796880732
2024-11-04	0.012605042016806827	0.0042016806722690045	0.016806722689075647	-0.004201680672268818	0.012605042016806827	446586930
2024-11-05	0.0373443983402489	0.004149377593360907	0.04149377593360981	0.0	0.0373443983402489	639921188
2024-11-06	0.0	0.0	0.003999999999999915	-0.019999999999999928	0.0	547823684
2024-11-07	0.03200000000000003	-0.008000000000000007	0.03200000000000003	-0.011999999999999922	0.03200000000000003	637346984
2024-11-08	-0.027131782945736545	0.007751937984496131	0.015503875968992262	-0.031007751937984523	-0.027131782945736545	602987711
2024-11-11	-0.01593625498007952	-0.003984063745019836	0.003984063745020013	-0.02390438247011937	-0.01593625498007952	377623844
2024-11-12	-0.00404858299595151	0.0	0.020242914979757012	-0.01214574898785435	-0.00404858299595151	492273018
2024-11-13	0.004065040650406598	-0.008130081300813016	0.016260162601626032	-0.008130081300813016	0.004065040650406598	364104377
2024-11-14	-0.016194331983805682	0.0	0.0	-0.020242914979757193	-0.016194331983805682	323223851
2024-11-15	-0.01234567901234578	-0.0041152263374486546	0.008230452674897125	-0.01234567901234578	-0.01234567901234578	317419304
2024-11-18	0.016666666666666684	0.012500000000000105	0.050000000000000044	0.008333333333333342	0.016666666666666684	713053781
2024-11-19	-0.016393442622950834	-0.0040983606557376175	0.0	-0.03278688524590167	-0.016393442622950834	448476322
2024-11-20	0.0	0.0	0.004166666666666763	-0.008333333333333342	0.0	268743256
2024-11-21	-0.004166666666666578	0.0	0.008333333333333342	-0.008333333333333342	-0.004166666666666578	211470422
2024-11-22	-0.02510460251046027	0.0	0.004184100418409952	-0.02510460251046027	-0.02510460251046027	321606059
2024-11-25	-0.004291845493562331	0.0	0.00429184549356214	-0.01716738197424894	-0.004291845493562331	309869081
2024-11-26	-0.004310344827586115	0.0	0.004310344827586307	-0.008620689655172422	-0.004310344827586115	189941444
2024-11-27	0.008658008658008665	-0.004329004329004429	0.012987012987012903	-0.012987012987013094	0.008658008658008665	272352521
2024-11-28	0.0	0.0	0.00858369098712447	-0.00858369098712447	0.0	268710830
2024-11-29	0.00429184549356214	-0.004291845493562331	0.00858369098712447	-0.004291845493562331	0.00429184549356214	240873652
2024-12-02	0.012820512820512928	0.0	0.01709401709401711	-0.004273504273504183	0.012820512820512928	321175312
2024-12-03	0.004219409282700331	0.0	0.008438818565400852	-0.008438818565400852	0.004219409282700331	240426892
2024-12-04	-0.012605042016806641	-0.004201680672268818	0.0	-0.016806722689075647	-0.012605042016806641	221911708
2024-12-05	0.0	-0.004255319148936268	0.004255319148936079	-0.008510638297872348	0.0	181651382
2024-12-06	0.021276595744680774	0.0	0.025531914893617044	-0.004255319148936268	0.021276595744680774	457036597
2024-12-09	0.0	0.004166666666666763	0.016666666666666684	-0.008333333333333342	0.0	364585932
2024-12-10	-0.004166666666666578	0.020833333333333447	0.025000000000000022	-0.004166666666666578	-0.004166666666666578	359976310
2024-12-11	0.004184100418409952	0.0	0.012552301255230044	-0.004184100418410139	0.004184100418409952	268691779
2024-12-12	0.004166666666666763	0.004166666666666763	0.008333333333333342	-0.004166666666666578	0.004166666666666763	315722303
2024-12-13	-0.02074688796680509	-0.004149377593361091	0.0	-0.024896265560165994	-0.02074688796680509	341159969
2024-12-16	0.0	-0.00423728813559313	0.004237288135593318	-0.00847457627118645	0.0	203044238
2024-12-17	-0.021186440677966028	0.0	0.0	-0.021186440677966028	-0.021186440677966028	285935830
2024-12-18	0.008658008658008665	0.012987012987012903	0.030303030303030234	0.004329004329004236	0.008658008658008665	295313063
2024-12-19	0.00429184549356214	-0.00858369098712447	0.00858369098712447	-0.012875536480686801	0.00429184549356214	251754441
2024-12-20	-0.008547008547008555	0.0	0.004273504273504373	-0.012820512820512739	-0.008547008547008555	206165209
2024-12-23	0.0	0.0	0.008620689655172422	-0.004310344827586115	0.0	254861543
2024-12-24	0.017241379310344845	0.0	0.017241379310344845	0.0	0.017241379310344845	285285289
2024-12-25	-0.00847457627118645	0.004237288135593318	0.004237288135593318	-0.012711864406779579	-0.00847457627118645	239628891
2024-12-26	-0.008547008547008555	0.0	0.0	-0.012820512820512739	-0.008547008547008555	182452507
2024-12-27	0.004310344827586307	0.004310344827586307	0.008620689655172422	-0.004310344827586115	0.004310344827586307	216457744
2024-12-30	0.0	0.0	0.00429184549356214	-0.004291845493562331	0.0	149757976
2024-12-31	-0.01716738197424894	-0.004291845493562331	0.00429184549356214	-0.01716738197424894	-0.01716738197424894	270855897
