2023-02-03	0.10022953328232598	0.10022953328232598	0.10022953328232598	0.10022953328232598	0.10022953328232598	2443898
2023-02-06	0.10013908205841443	0.10013908205841443	0.10013908205841443	0.10013908205841443	0.10013908205841443	5772816
2023-02-07	0.09987357774968383	0.09987357774968383	0.09987357774968383	0.09987357774968383	0.09987357774968383	6248128
2023-02-08	0.10000000000000012	0.10000000000000012	0.10000000000000012	0.10000000000000012	0.10000000000000012	14406232
2023-02-09	0.09926854754440953	0.09979101358411703	0.09979101358411703	0.04336468129571569	0.09926854754440953	254884399
2023-02-10	-0.09933460076045628	-0.04087452471482887	-0.035171102661596884	-0.09980988593155884	-0.09933460076045628	152333020
2023-02-13	-0.002638522427440671	-0.013192612137203167	0.010554089709762496	-0.014248021108179397	-0.002638522427440671	73493115
2023-02-14	-0.012169312169312005	-0.0026455026455024953	0.0021164021164022592	-0.023809523809523774	-0.012169312169312005	70934513
2023-02-15	0.006963042313872469	-0.0037493304767006043	0.015532940546330965	-0.014461703267273867	0.006963042313872469	62919602
2023-02-16	-0.0058510638297872035	-0.006914893617021223	0.0457446808510638	-0.015957446808510675	-0.0058510638297872035	105352453
2023-02-17	-0.07383627608346723	-0.016051364365971144	-0.011771000535045607	-0.07383627608346723	-0.07383627608346723	93857613
2023-02-20	0.03292894280762567	0.015597920277296336	0.04737146158290008	-0.001155401502021928	0.03292894280762567	76146530
2023-02-21	0.0011185682326621685	-0.006152125279642027	0.009507829977628732	-0.023489932885905937	0.0011185682326621685	55737944
2023-02-22	-0.013966480446927375	-0.005586592178770831	0.013407821229050392	-0.013966480446927375	-0.013966480446927375	36401603
2023-02-23	0.005099150141643052	0.0	0.030028328611898084	-0.0005665722379602273	0.005099150141643052	49002677
2023-02-24	0.013528748590755469	0.0005636978579482279	0.040022547914317974	-0.004509582863585023	0.013528748590755469	71701026
2023-02-27	-0.012791991101223605	-0.026140155728587255	-0.01056729699666303	-0.036707452725250285	-0.012791991101223605	45294816
2023-02-28	0.0028169014084507443	-0.0016901408450704866	0.003380281690140773	-0.019154929577464782	0.0028169014084507443	37529759
2023-03-01	0.028651685393258314	-0.005617977528089967	0.03764044943820214	-0.011235955056179735	0.028651685393258314	64353982
2023-03-02	-0.030038230475150036	-0.010376843255051761	0.0016384489350082544	-0.030584380120152854	-0.030038230475150036	49751389
2023-03-03	0.01126126126126122	0.0	0.01632882882882878	-0.018581081081081183	0.01126126126126122	54365636
2023-03-06	-0.016703786191536788	-0.010022271714922032	-0.003340757238307476	-0.0300668151447661	-0.016703786191536788	43826080
2023-03-07	-0.04077010192525475	-0.005662514156285471	0.008493771234428005	-0.0419026047565118	-0.04077010192525475	42619661
2023-03-08	-0.008264462809917389	-0.012396694214876082	-0.0011806375442738827	-0.02420306965761512	-0.008264462809917389	32688901
2023-03-09	-0.02023809523809523	-0.0017857142857143533	0.0029761904761905185	-0.020833333333333415	-0.02023809523809523	29138305
2023-03-10	0.0018226002430132189	-0.0024301336573511025	0.023693803159173788	-0.004252733900364537	0.0018226002430132189	31600108
2023-03-13	0.0012128562765314208	-0.004244996967859111	0.006064281382656242	-0.013341419041843473	0.0012128562765314208	24408708
2023-03-14	-0.028467595396729398	-0.0036341611144762123	-0.001211387038158881	-0.03876438522107827	-0.028467595396729398	27418675
2023-03-15	0.0	0.009975062344139661	0.026807980049875297	-0.0012468827930174299	0.0	24591699
2023-03-16	-0.02618453865336658	-0.01371571072319195	0.0031172069825436853	-0.02743142144638401	-0.02618453865336658	23357554
2023-03-17	0.014084507042253563	0.011523687580025704	0.02752880921895016	0.010243277848911662	0.014084507042253563	27559117
2023-03-20	-0.018939393939393985	-0.0018939393939393537	0.007575757575757638	-0.022095959595959575	-0.018939393939393985	23426014
2023-03-21	0.0064350064350065265	0.001287001287001374	0.01158301158301168	-0.0019305019305018896	0.0064350064350065265	18257108
2023-03-22	0.027493606138107397	0.007033248081841395	0.039002557544757	0.005115089514066501	0.027493606138107397	38778464
2023-03-23	0.011200995644057231	-0.010578718108276286	0.012445550715619121	-0.013690105787181122	0.011200995644057231	35600546
2023-03-24	-0.012307692307692264	0.0055384615384615294	0.009846153846153855	-0.014769230769230673	-0.012307692307692264	33660845
2023-03-27	-0.004984423676012466	-0.0018691588785047437	0.009345794392523275	-0.024299065420560782	-0.004984423676012466	33693926
2023-03-28	-0.026925485284909297	0.0	0.002504696305573007	-0.027551659361302522	-0.026925485284909297	21504149
2023-03-29	-0.021235521235521127	0.003861003861003893	0.0064350064350065265	-0.028957528957528914	-0.021235521235521127	25907321
2023-03-30	0.0236686390532544	0.005259697567389763	0.04667981591058508	-0.008547008547008598	0.0236686390532544	38584908
2023-03-31	-0.014129736673089316	-0.0077071290944123955	-0.0012845215157353612	-0.019267822736030872	-0.014129736673089316	24118106
2023-04-03	0.061237785016286614	-0.003257328990227944	0.09576547231270363	-0.003257328990227944	0.061237785016286614	78016167
2023-04-04	0.012277470841006709	-0.006752608962553679	0.013505217925107577	-0.013505217925107359	0.012277470841006709	50817965
2023-04-06	0.008489993935718653	-0.004851425106124821	0.01273499090357798	-0.022437841115827622	0.008489993935718653	47065191
2023-04-07	0.029464822609741554	-0.0018039687312085139	0.0823812387251955	-0.013229104028863433	0.029464822609741554	78407678
2023-04-10	-0.01810747663551415	0.016939252336448548	0.03621495327102789	-0.02453271028037393	-0.01810747663551415	61499778
2023-04-11	0.0035693039857229198	0.011302795954788893	0.03688280785246883	-0.0065437239738250705	0.0035693039857229198	48954326
2023-04-12	-0.002963841138115039	-0.010077059869591091	0.015411973918197866	-0.02074688796680506	-0.002963841138115039	38544617
2023-04-13	-0.034482758620689766	-0.006539833531510073	0.000594530321046255	-0.041617122473246095	-0.034482758620689766	37670408
2023-04-14	0.02894088669950754	0.006773399014778509	0.039408866995073934	0.004926108374384351	0.02894088669950754	42261147
2023-04-17	0.020347097546379405	-0.0029922202274087796	0.05146618791143025	-0.005385996409335719	0.020347097546379405	63199583
2023-04-18	-0.03284457478005878	-0.009970674486803619	0.009384164222873909	-0.03929618768328456	-0.03284457478005878	45326124
2023-04-19	-0.04730139478471787	-0.010309278350515353	-0.005457853244390532	-0.05033353547604599	-0.04730139478471787	41095841
2023-04-20	0.005092297899427008	-0.006365372374283986	0.010184595798854128	-0.01273074474856786	0.005092297899427008	23494467
2023-04-21	-0.07029765674477514	-0.005699810006333113	-0.005699810006333113	-0.07663077897403414	-0.07029765674477514	41725208
2023-04-24	-0.006130790190735686	-0.012942779291553099	0.0027247956403270383	-0.024523160762942742	-0.006130790190735686	20309474
2023-04-25	-0.01370801919122682	0.0006854009595613288	0.005483207676490752	-0.04318026045236457	-0.01370801919122682	24748694
2023-04-26	-0.0006949270326615557	-0.005559416261292569	0.009728978457261903	-0.01250868658790825	-0.0006949270326615557	16631678
2023-04-27	0.0013908205841446156	-0.0048678720445062785	0.009040333796940124	-0.008344923504867941	0.0013908205841446156	18475359
2023-04-28	0.0152777777777777	0.01458333333333327	0.02916666666666666	0.00555555555555556	0.0152777777777777	23631066
2023-05-04	0.002735978112175166	-0.008891928864569016	0.012995896032831826	-0.014363885088919226	0.002735978112175166	16970462
2023-05-05	0.002728512960436504	0.000682128240109126	0.03274215552523877	-0.001364256480218252	0.002728512960436504	27879034
2023-05-08	0.04761904761904769	-0.0020408163265305686	0.09931972789115652	-0.02448979591836731	0.04761904761904769	53982051
2023-05-09	0.05259740259740263	0.0032467532467531776	0.10000000000000006	-0.005194805194805199	0.05259740259740263	112729342
2023-05-10	-0.05552128315854413	-0.01295496607032701	-0.006785934608266467	-0.06847624922887113	-0.05552128315854413	68535814
2023-05-11	0.03723056825604182	0.0039190071848464215	0.077726975832789	0.0032658393207053516	0.03723056825604182	63578761
2023-05-12	-0.02267002518891695	-0.017632241813602085	0.002518891687657377	-0.026448362720403018	-0.02267002518891695	33017578
2023-05-15	0.010309278350515474	0.0006443298969072028	0.020618556701030948	-0.04123711340206178	0.010309278350515474	39643500
2023-05-16	-0.021683673469387748	-0.005102040816326535	0.010841836734693874	-0.023596938775510154	-0.021683673469387748	22497537
2023-05-17	-0.011082138200782264	-0.0045632333767927176	0.005215123859191661	-0.014341590612777096	-0.011082138200782264	17113291
2023-05-18	-0.013843111404086953	0.00197758734344096	0.004614370468029023	-0.016479894528675015	-0.013843111404086953	22455521
2023-05-19	-0.025401069518716627	-0.00334224598930486	0.0013368983957218966	-0.025401069518716627	-0.025401069518716627	22168538
2023-05-22	0.004115226337448594	-0.001371742112482824	0.004801097393690006	-0.0068587105624142415	0.004115226337448594	11646945
2023-05-23	-0.008196721311475478	0.0	0.00683060109289615	-0.008196721311475478	-0.008196721311475478	14538888
2023-05-24	-0.000688705234159765	-0.003443526170798825	0.009641873278236955	-0.007575757575757537	-0.000688705234159765	12230941
2023-05-25	0.03032391454169535	-0.0006891798759476077	0.03376981392143351	-0.004824259131633376	0.03032391454169535	35391423
2023-05-26	-0.015384615384615295	-0.010033444816053417	-0.004013377926421319	-0.02675585284280927	-0.015384615384615295	23794579
2023-05-29	-0.023777173913043573	0.002038043478260826	0.002038043478260826	-0.027173913043478284	-0.023777173913043573	19850856
2023-05-30	0.017397355601948505	-0.004175365344467552	0.019485038274182406	-0.007654836464857303	0.017397355601948505	16171410
2023-05-31	-0.0034199726402188053	-0.006839945280437733	0.002735978112175166	-0.008891928864569016	-0.0034199726402188053	12093936
2023-06-01	0.0	-0.0027453671928621085	0.010981468771448191	-0.009608785175017197	0.0	14999541
2023-06-02	0.014413177762525674	0.006863417982155089	0.01990391214824977	0.0006863417982154967	0.014413177762525674	19354779
2023-06-05	-0.013531799729363959	-0.0033829499323409294	0.004059539918809235	-0.01488497970230033	-0.013531799729363959	16341227
2023-06-06	-0.03429355281207133	-0.008230452674897066	-0.0020576131687242358	-0.034979423868312744	-0.03429355281207133	20951316
2023-06-07	0.014204545454545404	-0.002130681818181773	0.03906250000000005	-0.002130681818181773	0.014204545454545404	17790958
2023-06-08	0.024509803921568728	-0.0028011204481792123	0.04901960784313733	-0.007703081232492958	0.024509803921568728	32648823
2023-06-09	-0.0034176349965824135	-0.0034176349965824135	0.003417634996582292	-0.01435406698564599	-0.0034176349965824135	18662799
2023-06-12	-0.01234567901234566	-0.005486968449931418	-0.004801097393690006	-0.01851851851851849	-0.01234567901234566	11905727
2023-06-13	0.03749999999999994	0.0	0.052777777777777764	-0.0020833333333334122	0.03749999999999994	41370117
2023-06-14	-0.008032128514056172	0.0	0.01539491298527446	-0.013386880856760328	-0.008032128514056172	30964078
2023-06-15	0.018893387314439902	0.00134952766531711	0.03171390013495269	-0.004723346828610006	0.018893387314439902	39108500
2023-06-16	-0.004635761589403992	-0.0019867549668873747	0.0026490066225166174	-0.01589403973509935	-0.004635761589403992	23212661
2023-06-19	-0.0113107119095143	-0.004657351962741085	-0.0033266799733864894	-0.013306719893546193	-0.0113107119095143	17022468
2023-06-20	-0.012113055181695809	-0.00403768506056519	0.00403768506056531	-0.012786002691790007	-0.012113055181695809	16460709
2023-06-21	-0.02656675749318805	-0.0027247956403269173	0.006811989100817414	-0.028610354223433238	-0.02656675749318805	18674980
2023-06-26	-0.013995801259622064	-0.012596221133659883	-0.004898530440867636	-0.016095171448565336	-0.013995801259622064	11093760
2023-06-27	0.007806955287437859	0.0028388928317956653	0.01135557132718241	0.0021291696238466542	0.007806955287437859	8949388
2023-06-28	-0.02253521126760553	-0.0035211267605633053	-0.0007042253521126611	-0.04154929577464788	-0.02253521126760553	13956950
2023-06-29	-0.005763688760806921	-0.012247838616714692	0.006484149855907771	-0.012247838616714692	-0.005763688760806921	8341321
2023-06-30	0.033333333333333263	0.005797101449275368	0.048550724637681154	0.005797101449275368	0.033333333333333263	22646815
2023-07-03	0.0028050490883591113	-0.009817671809256702	0.009116409537166956	-0.011220196353436195	0.0028050490883591113	14067197
2023-07-04	-0.004895104895104915	-0.001398601398601493	0.0027972027972027374	-0.010489510489510514	-0.004895104895104915	9555347
2023-07-05	-0.011946591707659868	0.0	0.00070274068868586	-0.013352073085031713	-0.011946591707659868	9411037
2023-07-06	-0.004978662873399735	-0.004267425320056934	0.0042674253200568075	-0.007823613086771068	-0.004978662873399735	7663419
2023-07-07	0.003573981415296564	-0.004288777698356004	0.014295925661186511	-0.004288777698356004	0.003573981415296564	9150102
2023-07-10	-0.0028490028490027884	0.0014245014245015208	0.007122507122507224	-0.00498575498575488	-0.0028490028490027884	7214400
2023-07-11	0.0071428571428571175	-0.002142857142857097	0.0071428571428571175	-0.0042857142857143215	0.0071428571428571175	6876202
2023-07-12	-0.010638297872340451	0.0	0.007801418439716398	-0.012056737588652477	-0.010638297872340451	10564802
2023-07-13	0.01792114695340502	0.006451612903225797	0.025089605734767127	0.0035842293906810548	0.01792114695340502	15431388
2023-07-14	-0.004225352112675967	-0.0007042253521126611	0.0014084507042254472	-0.008450704225352058	-0.004225352112675967	9583356
2023-07-17	-0.00919377652050925	-0.0014144271570015099	-0.0014144271570015099	-0.014851485148514912	-0.00919377652050925	7653159
2023-07-18	0.01713062098501072	0.0007137758743754309	0.03711634546752317	-0.0028551034975017237	0.01713062098501072	18308030
2023-07-19	0.016140350877193014	-0.008421052631578892	0.02315789473684211	-0.009824561403508812	0.016140350877193014	22594697
2023-07-20	-0.01381215469613267	0.0013812154696132301	0.00414364640883969	-0.018646408839778975	-0.01381215469613267	14937445
2023-07-21	0.0014005602240897304	-0.002100840336134409	0.006302521008403352	-0.004901960784313621	0.0014005602240897304	9494200
2023-07-24	0.0041958041958041065	-0.004895104895104915	0.01888111888111885	-0.01398601398601406	0.0041958041958041065	11851056
2023-07-25	0.08774373259052924	0.0793871866295265	0.10027855153203352	0.051532033426183864	0.08774373259052924	81583751
2023-07-26	-0.021766965428937253	-0.012163892445582556	0.001280409731114043	-0.032650448143405876	-0.021766965428937253	55231277
2023-07-27	-0.028141361256544484	-0.008507853403141297	-0.0019633507853402724	-0.032722513089005235	-0.028141361256544484	31716288
2023-07-28	0.10033670033670035	0.0026936026936027558	0.10033670033670035	0.000673400673400659	0.10033670033670035	88811609
2023-07-31	0.05140758873929008	0.07343941248470008	0.09975520195838428	0.05140758873929008	0.05140758873929008	193731095
2023-08-01	-0.014551804423748545	-0.01804423748544812	0.02910360884749709	-0.04190919674039574	-0.014551804423748545	120247029
2023-08-02	0.020673360897814616	0.0029533372711164035	0.05138806851742475	-0.0035440047253395583	0.020673360897814616	85725094
2023-08-03	0.05092592592592587	0.016203703703703564	0.07233796296296297	-0.022569444444444475	0.05092592592592587	112824362
2023-08-04	0.10022026431718063	0.03028634361233484	0.10022026431718063	0.0	0.10022026431718063	175566023
2023-08-07	0.05055055055055045	-0.040040040040040074	0.07507507507507508	-0.05305305305305299	0.05055055055055045	168901451
2023-08-08	-0.10004764173415903	-0.04716531681753209	-0.04716531681753209	-0.10004764173415903	-0.10004764173415903	107237314
2023-08-09	-0.028057173107464327	-0.028057173107464327	0.0148226574907359	-0.04711487559555323	-0.028057173107464327	81434900
2023-08-10	0.07788671023965141	0.01742919389978215	0.0969498910675382	0.01742919389978215	0.07788671023965141	118415607
2023-08-11	-0.08438605356240517	-0.03840323395654361	-0.03587670540677114	-0.08590197069226879	-0.08438605356240517	84668043
2023-08-14	0.023178807947019764	-0.03532008830022078	0.05849889624724054	-0.03918322295805744	0.023178807947019764	88830241
2023-08-15	0.04530744336569579	-0.016720604099244807	0.06310679611650495	-0.021574973031283636	0.04530744336569579	89758982
2023-08-16	0.09391124871001034	-0.033539731682146474	0.10010319917440667	-0.044375644994840015	0.09391124871001034	169291870
2023-08-17	0.05471698113207548	-0.01886792452830182	0.10000000000000005	-0.02358490566037736	0.05471698113207548	188649655
2023-08-18	-0.08765652951699468	-0.015652951699463232	0.008497316636851578	-0.10107334525939168	-0.08765652951699468	142645117
2023-08-21	-0.018627450980392108	-0.017156862745097937	0.002941176470588347	-0.03529411764705877	-0.018627450980392108	84647381
2023-08-22	0.08641358641358644	-0.014485514485514443	0.0999000999000999	-0.040459540459540394	0.08641358641358644	155830799
2023-08-23	-0.011954022988505819	-0.029425287356321866	0.033103448275862014	-0.03816091954022981	-0.011954022988505819	141644349
2023-08-24	-0.057701256398324734	0.00977198697068408	0.02326663564448581	-0.05956258724988356	-0.057701256398324734	118993433
2023-08-25	0.03456790123456786	-0.011851851851851775	0.07456790123456798	-0.011851851851851775	0.03456790123456786	94810590
2023-08-28	0.022434367541766226	0.10023866348448694	0.10023866348448694	0.019093078758949982	0.022434367541766226	145885788
2023-08-29	0.03174603174603173	0.009803921568627324	0.045751633986927956	-0.027544351073762994	0.03174603174603173	117750540
2023-08-30	-0.07466063348416299	-0.02262443438914027	-0.02262443438914027	-0.08687782805429871	-0.07466063348416299	95422286
2023-08-31	-0.05476772616136925	-0.012224938875305624	0.006356968215158876	-0.05476772616136925	-0.05476772616136925	72571200
2023-09-01	-0.04759441282979815	0.008794619762028024	0.012933264355923436	-0.05069839627521971	-0.04759441282979815	77766118
2023-09-04	-0.0070613796849537756	-0.0005431830526888411	0.0070613796849537756	-0.01738185768604021	-0.0070613796849537756	46721045
2023-09-05	0.007111597374179377	-0.008205689277899459	0.017505470459518613	-0.013129102844639058	0.007111597374179377	50425812
2023-09-06	-0.013036393264530061	-0.011406844106463924	0.002715915263443819	-0.019554589896795187	-0.013036393264530061	38620922
2023-09-07	0.029719317556411617	-0.0033021463951569767	0.05228398458998344	-0.0033021463951569767	0.029719317556411617	78086291
2023-09-08	-0.0203099946552647	-0.012827365045430358	-0.0005344735435596773	-0.03260288615713519	-0.0203099946552647	48073860
2023-09-11	-0.006001091107474056	-0.002727768685215339	-0.0016366612111291647	-0.07146753955264587	-0.006001091107474056	60469733
2023-09-12	-0.018660812294182212	-0.009330406147091007	0.004390779363337094	-0.019758507135016437	-0.018660812294182212	32849682
2023-09-13	-0.02237136465324377	-0.0016778523489931535	0.003914988814317689	-0.028523489932885795	-0.02237136465324377	27624072
2023-09-14	-0.013157894736842129	-0.002288329519450752	0.00629290617848967	-0.017734553775743633	-0.013157894736842129	21662265
2023-09-15	0.0005797101449276269	0.00869565217391296	0.018550724637681176	-0.005797101449275445	0.0005797101449276269	27736782
2023-09-18	-0.013325608342989594	-0.009269988412514491	0.0017381228273463257	-0.016222479721900412	-0.013325608342989594	21348829
2023-09-19	-0.0035231943628891526	-0.0017615971814445763	0.015267175572518965	-0.005871990604815115	-0.0035231943628891526	25060806
2023-09-20	0.0005892751915145294	-0.002357100766057699	0.01649970536240431	-0.003535651149086548	0.0005892751915145294	23232636
2023-09-21	-0.006478209658421639	-0.005300353356890451	0.012956419316843278	-0.009422850412249714	-0.006478209658421639	19606316
2023-09-22	0.06283343212803785	0.007705986959098933	0.07765263781861284	0.0	0.06283343212803785	74492612
2023-09-25	-0.03234802007808133	-0.02509760178471831	-0.014500836586726046	-0.03513664249860563	-0.03234802007808133	39710397
2023-09-26	0.008645533141210292	0.0017291066282419355	0.02997118155619594	-0.002305475504322922	0.008645533141210292	33070647
2023-09-27	-0.013142857142857168	0.0011428571428571184	0.008000000000000033	-0.016000000000000066	-0.013142857142857168	28845928
2023-09-28	-0.005211349160393738	0.010422698320787476	0.019687319050376368	-0.011580775911986063	-0.005211349160393738	26845229
2023-10-09	-0.036670547147846275	-0.016880093131548264	-0.013969732246798513	-0.0430733410942956	-0.036670547147846275	31349167
2023-10-10	-0.0030211480362538194	0.004833836858005939	0.010876132930513578	-0.007854984894259759	-0.0030211480362538194	18536487
2023-10-11	-0.0060606060606061465	0.0006060606060607008	0.0060606060606061465	-0.010909090909090893	-0.0060606060606061465	18297884
2023-10-12	0.005487804878048772	0.028048780487804934	0.0353658536585367	-0.009146341463414549	0.005487804878048772	29011164
2023-10-13	-0.018799272286234004	-0.02607640994542145	-0.009702850212249857	-0.03214069132807748	-0.018799272286234004	22150187
2023-10-16	0.005562422744128545	-0.0061804697156984814	0.027194066749073008	-0.0074165636588381335	0.005562422744128545	24383238
2023-10-17	0.027043638598647897	0.0	0.04978488014751068	-0.00799016594960043	0.027043638598647897	54763738
2023-10-18	0.011968880909634907	-0.015559545182525527	0.03411131059245962	-0.018551765409934307	0.011968880909634907	51273371
2023-10-19	0.00709639266706097	-0.0035481963335303795	0.04376108811354219	-0.006505026611472468	0.00709639266706097	56847316
2023-10-20	0.010569583088667041	-0.004697592483852134	0.021139166177334082	-0.00939518496770406	0.010569583088667041	46122652
2023-10-23	-0.026147588611272473	-0.011621150493898854	-0.010459035444508989	-0.052295177222545154	-0.026147588611272473	37133800
2023-10-24	0.048329355608591806	0.00596658711217171	0.06622911694510736	0.002983293556085749	0.048329355608591806	67244552
2023-10-25	-0.02959590210586224	0.005691519635742824	0.0073989755264655096	-0.032441661923733656	-0.02959590210586224	52844500
2023-10-26	-0.004105571847507348	-0.008797653958944406	0.006451612903225773	-0.01583577712609968	-0.004105571847507348	31234274
2023-10-27	-0.008244994110718525	-0.010011778563015413	-0.005300353356890451	-0.027090694935217954	-0.008244994110718525	26559164
2023-10-30	0.02494061757719725	-0.004750593824227927	0.032660332541567735	-0.008313539192399085	0.02494061757719725	34103499
2023-10-31	-0.008690614136732451	-0.004055619930475103	0.0075318655851679605	-0.016222479721900412	-0.008690614136732451	23631158
2023-11-01	0.005260081823495024	0.009351256575102287	0.015780245470485073	-0.0064289888953827845	0.005260081823495024	21141536
2023-11-02	-0.03023255813953486	-0.008720930232558058	0.001744186046511694	-0.03139534883720926	-0.03023255813953486	24131730
2023-11-03	-0.0005995203836929263	-0.0005995203836929263	0.017386091127098272	-0.013189448441246934	-0.0005995203836929263	23697968
2023-11-06	0.053989202159568	0.026994601079784	0.06298740251949593	0.01859628074385115	0.053989202159568	62858084
2023-11-07	0.0529311326124075	-0.006829823562891349	0.099601593625498	-0.012521343198633971	0.0529311326124075	87359764
2023-11-08	0.0016216216216216831	-0.0037837837837837993	0.022702702702702793	-0.009189189189189281	0.0016216216216216831	58203032
2023-11-09	0.018348623853211	-0.007015650296816112	0.04209390178089571	-0.007555315704263387	0.018348623853211	58000927
2023-11-10	-0.007419183889772155	-0.019607843137254954	0.006889242183359777	-0.022787493375728652	-0.007419183889772155	45256972
2023-11-13	-0.031500266951414835	-0.01227976508275496	-0.009610250934329937	-0.0400427122263748	-0.031500266951414835	35451138
2023-11-14	0.03914002205071669	-0.004961411245865482	0.07001102535832412	-0.010474090407938327	0.03914002205071669	60817891
2023-11-15	0.05729442970822272	0.016445623342174996	0.10026525198938975	0.01432360742705568	0.05729442970822272	106354862
2023-11-16	-0.007024586051179156	-0.007024586051179156	0.033115905669844466	-0.016056196688409446	-0.007024586051179156	73881489
2023-11-17	-0.004547751389590696	-0.009600808489135812	0.011116725618999618	-0.019201616978271805	-0.004547751389590696	44665258
2023-11-20	0.012690355329949238	-0.009644670050761306	0.02081218274111676	-0.03248730964467008	0.012690355329949238	53367377
2023-11-21	-0.020551378446115296	0.00751879699248131	0.026566416040100307	-0.023558897243107713	-0.020551378446115296	51224629
2023-11-22	-0.030706243602865807	-0.012282497441146288	0.007676560900716589	-0.03275332650972367	-0.030706243602865807	42127831
2023-11-23	-0.0021119324181627613	0.004751847940865884	0.007919746568109745	-0.016367476240760414	-0.0021119324181627613	25965590
2023-11-24	-0.01111111111111097	-0.0026455026455024953	-0.0005291005291004239	-0.02116402116402109	-0.01111111111111097	23604589
2023-11-27	-0.004280363830925727	0.0	0.009630818619582648	-0.0187265917602997	-0.004280363830925727	23879003
2023-11-28	0.015045674368619083	-0.0005373455131648582	0.030628694250403026	-0.0005373455131648582	0.015045674368619083	32363354
2023-11-29	-0.025410269984118602	-0.010058231868713673	-0.005293806246691446	-0.025410269984118602	-0.025410269984118602	24425687
2023-11-30	0.06192286800651823	0.0	0.07441607821835965	0.0	0.06192286800651823	64219376
2023-12-01	0.0025575447570332843	-0.010230179028132955	0.01227621483375951	-0.013299232736572969	0.0025575447570332843	44669847
2023-12-04	-0.005102040816326603	-0.006122448979591887	0.00459183673469387	-0.021428571428571516	-0.005102040816326603	28932767
2023-12-05	0.03384615384615385	-0.005128205128205201	0.08666666666666674	-0.015384615384615422	0.03384615384615385	77167139
2023-12-06	-0.020337301587301595	-0.005456349206349178	0.027777777777777714	-0.021329365079365066	-0.020337301587301595	55443713
2023-12-07	0.03443037974683543	-0.002531645569620289	0.0577215189873418	-0.012658227848101266	0.03443037974683543	69047036
2023-12-08	-0.006363191385217768	-0.011747430249632816	0.03671071953010279	-0.012726382770435536	-0.006363191385217768	69286750
2023-12-11	0.06354679802955661	0.0	0.09802955665024622	-0.029556650246305487	0.06354679802955661	79130219
2023-12-12	-0.022695692450208357	-0.014821676702176947	0.003705419175544319	-0.03149606299212597	-0.022695692450208357	48245738
2023-12-13	0.0	-0.004739336492891062	0.017061611374407554	-0.011374407582938482	0.0	36358974
2023-12-14	-0.024644549763033322	0.004739336492890894	0.007109004739336425	-0.0255924170616115	-0.024644549763033322	33440948
2023-12-15	0.01846452866861043	-0.0014577259475217486	0.04324586977648205	-0.011175898931000822	0.01846452866861043	40552503
2023-12-18	0.011450381679389238	0.0014312977099235488	0.023377862595419772	-0.007633587786259549	0.011450381679389238	28549595
2023-12-19	-0.08773584905660375	-0.008018867924528215	0.00943396226415091	-0.10000000000000005	-0.08773584905660375	68453792
2023-12-20	-0.03774560496380561	-0.0062047569803516545	0.003619441571871783	-0.04550155118924504	-0.03774560496380561	47476144
2023-12-21	-0.026329930145083204	0.0	0.009672219236969357	-0.03815153143471257	-0.026329930145083204	40605776
2023-12-22	-0.012141280353201016	-0.005518763796909571	0.0016556291390727143	-0.020419426048565174	-0.012141280353201016	23740865
2023-12-25	-0.03631284916201109	-0.021229050279329555	-0.010055865921787694	-0.03854748603351943	-0.03631284916201109	25055622
2023-12-26	0.013333333333333358	-0.0005797101449276269	0.03130434782608691	-0.0017391304347826747	0.013333333333333358	30014526
2023-12-27	0.026315789473684258	-0.004576659038901708	0.052631578947368314	-0.005720823798627084	0.026315789473684258	41577606
2023-12-28	0.01783723522853959	-0.015050167224080242	0.031215161649944183	-0.01783723522853959	0.01783723522853959	40508424
2023-12-29	-0.014786418400876402	-0.012048192771084468	-0.003833515881708668	-0.022453450164293544	-0.014786418400876402	29371730
2024-01-02	-0.02001111728738185	-0.006114508060033321	-0.0011117287381878585	-0.023346303501945425	-0.02001111728738185	18596164
2024-01-03	-0.002268859897901256	-0.006806579693703769	0.008508224617130014	-0.01077708451503107	-0.002268859897901256	15559163
2024-01-04	-0.01137009664582145	-0.005116543490619662	0.0028425241614554128	-0.026151222285389474	-0.01137009664582145	16563425
2024-01-05	-0.02185163887291541	-0.004600345025877047	0.010925819436457603	-0.02472685451408854	-0.02185163887291541	22639581
2024-01-08	-0.011169900058789022	-0.005291005291005282	0.0011757789535567062	-0.012933568489124185	-0.011169900058789022	13500485
2024-01-09	-0.021997621878715873	-0.0011890606420927215	0.009512485136741982	-0.03151010701545785	-0.021997621878715873	21836337
2024-01-10	-0.010942249240121564	-0.005471124620060782	0.0036474164133739988	-0.017021276595744535	-0.010942249240121564	13780554
2024-01-11	0.02950215119852492	-0.002458512599877022	0.031346035648432795	-0.004917025199754044	0.02950215119852492	21126634
2024-01-12	-0.010149253731343386	-0.011343283582089629	0.01432835820895513	-0.012537313432835873	-0.010149253731343386	16459581
2024-01-15	-0.004221954161640334	-0.007840772014475212	0.010253317249698536	-0.018094089264173534	-0.004221954161640334	13224897
2024-01-16	0.01998788612961831	-0.006056935190793544	0.027256208358570518	-0.0066626287098729845	0.01998788612961831	26520226
2024-01-17	-0.03206650831353914	-0.010688836104513048	-0.010688836104513048	-0.03206650831353914	-0.03206650831353914	17163256
2024-01-18	0.06503067484662568	0.0030674846625767306	0.07300613496932501	-0.0024539877300612974	0.06503067484662568	49763313
2024-01-19	-0.016705069124423915	-0.019009216589861655	-0.007488479262672754	-0.028225806451612816	-0.016705069124423915	27641126
2024-01-22	0.013473930872876416	-0.00820152314001175	0.05330990041007617	-0.009373169302870542	0.013473930872876416	51407621
2024-01-23	0.04393063583815017	-0.00809248554913298	0.06069364161849715	-0.009248554913294805	0.04393063583815017	58397419
2024-01-24	0.048172757475083115	-0.008859357696567007	0.09689922480620156	-0.03654485049833888	0.048172757475083115	80725208
2024-01-25	-0.029582673005810814	-0.022715266772319057	-0.0021130480718435894	-0.039091389329107155	-0.029582673005810814	61417868
2024-01-26	-0.03429504627109431	-0.01741970604246055	-0.004899292324442017	-0.048448557430593384	-0.03429504627109431	50271719
2024-01-29	-0.09977452085682063	0.0067643742953777345	0.01803833145434049	-0.09977452085682063	-0.09977452085682063	50849926
2024-01-30	-0.05760801502817783	-0.06011271133375083	-0.004383218534752679	-0.06261740763932373	-0.05760801502817783	51133479
2024-01-31	0.011295681063122918	-0.0033222591362126715	0.05315614617940192	-0.007973421926910364	0.011295681063122918	40016271
2024-02-01	0.00788436268068326	-0.0032851511169514265	0.04270696452036784	-0.007884362680683377	0.00788436268068326	37396378
2024-02-02	-0.06779661016949147	-0.003911342894393774	0.0	-0.09582790091264672	-0.06779661016949147	53350336
2024-02-05	-0.060839160839160904	-0.014685314685314744	-0.010489510489510514	-0.0664335664335665	-0.060839160839160904	38275177
2024-02-06	0.049888309754281455	-0.016381236038719202	0.06254653760238271	-0.02084884586746086	0.049888309754281455	38870386
2024-02-07	-0.017021276595744695	-0.012765957446808491	0.011347517730496465	-0.034751773049645406	-0.017021276595744695	37422404
2024-02-08	0.039682539682539736	0.010101010101010142	0.04112554112554115	0.007936507936508025	0.039682539682539736	38156716
2024-02-19	0.0	-0.005551700208188763	0.0	-0.05690492713393479	0.0	32929940
2024-02-20	0.05135322692574602	-0.006939625260235923	0.06800832755031232	-0.01596113809854271	0.05135322692574602	55694724
2024-02-21	0.00330033003300323	-0.026402640264026424	0.046864686468646805	-0.03036303630363042	0.00330033003300323	60298605
2024-02-22	0.02302631578947378	-0.01315789473684206	0.03092105263157899	-0.017105263157894724	0.02302631578947378	44502846
2024-02-23	0.0070739549839227926	0.001286173633440487	0.02250803858520898	-0.007073954983922907	0.0070739549839227926	43215329
2024-02-26	-0.0038314176245211047	-0.008301404853129041	0.014687100893997473	-0.012771392081736863	-0.0038314176245211047	33645773
2024-02-27	0.03974358974358969	-0.0012820512820512547	0.03974358974358969	-0.0012820512820512547	0.03974358974358969	39062147
2024-02-28	0.006781750924784183	0.019112207151664753	0.09926017262638714	0.0	0.006781750924784183	86647522
2024-02-29	0.031230863441518777	-0.018371096142069637	0.031230863441518777	-0.018371096142069637	0.031230863441518777	56441005
2024-03-01	0.0005938242280285964	-0.005344418052256524	0.011282660332541643	-0.01781472684085515	0.0005938242280285964	42288414
2024-03-04	-0.014243323442136616	-0.008902077151335437	-0.002373887240356243	-0.034421364985163315	-0.014243323442136616	30470871
2024-03-05	-0.017459361830222706	-0.007826610475617038	0.006622516556291357	-0.024081878386514065	-0.017459361830222706	27463952
2024-03-06	0.011642156862745176	0.0	0.022058823529411728	-0.01041666666666677	0.011642156862745176	29217031
2024-03-07	-0.03149606299212606	-0.010902483343428422	-0.0036341611144762123	-0.0357359176256815	-0.03149606299212606	31942364
2024-03-08	0.000625390869293295	0.0	0.005628517823639655	-0.011257035647279532	0.000625390869293295	16124607
2024-03-11	0.01937499999999992	0.004375000000000018	0.02124999999999999	0.001875000000000071	0.01937499999999992	20960459
2024-03-12	0.0	0.014101778050275932	0.0177805027590437	-0.007357449417535098	0.0	26897164
2024-03-13	-0.011649294911097348	-0.0006131207847944826	0.0	-0.015941140404659597	-0.011649294911097348	20144308
2024-03-14	-0.006823821339950337	-0.004342431761786618	0.004962779156327438	-0.01674937965260554	-0.006823821339950337	17538997
2024-03-15	0.008744534665833666	0.0	0.008744534665833666	-0.014366021236727181	0.008744534665833666	19516392
2024-03-18	0.03219814241486088	0.004334365325077417	0.043962848297213676	0.004334365325077417	0.03219814241486088	46313706
2024-03-19	-0.033593281343731386	-0.005998800239952094	-0.005998800239952094	-0.03479304139172176	-0.033593281343731386	29432094
2024-03-20	0.0018621973929237206	-0.0006207324643077598	0.005586592178770941	-0.009310986964618162	0.0018621973929237206	21368737
2024-03-21	0.00867410161090462	0.0	0.019826517967781926	-0.0018587360594796243	0.00867410161090462	28920683
2024-03-22	-0.01228501228501246	-0.0024570024570026226	0.0018427518427516943	-0.01781326781326787	-0.01228501228501246	22637740
2024-03-25	-0.045398009950248674	-0.018034825870646715	-0.018034825870646715	-0.045398009950248674	-0.045398009950248674	26295314
2024-03-26	-0.006514657980456003	0.001954397394136882	0.007817589576547296	-0.012377850162866418	-0.006514657980456003	15374643
2024-03-27	-0.01639344262295082	0.010491803278688533	0.026885245901639352	-0.01639344262295082	-0.01639344262295082	26242921
2024-03-28	0.011333333333333329	-0.005333333333333338	0.018666666666666623	-0.00933333333333337	0.011333333333333329	23473501
2024-03-29	-0.0006591957811469866	-0.009228740936058046	0.0006591957811469866	-0.025049439683586076	-0.0006591957811469866	17893075
2024-04-01	0.005936675461741416	0.01846965699208439	0.021108179419525086	-0.0006596306068601442	0.005936675461741416	18387905
2024-04-02	-0.009836065573770515	-0.0032786885245902103	0.005245901639344267	-0.01245901639344259	-0.009836065573770515	14068117
2024-04-03	-0.015231788079470227	-0.004635761589403992	0.00132450331125825	-0.016556291390728478	-0.015231788079470227	11586924
2024-04-08	-0.004707464694014694	-0.008742434431741695	0.026227303295225324	-0.016812373907195696	-0.004707464694014694	22776688
2024-04-09	0.002702702702702645	-0.0006756756756757813	0.006081081081081071	-0.0074324324324325135	0.002702702702702645	17398123
2024-04-10	-0.027628032345013487	0.002021563342318016	0.0033692722371968134	-0.03234501347708898	-0.027628032345013487	15816895
2024-04-11	-0.005544005544005549	-0.006237006237006227	0.01039501039501042	-0.011781011781011777	-0.005544005544005549	15613589
2024-04-12	-0.016724738675958202	-0.003484320557491215	0.002090592334494853	-0.01881533101045293	-0.016724738675958202	13000774
2024-04-15	0.06024096385542179	0.02055279943302629	0.08788093550673283	0.0028348688873140273	0.06024096385542179	58275975
2024-04-16	-0.03877005347593583	-0.023395721925133783	0.013368983957219202	-0.0461229946524065	-0.03877005347593583	37155436
2024-04-17	0.01947148817802499	-0.0027816411682893547	0.025034770514603576	-0.01182197496522948	0.01947148817802499	28464198
2024-04-18	0.006139154160982255	-0.007503410641200507	0.02796725784447477	-0.017053206002728513	0.006139154160982255	32967418
2024-04-19	-0.004067796610169525	-0.010169491525423752	0.012203389830508456	-0.013559322033898256	-0.004067796610169525	19750171
2024-04-22	-0.003403675970047579	-0.005445881552076247	0.017699115044247773	-0.009530292716133343	-0.003403675970047579	18213356
2024-04-23	-0.004781420765027342	0.008879781420764959	0.012295081967213095	-0.010928961748633888	-0.004781420765027342	14251604
2024-04-24	-0.01578586135895679	0.0006863417982154967	0.006177076183939592	-0.035689773507206556	-0.01578586135895679	23360446
2024-04-25	0.0013947001394699842	-0.0013947001394699842	0.01394700139470009	-0.00906555090655502	0.0013947001394699842	15365270
2024-04-26	0.08565459610027859	0.041782729805014025	0.0988857938718663	0.016713091922005586	0.08565459610027859	77380748
2024-04-29	0.004490057729313681	-0.008338678640153882	0.029506093649775553	-0.02437459910198839	0.004490057729313681	79985933
2024-04-30	0.0038314176245211047	-0.010217113665389537	0.02490421455938701	-0.012132822477650032	0.0038314176245211047	60022540
2024-05-06	-0.0031806615776081874	0.019720101781170514	0.022900763358778477	-0.00826972010178122	-0.0031806615776081874	41608128
2024-05-07	0.0	-0.004467134652201677	0.010848755583918311	-0.010848755583918311	0.0	30912603
2024-05-08	-0.022973835354179926	-0.008934269304403355	-0.005743458838544982	-0.02361199744735158	-0.022973835354179926	23347281
2024-05-09	0.042455911169170496	0.009797517962116286	0.07511430437622471	0.0032658393207053516	0.042455911169170496	61128645
2024-05-10	-0.0037593984962406325	-0.005012531328320806	0.0031328320802005457	-0.016290726817042703	-0.0037593984962406325	36529735
2024-05-13	0.004402515723270458	-0.007547169811320817	0.008176100628930866	-0.02452830188679249	0.004402515723270458	37205255
2024-05-14	0.02316844082654973	-0.004383218534752679	0.025046963055729513	-0.016280525986224155	0.02316844082654973	44768785
2024-05-15	-0.059363525091799305	0.00673194614443081	0.009791921664626693	-0.06119951040391677	-0.059363525091799305	49046684
2024-05-16	-0.009759271307742264	0.001951854261548545	0.011060507482107998	-0.017566688353936214	-0.009759271307742264	30890044
2024-05-17	0.01708278580814716	-0.00459921156373195	0.01971090670170821	-0.021024967148488848	0.01708278580814716	36050910
2024-05-20	-0.007105943152454859	-0.009689922480620177	0.008397932816537404	-0.012919896640826942	-0.007105943152454859	23753921
2024-05-21	-0.008458035133376644	-0.003903708523096859	0.0	-0.014964216005204858	-0.008458035133376644	14748760
2024-05-22	0.0032808398950130535	-0.0013123359580052214	0.009186351706036783	-0.003937007874015781	0.0032808398950130535	13113763
2024-05-23	-0.028776978417266157	-0.003270111183780179	-0.002616088947024143	-0.030739045127534264	-0.028776978417266157	20930760
2024-05-24	-0.012121212121212102	-0.0033670033670032953	0.0047138047138047335	-0.01414141414141408	-0.012121212121212102	14528288
2024-05-27	0.01363326516700745	0.002044989775051081	0.015678254942058652	-0.007498295841854085	0.01363326516700745	12622350
2024-05-28	-0.01748486886348351	-0.004707464694014694	-0.0006724949562878135	-0.018157363819771323	-0.01748486886348351	11050688
2024-05-29	0.0027378507871321646	-0.0006844626967830108	0.007529089664613362	-0.004791238877481197	0.0027378507871321646	10637120
2024-05-30	0.006143344709897601	-0.003412969283276499	0.009556313993173979	-0.010238907849829375	0.006143344709897601	15966952
2024-05-31	0.0006784260515603654	0.0	0.004748982360922679	-0.004070556309362313	0.0006784260515603654	11962900
2024-06-03	0.008813559322033952	-0.0006779661016949008	0.015593220338983079	-0.006101694915254228	0.008813559322033952	22786465
2024-06-04	0.01814516129032255	-0.002016129032258141	0.019489247311827898	-0.0026881720430108145	0.01814516129032255	24264219
2024-06-05	-0.004620462046204639	-0.004620462046204639	0.001320132013201292	-0.01518151815181521	-0.004620462046204639	16487808
2024-06-06	-0.012599469496021188	0.0	0.008620689655172466	-0.014588859416445665	-0.012599469496021188	19661399
2024-06-07	-0.02753525856279383	0.0	0.006715916722632615	-0.07521826729348563	-0.02753525856279383	28270097
2024-06-11	0.011740331491712701	-0.014502762430939285	0.013812154696132548	-0.0151933701657459	0.011740331491712701	15993409
2024-06-12	0.03481228668941978	-0.003412969283276499	0.04300341296928321	-0.003412969283276499	0.03481228668941978	28019296
2024-06-13	0.01319261213720312	-0.0006596306068601442	0.024406332453825806	-0.0032981530343008385	0.01319261213720312	33314393
2024-06-14	0.002604166666666727	-0.008463541666666602	0.04557291666666662	-0.008463541666666602	0.002604166666666727	87354899
2024-06-17	0.0032467532467531776	-0.017532467532467504	0.007142857142857106	-0.04025974025974032	0.0032467532467531776	29574707
2024-06-18	-0.0025889967637539903	-0.0025889967637539903	0.005825242718446593	-0.011003236245954688	-0.0025889967637539903	22270744
2024-06-19	-0.022712524334847477	0.0006489292667099148	0.005191434133679434	-0.024659312134977338	-0.022712524334847477	15883300
2024-06-20	-0.021248339973439594	-0.003984063745019953	0.0046480743691899255	-0.02324037184594951	-0.021248339973439594	15192842
2024-06-21	0.001356852103120731	0.00610583446404341	0.01221166892808682	-0.004748982360922679	0.001356852103120731	11705576
2024-06-24	-0.010840108401084021	-0.010840108401084021	0.013550135501355086	-0.014227642276422701	-0.010840108401084021	16510070
2024-06-25	-0.010958904109589052	0.0	0.005479452054794526	-0.021917808219178103	-0.010958904109589052	14113399
2024-06-26	0.015235457063711957	-0.004155124653739524	0.016620498614958464	-0.006232686980609409	0.015235457063711957	11940663
2024-06-27	-0.017735334242837637	-0.007503410641200507	0.008867667121418758	-0.017735334242837637	-0.017735334242837637	11201833
2024-06-28	-0.01319444444444441	0.0006944444444444296	0.01319444444444441	-0.021527777777777812	-0.01319444444444441	14824598
2024-07-01	0.003518648838845808	-0.005629838142153417	0.0049261083743841316	-0.021111893033075348	0.003518648838845808	11122257
2024-07-02	-0.00911640953716683	-0.0007012622720897466	0.007012622720897591	-0.01051893408134645	-0.00911640953716683	9178000
2024-07-03	0.0	0.0007077140835102467	0.006369426751592347	-0.005661712668082099	0.0	7433900
2024-07-04	-0.010615711252653953	-0.0007077140835103725	0.006369426751592347	-0.010615711252653953	-0.010615711252653953	12013400
2024-07-05	0.006437768240343337	0.0	0.018597997138769654	-0.0071530758226036936	0.006437768240343337	10270173
2024-07-08	-0.02914001421464109	-0.004975124378109473	-0.004975124378109473	-0.03340440653873494	-0.02914001421464109	10183369
2024-07-09	0.02196193265007326	0.005124450951683769	0.02196193265007326	-0.014641288433382086	0.02196193265007326	13492283
2024-07-10	-0.01002865329512898	-0.01002865329512898	0.007163323782234931	-0.011461318051575941	-0.01002865329512898	8822640
2024-07-11	0.012301013024602021	0.010853835021707696	0.016642547033285125	-0.001447178002894325	0.012301013024602021	11992307
2024-07-12	-0.006433166547533942	-0.004288777698356004	0.003573981415296564	-0.010007147962830634	-0.006433166547533942	7993016
2024-07-15	-0.012949640287769763	-0.002158273381295046	0.002158273381294918	-0.01654676258992809	-0.012949640287769763	8439121
2024-07-16	0.0014577259475218346	0.0007288629737609173	0.010204081632652972	-0.005102040816326551	0.0014577259475218346	6941150
2024-07-17	0.0	0.0014556040756913808	0.003639010189228452	-0.004366812227074272	0.0	7819783
2024-07-18	0.0007278020378456904	-0.005822416302765653	0.003639010189228452	-0.02037845705967972	0.0007278020378456904	10075083
2024-07-19	0.02254545454545458	-0.003636363636363688	0.0385454545454545	-0.006545454545454535	0.02254545454545458	18462718
2024-07-22	0.0035561877667140067	0.015647226173541882	0.02062588904694162	-0.00924608819345667	0.0035561877667140067	17487700
2024-07-23	-0.03189227498228202	-0.004961020552799454	0.0028348688873140273	-0.03330970942593897	-0.03189227498228202	12842800
2024-07-24	-0.030014641288433393	-0.007320644216691043	0.002196193265007274	-0.032942898975109755	-0.030014641288433393	13353626
2024-07-25	0.013584905660377337	-0.0015094339622641188	0.019622641509433946	-0.0030188679245282376	0.013584905660377337	11837900
2024-07-26	0.021593447505584583	-0.001489203276247176	0.037974683544303785	-0.001489203276247176	0.021593447505584583	13408758
2024-07-29	-0.019679300291545288	-0.004373177842565633	-0.0021865889212828817	-0.021137026239067123	-0.019679300291545288	9388457
2024-07-30	0.0007434944237919378	-0.002230483271375417	0.008921933085501934	-0.006691449814126384	0.0007434944237919378	7196500
2024-07-31	0.09658246656760765	0.0	0.10029717682020799	-0.0007429420505201755	0.09658246656760765	54915890
2024-08-01	-0.024390243902438987	-0.014227642276422701	-0.002710027100270945	-0.027777777777777787	-0.024390243902438987	36970598
2024-08-02	-0.029861111111111092	0.00902777777777771	0.01041666666666669	-0.03402777777777779	-0.029861111111111092	22357298
2024-08-05	-0.017895490336435216	-0.0028632784538297007	0.012168933428775943	-0.02075876879026492	-0.017895490336435216	21420698
2024-08-06	0.009475218658892056	0.022594752186588827	0.02696793002915446	-0.008746355685131267	0.009475218658892056	18898700
2024-08-07	-0.0036101083032490204	-0.007220216606498169	0.010108303249097514	-0.012274368231046927	-0.0036101083032490204	12579800
2024-08-08	0.0	0.005797101449275368	0.015942028985507162	-0.005797101449275368	0.0	21420900
2024-08-09	-0.018115942028985508	0.007246376811594177	0.011594202898550735	-0.02028985507246385	-0.018115942028985508	17932725
2024-08-12	-0.002952029520295271	-0.008118081180811898	0.00295202952029514	-0.014760147601476092	-0.002952029520295271	10949445
2024-08-13	0.014063656550703147	0.003700962250185101	0.017764618800888247	-0.0022205773501109815	0.014063656550703147	12634888
2024-08-14	-0.005839416058394166	-0.005109489051094782	0.007299270072992805	-0.007299270072992675	-0.005839416058394166	11678067
2024-08-15	0.009544787077826784	-0.005873715124816452	0.02569750367107206	-0.005873715124816452	0.009544787077826784	17480400
2024-08-16	-0.00872727272727267	-0.003636363636363688	0.002909090909090847	-0.01309090909090907	-0.00872727272727267	9353400
2024-08-19	-0.003668378576669164	-0.005135730007336778	0.004402054292002841	-0.006603081438004522	-0.003668378576669164	7105400
2024-08-20	-0.01767304860088367	0.0036818851251841467	0.0036818851251841467	-0.020618556701030882	-0.01767304860088367	9849200
2024-08-21	-0.015742128935532163	-0.0029985007496251236	-0.0029985007496251236	-0.021739130434782546	-0.015742128935532163	8036586
2024-08-22	-0.058644325971058744	0.006854531607006843	0.009900990099009825	-0.06321401370906321	-0.058644325971058744	26521486
2024-08-23	-0.029935275080906088	-0.00404530744336561	0.004854368932038875	-0.030744336569579207	-0.029935275080906088	19055360
2024-08-26	0.016680567139282676	0.000834028356964119	0.02752293577981652	-0.0066722268557131	0.016680567139282676	13597811
2024-08-27	-0.014766201804757975	-0.008203445447087747	-0.0016406890894175206	-0.015586546349466737	-0.014766201804757975	8219340
2024-08-28	0.0308076602830975	0.01332223147377187	0.06577851790174861	0.006661115736885935	0.0308076602830975	21975859
2024-08-29	0.006462035541195482	-0.00807754442649446	0.01777059773828747	-0.00807754442649446	0.006462035541195482	18410576
2024-08-30	0.02728731942215087	0.0016051364365970765	0.05136436597110745	-0.003210272873194295	0.02728731942215087	25528558
2024-09-02	-0.03828125000000002	-0.007812500000000111	-0.0007812500000001221	-0.040625000000000105	-0.03828125000000002	14417400
2024-09-03	0.011372867587327277	0.0016246953696181618	0.01624695369618191	-0.0008123476848090809	0.011372867587327277	8391900
2024-09-04	-0.0008032128514056054	-0.007228915662650591	0.010441767068273156	-0.009638554216867408	-0.0008032128514056054	8438900
2024-09-05	0.0032154340836013607	0.0	0.008038585209003187	-0.0016077170418006088	0.0032154340836013607	7534975
2024-09-06	-0.002403846153846245	0.024038461538461453	0.033653846153846145	-0.0056089743589743815	-0.002403846153846245	21532151
2024-09-09	0.007228915662650591	-0.019277108433734817	0.014457831325301325	-0.021686746987951776	0.007228915662650591	14294276
2024-09-10	-0.007974481658692157	-0.0031897926634768064	0.0023923444976077465	-0.026315789473684077	-0.007974481658692157	10026100
2024-09-11	0.0008038585209003044	-0.004823151125401826	0.009646302250803939	-0.007234726688102883	0.0008038585209003044	7262675
2024-09-12	-0.004819277108433632	0.0	0.008835341365461945	-0.004819277108433632	-0.004819277108433632	8030734
2024-09-13	-0.006456820016142056	0.000807102502017739	0.012106537530266229	-0.009685230024213155	-0.006456820016142056	8330100
2024-09-18	0.0008123476848090809	-0.003249390739236468	0.007311129163281873	-0.01543460601137297	0.0008123476848090809	8334218
2024-09-19	0.019480519480519497	0.0056818181818182045	0.03327922077922079	-0.004058441558441616	0.019480519480519497	15170025
2024-09-20	0.011146496815286528	-0.003980891719745279	0.011146496815286528	-0.011942675159235697	0.011146496815286528	12165420
2024-09-23	-0.010236220472440867	0.0	0.0007874015748032728	-0.015748031496062936	-0.010236220472440867	11242900
2024-09-24	0.07080350039777251	0.014319809069212387	0.07398568019093077	-0.0015910898965791228	0.07080350039777251	47538680
2024-09-25	0.009658246656760698	0.013372956909361048	0.04680534918276367	0.008172362555720611	0.009658246656760698	56514574
2024-09-26	0.05592347314201617	0.0	0.06401766004415019	-0.00956585724797638	0.05592347314201617	52202199
2024-09-27	0.08013937282229967	0.038327526132404234	0.08222996515679441	0.017421602787456445	0.08013937282229967	51202484
2024-09-30	0.10000000000000005	0.09935483870967736	0.10000000000000005	0.040645161290322515	0.10000000000000005	89898099
2024-10-08	0.10029325513196485	0.10029325513196485	0.10029325513196485	0.01994134897360703	0.10029325513196485	89463303
2024-10-09	-0.10021321961620482	-0.05063965884861422	-0.014392324093816796	-0.10021321961620482	-0.10021321961620482	97959711
2024-10-10	-0.06694312796208525	0.0011848341232227235	0.015995260663507083	-0.08649289099526061	-0.06694312796208525	63551791
2024-10-11	-0.008253968253968303	-0.016507936507936496	0.024761904761904797	-0.024761904761904797	-0.008253968253968303	47409516
2024-10-14	0.005121638924455831	0.04417413572343147	0.04417413572343147	-0.0454545454545454	0.005121638924455831	48999354
2024-10-15	-0.03821656050955412	-0.01847133757961778	-0.0006369426751592221	-0.040764331210191004	-0.03821656050955412	36020891
2024-10-16	0.000662251655629125	-0.013245033112582735	0.025165562913907338	-0.016556291390728478	0.000662251655629125	31709116
2024-10-17	-0.015221707478490977	0.009927200529450718	0.01786896095301134	-0.015883520847121125	-0.015221707478490977	27182087
2024-10-18	0.04032258064516126	-0.00537634408602151	0.08333333333333334	-0.007392473118279651	0.04032258064516126	56755884
2024-10-21	-0.020025839793281687	-0.012919896640826942	-0.0045219638242894235	-0.02583979328165377	-0.020025839793281687	42952050
2024-10-22	0.016479894528675015	0.0	0.020435069215557055	-0.003955174686882037	0.016479894528675015	29204031
2024-10-23	-0.0038910505836576197	0.0012970168612191683	0.01621271076523995	-0.010376134889753577	-0.0038910505836576197	33314183
2024-10-24	0.009765625000000024	-0.004557291666666685	0.021484375000000007	-0.00781249999999995	0.009765625000000024	36197660
2024-10-25	0.0058027079303674955	-0.006447453255963871	0.017408123791102487	-0.012894906511927743	0.0058027079303674955	35821788
2024-10-28	0.0025641025641026235	-0.003205128205128137	0.004487179487179506	-0.012179487179487148	0.0025641025641026235	27282088
2024-10-29	-0.027493606138107397	0.0006393861892582984	0.015345268542199501	-0.029411764705882408	-0.027493606138107397	35032364
2024-10-30	-0.0032873109796187185	-0.003944773175542439	0.010519395134779641	-0.01577909270216964	-0.0032873109796187185	24738987
2024-10-31	0.009894459102902398	-0.011213720316622686	0.0343007915567282	-0.01846965699208439	0.009894459102902398	41500417
2024-11-01	-0.024167210973220183	0.0	0.0039190071848464215	-0.026779882429784463	-0.024167210973220183	33359909
2024-11-04	0.07429718875502016	0.01070950468540831	0.0776439089692103	0.0060240963855421594	0.07429718875502016	71028377
2024-11-05	0.03115264797507788	-0.0031152647975078323	0.03800623052959498	-0.02118380062305295	0.03115264797507788	88241485
2024-11-06	-0.004229607250755304	0.006042296072507424	0.03323262839879158	-0.01752265861027185	-0.004229607250755304	80402888
2024-11-07	0.05582524271844649	-0.012135922330097044	0.06371359223300975	-0.018203883495145675	0.05582524271844649	83050391
2024-11-08	-0.040804597701149276	0.011494252873563383	0.01609195402298857	-0.04195402298850557	-0.040804597701149276	64687245
2024-11-11	0.021569802276812426	-0.011983223487118205	0.031156381066506863	-0.019772318753744866	0.021569802276812426	47817503
2024-11-12	-0.029912023460410646	-0.0029325513196481355	0.008211143695014696	-0.04222873900293269	-0.029912023460410646	41494698
2024-11-13	0.012091898428053163	-0.006650544135429228	0.025997581620314375	-0.007859733978234524	0.012091898428053163	38649816
2024-11-14	-0.026881720430107486	-0.00597371565113488	0.007765830346475661	-0.03166069295101539	-0.026881720430107486	31934994
2024-11-15	-0.043585021485573916	-0.0006138735420502155	0.005524861878453031	-0.044198895027624245	-0.043585021485573916	31782105
2024-11-18	-0.025032092426187456	-0.001925545571245145	0.0077021822849806946	-0.03273427471116815	-0.025032092426187456	26540500
2024-11-19	0.024358130348913827	0.0072416063199474134	0.03028308097432527	0.0026333113890718188	0.024358130348913827	23320512
2024-11-20	-0.005784061696658088	-0.0038560411311054305	0.001928020565552658	-0.012210796915167178	-0.005784061696658088	19804944
2024-11-21	-0.0019392372333549538	0.0006464124111182797	0.006464124111182912	-0.010342598577892704	-0.0019392372333549538	22847438
2024-11-22	-0.0472797927461139	0.0	0.0006476683937823697	-0.04922279792746113	-0.0472797927461139	27451865
2024-11-25	0.0	0.002719238613188249	0.006118286879673682	-0.017675050985724104	0.0	20626301
2024-11-26	-0.00271923861318837	-0.004758667573079557	0.018354860639021045	-0.0067980965329708645	-0.00271923861318837	20252700
2024-11-27	0.0238582140422631	0.002044989775051081	0.02522154055896382	-0.004771642808452644	0.0238582140422631	26521274
2024-11-28	-0.009986684420772328	0.0	0.004660452729693761	-0.011984021304926746	-0.009986684420772328	18750018
2024-11-29	0.02151983860121051	0.0	0.04236718224613321	-0.004707464694014694	0.02151983860121051	32869793
2024-12-02	0.01316655694535886	-0.00526662277814352	0.01711652402896641	-0.013166556945358742	0.01316655694535886	27488487
2024-12-03	-0.0012995451591943697	-0.0032488628979857512	0.005847953216374259	-0.013645224171540016	-0.0012995451591943697	19972861
2024-12-04	-0.014313597918022048	0.0	0.005204944697462594	-0.02147039687703319	-0.014313597918022048	18326200
2024-12-05	0.01518151815181521	-0.006600660066006577	0.019141914191419085	-0.006600660066006577	0.01518151815181521	18738965
2024-12-06	0.006501950585175529	-0.0019505851755527396	0.018205461638491505	-0.009752925877763352	0.006501950585175529	28993762
2024-12-09	-0.007751937984496188	-0.002583979328165434	0.0045219638242894235	-0.019379844961240355	-0.007751937984496188	17403301
2024-12-10	0.015625000000000014	0.04817708333333347	0.05013020833333331	0.011718749999999983	0.015625000000000014	49249690
2024-12-11	0.023076923076923155	0.0032051282051282506	0.03269230769230768	-0.004487179487179506	0.023076923076923155	36675249
2024-12-12	0.02506265664160392	0.0025062656641603475	0.045112781954887146	-0.0031328320802005457	0.02506265664160392	58829594
2024-12-13	-0.038508557457212655	-0.011613691931540203	-0.007334963325183435	-0.04095354523227383	-0.038508557457212655	40091154
2024-12-16	-0.017164653528289865	-0.006357279084551789	0.0	-0.024157660521296934	-0.017164653528289865	21302514
2024-12-17	-0.009055627425614525	-0.008408796895213504	0.0032341526520051054	-0.012289780077619746	-0.009055627425614525	20687900
2024-12-18	-0.003263707571801613	0.001958224543080898	0.00587467362924281	-0.01174934725848562	-0.003263707571801613	16420000
2024-12-19	-0.0006548788474132146	-0.014407334643090955	0.00196463654223976	-0.01833660772757036	-0.0006548788474132146	14748785
2024-12-20	0.004587155963302771	0.0006553079947575221	0.013761467889908313	-0.0019659239842725663	0.004587155963302771	15695357
2024-12-23	-0.026092628832354883	-0.008480104370515381	0.0	-0.028049575994781455	-0.026092628832354883	19697591
2024-12-24	0.01741460147354319	0.004018754186202311	0.01808439383791022	0.001339584728734064	0.01741460147354319	14911890
2024-12-25	0.03489137590520087	0.0013166556945359677	0.05859117840684653	0.0013166556945359677	0.03489137590520087	66520022
2024-12-26	0.024809160305343435	-0.0006361323155216149	0.03307888040712454	-0.00699745547073799	0.024809160305343435	57380086
2024-12-27	-0.003103662321539461	-0.007448789571694551	0.016139044072005063	-0.012414649286157622	-0.003103662321539461	50440900
2024-12-30	-0.0018679950186798	-0.006849315068493116	0.008094645080946612	-0.009339975093399663	-0.0018679950186798	30982305
2024-12-31	-0.06550218340611358	0.0	0.0	-0.06612601372426703	-0.06550218340611358	41938631
