2021-09-09	0.02288461538461534	0.01538461538461533	0.04730769230769232	-0.03211538461538465	0.02288461538461534	30984535
2021-09-10	-0.031020868584320335	-0.00733220530174846	0.004324121075390186	-0.0637337845459673	-0.031020868584320335	28973525
2021-09-13	-0.0007760962359332392	-0.006596818005432602	0.03240201785021346	-0.02502910360884748	-0.0007760962359332392	17505252
2021-09-14	0.021553398058252415	-0.012815533980582458	0.04407766990291268	-0.019223300970873825	0.021553398058252415	19551300
2021-09-15	-0.04048659950579742	-0.0058924158905151545	0.008933662801748695	-0.051511119559019214	-0.04048659950579742	14807092
2021-09-16	-0.05942947702060222	0.002377179080824179	0.002377179080824179	-0.06141045958795552	-0.05942947702060222	13717154
2021-09-17	-0.006318449873630943	-0.0002106149957876582	0.02653748946925032	-0.03327716933445658	-0.006318449873630943	12499550
2021-09-22	0.01865197117422642	-0.018863925392115316	0.055532005086901176	-0.020983467571004704	0.01865197117422642	11311923
2021-09-23	0.04848106533499788	0.0014565126924677544	0.07948397836038286	-0.006034124011652084	0.04848106533499788	15728041
2021-09-24	-0.011708672355626185	0.011907124429450315	0.02083746775153795	-0.017265330422702865	-0.011708672355626185	7088350
2021-09-27	0.0030120481927711986	0.020080321285140562	0.02409638554216873	-0.04176706827309234	0.0030120481927711986	9122127
2021-09-28	-0.013013013013013126	-0.004204204204204221	0.019019019019018934	-0.021421421421421425	-0.013013013013013126	7015672
2021-09-29	-0.03610547667342787	-0.023326572008113562	0.005679513184584202	-0.05679513184584173	-0.03610547667342787	8332140
2021-09-30	0.0669191919191919	-0.0008417508417509732	0.08585858585858581	-0.004629629629629755	0.0669191919191919	8801169
2021-10-08	-0.03353057199211051	0.005917159763313553	0.015779092702169567	-0.03372781065088759	-0.03353057199211051	5691264
2021-10-11	-0.0344897959183673	0.00836734693877544	0.00836734693877544	-0.038775510204081605	-0.0344897959183673	7019567
2021-10-12	-0.027689706193193876	-0.006341154090044478	0.00021137180300143753	-0.04967237370534774	-0.027689706193193876	8651714
2021-10-13	0.04086956521739136	0.0004347826086957201	0.04956521739130437	0.0004347826086957201	0.04086956521739136	4565583
2021-10-14	0.0031328320802004716	0.0025062656641603475	0.033208020050125235	-0.0202589807852967	0.0031328320802004716	4563686
2021-10-15	0.08286487611909217	0.011867582760774521	0.14282739954195292	0.011659379554445185	0.08286487611909217	21777337
2021-10-18	0.0407613920399924	0.023841568929052145	0.05345125937319749	0.009613535858488752	0.0407613920399924	20192764
2021-10-19	0.009606502863476741	-0.008682800665065693	0.022538333641234046	-0.020875669684093896	0.009606502863476741	10960256
2021-10-20	-0.002561756633119864	-0.006221408966148149	0.015553522415370566	-0.01171088746569077	-0.002561756633119864	9869861
2021-10-21	-0.031737295909007465	-0.00532012474775269	0.012658227848101354	-0.047147312419739504	-0.031737295909007465	9563741
2021-10-22	0.042061386888973075	-0.0007578628268283279	0.0473664266767715	-0.017051913603637715	0.042061386888973075	8345375
2021-10-25	0.045454545454545456	-0.003636363636363688	0.05872727272727267	-0.017636363636363617	0.045454545454545456	9609147
2021-10-26	-0.05530434782608695	-0.005217391304347777	0.021739130434782608	-0.05530434782608695	-0.05530434782608695	8917299
2021-10-27	-0.0009204712812959713	0.01767304860088367	0.020434462444771713	-0.027982326951399173	-0.0009204712812959713	5954288
2021-10-28	-0.040169522756587424	-0.012161415146489841	0.004238068914685773	-0.04164363368343477	-0.040169522756587424	5380376
2021-10-29	0.033595699750431945	-0.005759262814359844	0.03935496256479165	-0.005759262814359844	0.033595699750431945	5094284
2021-11-01	0.12927191679049022	0.008543833580980566	0.15118870728083197	0.006872213967310502	0.12927191679049022	16086346
2021-11-02	0.04555921052631584	-0.012664473684210462	0.08322368421052635	-0.012664473684210462	0.04555921052631584	16426494
2021-11-03	0.02139373918515033	0.010382255781028846	0.04089979550102252	-0.006134969325153383	0.02139373918515033	9590280
2021-11-04	0.007238564608039409	0.002310180194055005	0.025720006160480324	-0.018327429539504152	0.007238564608039409	7268191
2021-11-05	-0.00030581039755367325	0.0191131498470948	0.06422018348623836	-0.0035168195718655038	-0.00030581039755367325	9648849
2021-11-08	0.048179871520342706	0.009635974304068672	0.06852248394004289	0.006423982869379042	0.048179871520342706	7199693
2021-11-09	-0.021012695169998506	-0.005545016780971771	-0.004523566321319164	-0.05617977528089879	-0.021012695169998506	4575234
2021-11-10	0.0046206588165151625	-0.015948725592487813	0.025190043225517926	-0.026680578327619706	0.0046206588165151625	4750641
2021-11-11	0.03798219584569715	-0.005934718100890291	0.06053412462908009	-0.016320474777448198	0.03798219584569715	8475256
2021-11-12	-0.03359062321326464	-0.010005717552887202	0.00871926815323041	-0.046883933676386325	-0.03359062321326464	5405555
2021-11-15	-0.009466055317260769	0.0023665138293151398	0.029433515752107602	-0.02884188729477892	-0.009466055317260769	4167656
2021-11-16	-0.02344333283559793	-0.005076900104524465	0.02030760041809765	-0.04404957443631481	-0.02344333283559793	5009885
2021-11-17	0.09449541284403658	0.003669724770642123	0.10856269113149837	0.0	0.09449541284403658	7592389
2021-11-18	0.015646828723107076	-0.0019558535903883845	0.05462419670298962	-0.01662475551830117	0.015646828723107076	7912563
2021-11-19	-0.004814305364511809	-0.005502063273727726	0.016506189821182984	-0.025034387895460898	-0.004814305364511809	3268019
2021-11-22	0.2	0.016862474084312355	0.2	0.016862474084312355	0.2	13401701
2021-11-23	0.013591338401290105	0.011863625892651476	0.0665745219995393	-0.0048375950241878315	0.013591338401290105	13480780
2021-11-24	-0.025000000000000033	-0.012499999999999935	0.022613636363636305	-0.045454545454545456	-0.025000000000000033	8729572
2021-11-25	-0.015151515151515119	-0.009790209790209831	-0.0026806526806527273	-0.05944055944055938	-0.015151515151515119	8828076
2021-11-26	0.01538461538461535	0.009704142011834239	0.05337278106508882	0.0068639053254437666	0.01538461538461535	7041213
2021-11-29	0.015034965034965108	0.0	0.04160839160839169	-0.028787878787878775	0.015034965034965108	5557862
2021-11-30	0.011137903318406233	0.010448960845102728	0.030428292570903563	-0.014697439430474234	0.011137903318406233	5500382
2021-12-01	-0.037701567113331905	-0.006359300476947561	0.010674540086304767	-0.05859641153758797	-0.037701567113331905	5687328
2021-12-02	-0.006254425300920476	0.010856738258201578	0.03021005428369132	-0.035166391314609274	-0.006254425300920476	5759133
2021-12-03	-0.01436883980524871	-0.008431302695641775	0.02838142738392116	-0.021493884336776965	-0.01436883980524871	5139944
2021-12-06	-0.05192771084337352	-0.000120481927710905	0.030120481927710843	-0.060000000000000046	-0.05192771084337352	7876995
2021-12-07	-0.03545558520777725	0.0	0.017537171178040354	-0.07637565128987153	-0.03545558520777725	10105453
2021-12-08	0.025428194993412284	0.002108036890645541	0.03596837944664018	-0.0026350461133070203	0.025428194993412284	5518749
2021-12-09	0.004111525118848868	0.02209944751381214	0.05550558910445853	-0.018244892714891454	0.004111525118848868	7752578
2021-12-10	0.022136916186820087	-0.013691618682021846	0.04491362763915535	-0.02239283429302623	0.022136916186820087	5345105
2021-12-13	0.009263895843765763	0.0	0.032548823234852385	-0.02278417626439651	0.009263895843765763	3627586
2021-12-14	-0.010047134706028308	-0.007566360704539809	0.0032250062019348906	-0.040436616224262034	-0.010047134706028308	4087631
2021-12-15	0.005137200852023513	-0.010149104122290468	0.02180177922566088	-0.022804159879714413	0.005137200852023513	4408475
2021-12-16	-0.022313637496883473	0.003490401396160573	0.026053353278484213	-0.02729992520568434	-0.022313637496883473	4017189
2021-12-17	-0.01619278337370917	0.0035700624760931646	0.004717582557694636	-0.05648348846104815	-0.01619278337370917	5798815
2021-12-20	-0.02436495593571793	0.004406428201140532	0.010886469673405955	-0.04095386210471743	-0.02436495593571793	4013325
2021-12-21	0.09179064824654617	-0.012486716259298588	0.10228480340063766	-0.01487778958554735	0.09179064824654617	6712469
2021-12-22	-0.03929918481567105	-0.00012166930283478411	0.008638520501277626	-0.0431926025063876	-0.03929918481567105	4147252
2021-12-23	0.04546605876393115	-0.0031661600810536984	0.06294326241134769	-0.024822695035460914	0.04546605876393115	6366219
2021-12-24	-0.030526953361598982	-0.009085402786190189	0.028225317989097498	-0.03270745003028471	-0.030526953361598982	4940783
2021-12-27	0.027614644508309305	-0.004123453704860656	0.04948144445832805	-0.004123453704860656	0.027614644508309305	5050432
2021-12-28	-0.022373540856030997	0.006079766536964981	0.013740272373540974	-0.027602140077820966	-0.022373540856030997	4032925
2021-12-29	-0.009950248756219046	-0.005970149253731393	0.02562189054726353	-0.02487562189054726	-0.009950248756219046	2947453
2021-12-30	0.010804020100502507	0.0030150753768845365	0.02776381909547749	-0.01746231155778895	0.010804020100502507	4268051
2021-12-31	0.019139945314442037	-0.008078548347004617	0.03840417598806865	-0.008078548347004617	0.019139945314442037	5001828
2022-01-04	-0.09146341463414634	0.009390243902438975	0.018292682926829267	-0.1306097560975609	-0.09146341463414634	10024388
2022-01-05	-0.076510067114094	-0.030738255033557132	0.005234899328859068	-0.08778523489932895	-0.076510067114094	8930465
2022-01-06	-0.004360465116279029	0.0	0.02034883720930241	-0.03590116279069766	-0.004360465116279029	6058134
2022-01-07	-0.02744525547445249	0.0	0.003941605839416	-0.05635036496350364	-0.02744525547445249	5680696
2022-01-10	0.00915640948664064	-0.0042029420594416255	0.025217652356649543	-0.014259981987391215	0.00915640948664064	3947116
2022-01-11	-0.06842183549010859	-0.010858247806039029	0.009222073479101447	-0.07942882641677827	-0.06842183549010859	7622540
2022-01-12	0.04742136356378719	0.019000479003672324	0.061791473734631924	-0.0006386715631486371	0.04742136356378719	8737620
2022-01-13	-0.0064024390243900536	0.0030487804878049215	0.026676829268292686	-0.02240853658536584	-0.0064024390243900536	5270352
2022-01-14	0.07364222154034974	-0.009358698987419662	0.1060141147591285	-0.010432648051549658	0.07364222154034974	8251662
2022-01-17	0.032866533295227165	0.010717347813661045	0.057444984281223146	-0.008573878250928958	0.032866533295227165	7677260
2022-01-18	-0.013696734919756431	-0.013143331488655268	0.021029330381848312	-0.045379081350304384	-0.013696734919756431	3945330
2022-01-19	-0.02426707813157531	-0.009117688315331822	-0.00014027212792825242	-0.03913592369196249	-0.02426707813157531	2709025
2022-01-20	-0.035508913168487616	-0.0005750431282347075	0.01667625071880386	-0.04542840713053474	-0.035508913168487616	4563406
2022-01-21	-0.008794157102399811	-0.009539424653450597	0.03741243106275139	-0.01982411685795198	-0.008794157102399811	4516911
2022-01-24	-0.0003007518796991883	-0.00857142857142847	0.03187969924812037	-0.024060150375939764	-0.0003007518796991883	5077164
2022-01-25	-0.009326113116726903	-0.008273164861612472	0.02496991576413954	-0.014590854392298418	-0.009326113116726903	4317942
2022-01-26	0.022775584573337383	0.0036440935317339036	0.04585484360765254	-0.009717582751290626	0.022775584573337383	4132681
2022-01-27	-0.027315914489311213	-0.0023752969121139636	0.014697149643705387	-0.03681710213776728	-0.027315914489311213	4155701
2022-01-28	-0.02747252747252743	-0.0056471306471304996	0.011599511599511678	-0.045329670329670314	-0.02747252747252743	4227613
2022-02-07	0.026365348399246813	0.022441933458882717	0.04268675455116131	-0.00596359070935335	0.026365348399246813	3678266
2022-02-08	-0.1010703363914374	-0.006574923547400716	-0.006574923547400716	-0.15061162079510715	-0.1010703363914374	12769522
2022-02-09	0.032148324544990656	0.0011906786868515103	0.05102908657935023	-0.013437659465895545	0.032148324544990656	5535855
2022-02-10	-0.06344759393539884	0.0	0.0049439683586024585	-0.08091628213579427	-0.06344759393539884	10017416
2022-02-11	-0.03220130212915711	0.002639450994193183	0.004399084990322013	-0.04187928910786549	-0.03220130212915711	5002045
2022-02-14	-0.006727272727272681	-0.01781818181818176	0.02345454545454544	-0.023636363636363584	-0.006727272727272681	4251403
2022-02-15	0.07962657880285547	0.00677283543840376	0.08347062053816576	0.0036609921288668448	0.07962657880285547	5325974
2022-02-16	-0.02797558494404881	0.010512037978976001	0.01949813496100383	-0.03153611393692776	-0.02797558494404881	4212031
2022-02-17	0.036804465375893936	0.0038374324088609607	0.052328623757195186	-0.026687598116169567	0.036804465375893936	5906792
2022-02-18	-0.012281292059219328	-0.017160161507402356	0.002355316285329754	-0.0328061911170928	-0.012281292059219328	2631689
2022-02-21	-0.04275251234883321	-0.004428547095895043	0.013115312553227662	-0.05433486629194341	-0.04275251234883321	6239148
2022-02-22	0.016014234875444813	-0.014590747330960859	0.05338078291814946	-0.04270462633451967	0.016014234875444813	9382511
2022-02-23	0.08984238178633967	0.012259194395796773	0.1292469352014011	0.0005253940455341705	0.08984238178633967	10957079
2022-02-24	0.024746906636670517	0.009963040334244007	0.050136590069098465	-0.006749156355455482	0.024746906636670517	10095346
2022-02-25	0.05253253881135332	0.03026501489728712	0.08013172338089998	0.03026501489728712	0.05253253881135332	10968861
2022-02-28	-0.01907032181168059	-0.02413587604290829	-0.00014898688915383068	-0.04871871275327776	-0.01907032181168059	11085844
2022-03-01	0.02232685297691371	-0.00167071688942891	0.029769137302551544	-0.011998784933171419	0.02232685297691371	4938591
2022-03-02	-0.02570197593225381	-0.012331005794087035	-0.0075768830782945345	-0.04427276779081866	-0.02570197593225381	5130198
2022-03-03	-0.05230253125953034	-0.0018298261665142506	0.0	-0.05992680695333943	-0.05230253125953034	6395591
2022-03-04	0.0008045052292840589	-0.031053901850362022	0.029766693483507665	-0.03765084473049069	0.0008045052292840589	6208554
2022-03-07	-0.0787781350482316	-0.02090032154340843	0.004823151125401884	-0.08762057877813509	-0.0787781350482316	14067831
2022-03-08	0.035951134380453796	0.012216404886562005	0.08027923211169287	0.00959860383944161	0.035951134380453796	9421011
2022-03-09	0.05795148247978433	0.011287061994609193	0.08086253369272232	0.0058962264150943635	0.05795148247978433	11074601
2022-03-10	0.029936305732484233	0.0509554140127389	0.0936305732484078	0.012420382165605114	0.029936305732484233	13178639
2022-03-11	0.016388373531230488	-0.024118738404452833	0.03354978354978335	-0.024427952999381653	0.016388373531230488	7635653
2022-03-14	-0.02677213264374807	-0.015667782172193508	0.011256464861576044	-0.03118344995436564	-0.02677213264374807	4603638
2022-03-15	0.01594248202563306	-0.015317286652078727	0.07299155986245716	-0.031416067521100315	0.01594248202563306	6630273
2022-03-16	0.08000000000000004	0.03661538461538454	0.08384615384615389	-0.019384615384615354	0.08000000000000004	8664620
2022-03-17	-0.028774928774928717	0.04074074074074073	0.0641025641025641	-0.03561253561253561	-0.028774928774928717	10107963
2022-03-18	0.002640070401877275	-0.009826928718099173	0.04268113816368431	-0.017160457612203014	0.002640070401877275	7617686
2022-03-21	0.010532475131655922	-0.009801053247513191	0.02369806904622593	-0.0345231129315389	0.010532475131655922	5484023
2022-03-22	-0.04559930515344516	-0.0166473653734799	-0.004053271569195153	-0.050376375217139606	-0.04559930515344516	4152756
2022-03-23	0.011072349461549972	0.01016229334142253	0.014409221902017117	-0.03382375246473538	0.011072349461549972	4164263
2022-03-24	-0.0504050405040504	-0.011401140114011265	-0.011401140114011265	-0.07590759075907584	-0.0504050405040504	8516387
2022-03-25	-0.040758293838862536	0.0036334913112164927	0.04865718799368086	-0.04518167456556081	-0.040758293838862536	5062104
2022-03-28	-0.0013175230566534633	-0.03293807641633729	0.012187088274044829	-0.03656126482213437	-0.0013175230566534633	4988769
2022-03-29	-0.05310026385224272	0.005112137203166264	0.018304749340369384	-0.05705804749340371	-0.05310026385224272	5175651
2022-03-30	0.04266805990943914	0.014454893765238563	0.04528039010797634	-0.014629049111807792	0.04266805990943914	6117390
2022-03-31	-0.08551862368465003	-0.013863370636378793	-0.006347085351595047	-0.09604142308334726	-0.08551862368465003	9501100
2022-04-01	-0.008036529680365256	-0.004931506849315126	0.0136986301369863	-0.04657534246575337	-0.008036529680365256	5050999
2022-04-06	-0.07180997974590325	-0.006812741668201151	-0.006812741668201151	-0.08856564168661392	-0.07180997974590325	8728437
2022-04-07	-0.029756000793493356	-0.01210077365602062	-0.00039674667724649913	-0.052965681412418066	-0.029756000793493356	8344766
2022-04-08	0.0038846861582499457	-0.00020445716622363548	0.035984461255367105	-0.018810059292578094	0.0038846861582499457	6623530
2022-04-11	-0.06313645621181266	-0.02240325865580451	-0.008961303462321891	-0.07494908350305499	-0.06313645621181266	7798043
2022-04-12	-0.006521739130434721	-0.00804347826086951	0.013043478260869596	-0.03391304347826092	-0.006521739130434721	7443662
2022-04-13	-0.06236323851203504	0.0010940919037198502	0.006564551422319412	-0.06652078774617082	-0.06236323851203504	7176183
2022-04-14	0.04527421236872807	0.008634772462076954	0.0490081680280047	-0.03943990665110863	0.04527421236872807	14887078
2022-04-15	-0.02701495869613755	-0.033489618218352314	0.002009377093101215	-0.04666220138423747	-0.02701495869613755	9092931
2022-04-18	0.07709958696649838	-0.011473152822395595	0.08191831115190455	-0.013079394217530984	0.07709958696649838	9347996
2022-04-19	-0.05240732850447382	-0.009799744354495118	0.00852151682999586	-0.0715807413719642	-0.05240732850447382	8316715
2022-04-20	-0.022931654676258906	0.0004496402877698545	0.008992805755395811	-0.027203237410071805	-0.022931654676258906	6579770
2022-04-21	-0.015646571560055215	0.0016106764841233383	0.04003681546249429	-0.03359410952600094	-0.015646571560055215	7140264
2022-04-22	-0.044413277232351535	-0.01753155680224404	0.012155212716222441	-0.04628330995792435	-0.044413277232351535	7262571
2022-04-25	-0.08096868884540122	-0.03424657534246589	-0.008072407045009916	-0.08096868884540122	-0.08096868884540122	7567820
2022-04-26	-0.019430396593026266	0.016236358796912414	0.041788661165823804	-0.023955283470854367	-0.019430396593026266	6659386
2022-04-27	0.20005428881650372	0.04505971769815408	0.20005428881650372	0.033387622149837044	0.20005428881650372	14379388
2022-04-28	0.02895272562768607	0.01877403302420263	0.05406016738294505	-0.016059714996607122	0.02895272562768607	13770621
2022-04-29	0.08155638601890527	-0.0019784568036931944	0.1165091228841503	-0.021763024840624357	0.08155638601890527	13786392
2022-05-05	-0.011991869918699256	-0.01666666666666667	0.015853658536585245	-0.05304878048780486	-0.011991869918699256	8720413
2022-05-06	0.0016457519029006026	-0.042172392511828784	0.04073235959679087	-0.04752108619625596	0.0016457519029006026	7682066
2022-05-09	-0.01786814540973501	-0.027521051550626337	0.01601971657424525	-0.02772643253234739	-0.01786814540973501	6822519
2022-05-10	0.09933082392304475	-0.01589293182768712	0.1083228774571309	-0.01589293182768712	0.09933082392304475	9228505
2022-05-11	-0.03880540232071522	-0.010842685942552792	0.05478409739395097	-0.03880540232071522	-0.03880540232071522	11143979
2022-05-12	0.01286364535919253	-0.012467840886602069	0.028695824262814085	-0.01939441915693655	0.01286364535919253	5454229
2022-05-13	0.03262993356779995	0.004298554122704159	0.034583821805392795	-0.030285267682688494	0.03262993356779995	8714062
2022-05-16	-0.012298959318826842	0.0015137180700094284	0.017975402081362266	-0.0312204351939451	-0.012298959318826842	5104293
2022-05-17	0.06417624521072786	0.0011494252873562292	0.09540229885057465	-0.013218390804597793	0.06417624521072786	7924734
2022-05-18	0.0075607560756075914	0.007740774077407736	0.023402340234023482	-0.008100810081008025	0.0075607560756075914	3957367
2022-05-19	-0.006253350008933383	-0.0146507057352153	0.03626943005181349	-0.02626407003752008	-0.006253350008933383	7518845
2022-05-20	-0.012765192376842878	0.008629989212513556	0.022294138798993203	-0.039194534340165406	-0.012765192376842878	6855302
2022-05-23	0.008741577126206592	0.0012748133309051228	0.011655436168275371	-0.024039337097067806	0.008741577126206592	4388098
2022-05-24	-0.04495396280917137	-0.0030691460552446596	0.031774688571944355	-0.046578804838418454	-0.04495396280917137	5714780
2022-05-25	0.001890359168241993	-0.01039697542533076	0.0264650283553875	-0.01701323251417767	0.001890359168241993	4872417
2022-05-26	0.022264150943396222	0.0	0.0333962264150944	-0.021509433962264162	0.022264150943396222	4239709
2022-05-27	0.01882613510520493	0.00609080841638978	0.04798818752307127	-0.0007382798080472342	0.01882613510520493	5263082
2022-05-30	0.005072463768115833	0.014311594202898535	0.05434782608695652	-0.018478260869565274	0.005072463768115833	7261430
2022-05-31	0.016222062004325986	-0.017303532804614163	0.03983417447728913	-0.039293439077144915	0.016222062004325986	9275640
2022-06-01	0.05728981908478178	-0.006385242993969482	0.07307555870876192	-0.006385242993969482	0.05728981908478178	8760185
2022-06-02	0.06643180674383495	-0.009394396913269624	0.0714645193759436	-0.018621036738802204	0.06643180674383495	6918989
2022-06-06	0.022494887525562366	0.0028315243039169374	0.04137171621834203	-0.01714645272927487	0.022494887525562366	8004173
2022-06-07	-0.03769230769230773	-0.0030769230769231207	0.007692307692307693	-0.04646153846153851	-0.03769230769230773	6110366
2022-06-08	-0.02158273381294955	-0.008633093525179844	-0.0011191047162270229	-0.058193445243804966	-0.02158273381294955	7470855
2022-06-09	-0.050816993464052274	-0.004901960784313795	0.001960784313725448	-0.060947712418300715	-0.050816993464052274	7091434
2022-06-10	0.053537614047168176	-0.01032880013771736	0.058702014116026796	-0.01032880013771736	0.053537614047168176	11126099
2022-06-13	-0.01797385620915035	-0.023366013071895418	-0.0009803921568627822	-0.032352941176470654	-0.01797385620915035	5049555
2022-06-14	-0.04242928452579042	-0.015474209650582358	-0.0049916805324459945	-0.0838602329450915	-0.04242928452579042	10194104
2022-06-15	-0.02693310165073844	0.007645525629887139	0.017549956559513556	-0.029539530842745364	-0.02693310165073844	7167610
2022-06-16	0.017857142857142856	0.009107142857142822	0.04446428571428575	0.0048214285714286275	0.017857142857142856	4905076
2022-06-17	0.03508771929824561	-0.007368421052631609	0.04157894736842101	-0.02754385964912281	0.03508771929824561	8893475
2022-06-20	0.017457627118644087	-0.011016949152542348	0.03288135593220335	-0.020169491525423692	0.017457627118644087	8638381
2022-06-21	-0.05164084624354492	-0.013326669998334238	0.0011660836248542444	-0.06430118274196234	-0.05164084624354492	7581995
2022-06-22	-0.04092745476901455	0.01176883892499564	0.026523801159318426	-0.04092745476901455	-0.04092745476901455	7602283
2022-06-23	0.06868131868131867	0.005311355311355296	0.07032967032967026	-0.0009157509157509938	0.06868131868131867	7789634
2022-06-24	0.03718937446443876	0.0020565552699228352	0.06872322193658952	-0.004627249357326532	0.03718937446443876	8972871
2022-06-27	-0.06906807666886979	0.02445472571050887	0.030237937871777896	-0.07650363516192998	-0.06906807666886979	17973181
2022-06-28	0.08856940007099742	-0.01384451544195955	0.1040113596024139	-0.03248136315228976	0.08856940007099742	15724416
2022-06-29	-0.020055437795532316	-0.016305233980107615	0.04614381216370452	-0.021685961193543102	-0.020055437795532316	14981162
2022-06-30	0.08136439267886844	0.008319467554076539	0.09816971713810313	-0.018635607321131523	0.08136439267886844	13422273
2022-07-01	-0.02492691183258959	0.02569626096322514	0.02892752731189429	-0.04616094783812884	-0.02492691183258959	9567650
2022-07-04	0.036610383462206096	-0.006785545210667504	0.03834622060912103	-0.05033927726053334	0.036610383462206096	10793079
2022-07-05	-0.029228193027858042	-0.013852945653828537	0.011569493073527252	-0.04399451971380729	-0.029228193027858042	7150163
2022-07-06	-0.00878155872667402	-0.016622236161204364	0.03496942135800528	-0.021483456170613213	-0.00878155872667402	5961660
2022-07-07	0.012339819648789767	-0.006486315456415183	0.02910931814586294	-0.020882771713336502	0.012339819648789767	5094052
2022-07-08	0.07923112986404125	0.018909204563213013	0.12330051570557889	0.013127051101734588	0.07923112986404125	12656886
2022-07-11	-0.011149724876918564	-0.0169417897480452	0.022299449753837127	-0.02968433246452356	-0.011149724876918564	6003033
2022-07-12	-0.04217308537121115	0.0074681505344851495	0.0074681505344851495	-0.05051984185092989	-0.04217308537121115	4634373
2022-07-13	-0.004433572848188229	-0.012536309432808335	0.02430820975386032	-0.029200428069102533	-0.004433572848188229	4235858
2022-07-14	0.01888820638820623	-0.0049140049140050275	0.05727886977886962	-0.005221130221130273	0.01888820638820623	3769050
2022-07-15	0.016880180859080704	-0.0052750565184626124	0.05124340617935201	-0.007837226827430235	0.016880180859080704	3945831
2022-07-18	-0.03660886319845856	0.008003557136505206	0.013339261894175274	-0.0672891655550615	-0.03660886319845856	6438802
2022-07-19	-0.045384615384615426	-0.0009230769230769581	0.00861538461538465	-0.046153846153846156	-0.045384615384615426	6403203
2022-07-20	0.0012892828364223271	0.017244157937147467	0.03545527800161165	-0.012087026591458501	0.0012892828364223271	7345187
2022-07-21	0.021084822147110816	-0.0004828585224529396	0.06051826814743277	-0.0090133590857879	0.021084822147110816	6990614
2022-07-22	-0.0561160151324085	-0.014817150063051667	-0.002206809583858773	-0.09158259773013865	-0.0561160151324085	12525226
2022-07-25	-0.033567134268537156	-0.011690046760187088	0.020040080160320568	-0.04792919171676694	-0.033567134268537156	7899132
2022-07-26	-0.010195265249697535	-0.0012096077414895504	0.005702436495593665	-0.031795403490582276	-0.010195265249697535	5032061
2022-07-27	-0.009601955307262645	-0.0008729050279330353	0.008205307262569812	-0.019553072625698404	-0.009601955307262645	5060172
2022-07-28	0.030495328750220412	0.010752688172043126	0.04706504494976206	0.006522122333862235	0.030495328750220412	8351010
2022-07-29	-0.0547382825863839	-0.009750256585699628	0.005815942524803221	-0.057817310981867986	-0.0547382825863839	9838256
2022-08-01	0.009048136083966703	-0.008324285197249382	0.011762576909156688	-0.03257328990228008	0.009048136083966703	9405492
2022-08-02	0.005200860832137718	-0.011836441893830643	0.034433285509325715	-0.02797704447632703	0.005200860832137718	8047931
2022-08-03	-0.004638715432649385	0.006779661016949198	0.034968777876895646	-0.018733273862622607	-0.004638715432649385	7365053
2022-08-04	-0.014160243771285162	0.001075461552249548	0.01613192328374258	-0.021329987452948517	-0.014160243771285162	6031269
2022-08-05	0.2	0.009272727272727236	0.2	0.0	0.2	18829746
2022-08-08	-0.05015151515151518	0.009999999999999948	0.009999999999999948	-0.09969696969696967	-0.05015151515151518	15873171
2022-08-09	-0.00015951507417447775	-0.01850374860424305	0.01004944967299414	-0.038762163024405806	-0.00015951507417447775	9777321
2022-08-10	-0.03366305041480535	-0.014518187619655338	0.025047862156987878	-0.03797064454371414	-0.03366305041480535	8730428
2022-08-11	0.01551923394419676	0.008420009905893974	0.021132573881459487	-0.006438831104507191	0.01551923394419676	5571771
2022-08-12	-0.02438627865387742	-0.007478458787189089	-0.0001625751910258171	-0.03137701186798894	-0.02438627865387742	4600114
2022-08-15	0.016330611564739278	0.00483252791201465	0.023162806198966848	-0.009831694717547015	0.016330611564739278	3842844
2022-08-16	0.005902606984751589	-0.0027873421872438384	0.026069847515986167	-0.00442695523856375	0.005902606984751589	4786139
2022-08-17	0.01026894865525665	-0.006845965770171177	0.0211898940505297	-0.01059494702526485	0.01026894865525665	4853703
2022-08-18	0.07486285898677006	-0.007744433688286494	0.09648273636656982	-0.008873830267828287	0.07486285898677006	12267181
2022-08-19	0.011558090663464365	0.009456619633743552	0.05643950765535861	0.0042029420594416255	0.011558090663464365	11426454
2022-08-22	-0.030123163674135645	-0.004600089033981337	0.017955186229410797	-0.0428847009942128	-0.030123163674135645	6120321
2022-08-23	-0.007037943696450333	-0.0019889840881272256	0.014381884944920407	-0.020042839657282777	-0.007037943696450333	4930699
2022-08-24	-0.0454545454545455	0.004314329738058569	0.006163328197226371	-0.04776579352850552	-0.0454545454545455	5753831
2022-08-25	-0.015819209039548088	0.0009685230024212294	0.012106537530266344	-0.03890234059725591	-0.015819209039548088	4096757
2022-08-26	0.004920452681646781	0.014925373134328419	0.022470067246186724	-0.009348860095128756	0.004920452681646781	3311448
2022-08-29	0.08209564223926871	-0.020727925575322395	0.10445568793863226	-0.022523257711767625	0.08209564223926871	9563604
2022-08-30	-0.004675716440422357	-0.007993966817496246	0.02398190045248874	-0.015082956259426848	-0.004675716440422357	4795277
2022-08-31	-0.06379754508258818	-0.01227458705864507	-0.00015153811183498872	-0.07091983633883911	-0.06379754508258818	5703852
2022-09-01	0.0016186468112658048	-0.0004855940433797529	0.01651019747491091	-0.011168662997733857	0.0016186468112658048	4082810
2022-09-02	-0.034421460892049165	0.004686489980607614	0.010019392372333506	-0.03555268261150619	-0.034421460892049165	4871747
2022-09-05	-0.02794979079497911	-0.024769874476987395	0.015230125523012495	-0.042845188284518866	-0.02794979079497911	5211995
2022-09-06	0.015151515151515195	0.000172176308540033	0.037362258953168075	-0.013429752066115722	0.015151515151515195	3263645
2022-09-07	0.033921302578018994	0.0	0.0559701492537313	0.0	0.033921302578018994	6178683
2022-09-08	-0.00902230971128616	-0.0026246719160105594	0.007053805774278211	-0.017552493438320216	-0.00902230971128616	2446613
2022-09-09	0.0016553550736633244	0.003807316669425658	0.008276775368316504	-0.03327263698063231	0.0016553550736633244	2924410
2022-09-13	-0.02231036192364901	0.0004957858205255518	0.022145099983473863	-0.024954552966451795	-0.02231036192364901	2562367
2022-09-14	-0.012508451656524594	-0.0128465179175118	0.00912778904665325	-0.023326572008113514	-0.012508451656524594	2716091
2022-09-15	-0.02396439575487844	0.009756932557343381	0.01009928106812729	-0.04330708661417325	-0.02396439575487844	4484315
2022-09-16	0.008418098912662169	-0.008067344791301312	0.03262013328656611	-0.016310066643283053	0.008418098912662169	3697145
2022-09-19	-0.015130434782608651	0.006782608695652184	0.013565217391304368	-0.019999999999999976	-0.015130434782608651	2349606
2022-09-20	0.019600918241214894	0.006533639413738255	0.03143210312555172	-0.005650715168638535	0.019600918241214894	2323251
2022-09-21	-0.041219258746103264	-0.004156563907170107	0.002078281953584992	-0.05749913404918601	-0.041219258746103264	3389305
2022-09-22	0.005599710982659001	-0.015534682080924846	0.03594653179190755	-0.02077312138728321	0.005599710982659001	2541204
2022-09-23	0.0474223100413149	0.0687982755523621	0.10472426800790369	0.024070414945212795	0.0474223100413149	12204781
2022-09-26	-0.031040987823700947	-0.013891270794031936	0.03927285199794202	-0.035156919910821545	-0.031040987823700947	6093789
2022-09-27	0.012389380530973501	0.007787610619468986	0.03469026548672568	-0.017699115044247787	0.012389380530973501	4618392
2022-09-28	-0.038986013986014055	-0.003496503496503546	-0.003496503496503546	-0.045104895104895196	-0.038986013986014055	3371851
2022-09-29	0.036929234127706045	0.018737493178097166	0.05148262688739309	0.0038202655994178797	0.036929234127706045	5512324
2022-09-30	-0.04912280701754381	0.0005263157894737041	0.008771929824561403	-0.05473684210526311	-0.04912280701754381	4277187
2022-10-10	-0.07306273062730628	0.0	0.0018450184501843968	-0.09594095940959414	-0.07306273062730628	5399534
2022-10-11	0.04000796178343945	0.0059713375796177776	0.06269904458598723	-0.006767515923566947	0.04000796178343945	4118237
2022-10-12	0.07177033492822966	-0.002105263157894726	0.07712918660287084	-0.008612440191387615	0.07177033492822966	5377989
2022-10-13	-0.022857142857142878	-0.012500000000000051	0.017678571428571464	-0.0285714285714286	-0.022857142857142878	3091123
2022-10-14	0.053362573099415236	0.023026315789473648	0.060489766081871385	0.006578947368421043	0.053362573099415236	4732372
2022-10-17	-0.02220680083275505	0.02359472588480221	0.028452463566967394	-0.04267869535045109	-0.02220680083275505	6303142
2022-10-18	0.001774308019872275	0.01525904897090134	0.019872249822569153	-0.004613200851667814	0.001774308019872275	3998380
2022-10-19	0.0343606092809068	0.0007084661707403321	0.06517888770811193	-0.003188097768331557	0.0343606092809068	6748524
2022-10-20	0.023458904109589118	-0.015410958904109566	0.04109589041095888	-0.03082191780821913	0.023458904109589118	7223778
2022-10-21	-0.004182700351346829	-0.006190396519993383	0.0028442362389157535	-0.024594278065919455	-0.004182700351346829	3956905
2022-10-24	0.016297043010752667	-0.00537634408602151	0.028225806451612896	-0.015456989247311856	0.016297043010752667	8586482
2022-10-25	-0.00925772855017362	-0.0163663415440569	-0.001818482393784087	-0.0548851049760291	-0.00925772855017362	7178422
2022-10-26	0.027865843484064772	0.004838978808610031	0.06490906057066578	-0.004171533455698315	0.027865843484064772	8194989
2022-10-27	-0.008116883116883116	-0.008116883116883116	0.03165584415584408	-0.01655844155844161	-0.008116883116883116	6040876
2022-10-28	0.01685761047463177	0.00016366612111289706	0.047463175122749564	-0.014729950900163642	0.01685761047463177	6876740
2022-10-31	0.010461934653146605	-0.002092386930629367	0.026879124416545865	-0.008691453404152569	0.010461934653146605	5287805
2022-11-01	-0.012105766167569258	-0.018795794839120736	-0.001433577572475365	-0.03631729850270789	-0.012105766167569258	5739533
2022-11-02	-0.0069332473395678764	-0.013221541438245731	0.01564011609158334	-0.02982908739116416	-0.0069332473395678764	5024422
2022-11-03	0.02094495859717485	-0.006494560805325632	0.025328787140769526	-0.00941711316772212	0.02094495859717485	5530125
2022-11-04	0.0009541984732823658	-0.0068384223918575016	0.020992366412213744	-0.023536895674300316	0.0009541984732823658	6620460
2022-11-07	-0.017159199237368895	-0.006990784874483599	0.016841436288528796	-0.01811248808388943	-0.017159199237368895	5686123
2022-11-08	-0.007597801487229209	0.005496281926931836	0.025864856126737817	-0.02440995796960876	-0.007597801487229209	5169352
2022-11-09	-0.019384264538198366	-0.005864147255253289	0.007981755986317021	-0.019384264538198366	-0.019384264538198366	3326587
2022-11-10	-0.04667774086378741	-0.0033222591362126715	0.011295681063122918	-0.05647840531561471	-0.04667774086378741	6394832
2022-11-11	0.028053667886391347	0.04547830632514374	0.06150897368879598	0.026311204042516082	0.028053667886391347	4658187
2022-11-14	-0.017966101694915294	-0.0010169491525424115	0.019999999999999993	-0.02372881355932201	-0.017966101694915294	3396860
2022-11-15	0.05108733172247154	0.006385916465309019	0.06765619606489474	-0.004142216085605711	0.05108733172247154	4747880
2022-11-16	-0.04860426929392448	-0.006568144499178959	-0.0003284072249588838	-0.055008210180624	-0.04860426929392448	6018058
2022-11-17	0.014152571625819819	0.002071108042802978	0.017949603037625116	-0.018812564722126276	0.014152571625819819	3159993
2022-11-18	-0.027569775357385935	-0.0049353301565690805	0.010381211708645328	-0.0299523485364193	-0.027569775357385935	3601946
2022-11-21	-0.012950647532376654	0.0007000350017500725	0.0008750437521875597	-0.02345117255862799	-0.012950647532376654	3285603
2022-11-22	0.014184397163120643	0.008865248226950355	0.027482269503546177	-0.004787234042553121	0.014184397163120643	3688745
2022-11-23	-0.025174825174825256	0.006118881118881019	0.013461538461538391	-0.03496503496503496	-0.025174825174825256	5032877
2022-11-24	-0.006456241032998555	0.008428981348636996	0.030129124820659967	-0.017575322812051593	-0.006456241032998555	5119068
2022-11-25	-0.0202166064981949	0.0036101083032491488	0.0036101083032491488	-0.029241877256317644	-0.0202166064981949	4337836
2022-11-28	0.018422991893883568	-0.009211495946941784	0.024318349299926312	-0.02026529108327195	0.018422991893883568	5258046
2022-11-29	0.0037988422575977	0.004884225759768379	0.019536903039073773	-0.010311143270622292	0.0037988422575977	3991461
2022-11-30	0.002883402414849461	-0.006487655433411415	0.005586592178770862	-0.023067219318796198	0.002883402414849461	5094199
2022-12-01	0.008086253369272288	0.01617250673854445	0.02030548068283922	0.001257861635220131	0.008086253369272288	5041076
2022-12-02	0.003208556149732615	0.0014260249554366897	0.014081996434937596	-0.005169340463458095	0.003208556149732615	3699777
2022-12-05	0.013148542999289303	0.007462686567164209	0.02167732764747688	0.0017768301350391154	0.013148542999289303	4533647
2022-12-06	0.009470361276744986	-0.008768853034023149	0.020694493160294626	-0.0235005261311821	0.009470361276744986	4126212
2022-12-07	-0.01094510076441978	-0.005385684503127211	-0.001389854065323235	-0.021021542738012523	-0.01094510076441978	3506043
2022-12-08	0.020200245916037213	-0.006674863867908002	0.030739504654839277	-0.009485332864921819	0.020200245916037213	5667864
2022-12-09	-0.021866391184572936	-0.0017217630853994736	0.03133608815426998	-0.02203856749311297	-0.021866391184572936	9339366
2022-12-12	-0.0007041013906002314	-0.0036965323006513087	0.013553951769054674	-0.019890864284457008	-0.0007041013906002314	6433376
2022-12-13	-0.003699136868064133	-0.005989078738770537	-0.0012330456226880445	-0.019552580588339027	-0.003699136868064133	3159710
2022-12-14	0.007248939179632189	0.01184582743988675	0.020155586987270165	-0.004596888260254687	0.007248939179632189	3663348
2022-12-15	-0.002984026680709175	-0.00789889415481825	0.004388274530454626	-0.01860628400912765	-0.002984026680709175	2671139
2022-12-16	-0.021302816901408343	-0.000176056338028134	0.0	-0.02570422535211257	-0.021302816901408343	2557832
2022-12-19	-0.005396654074473903	0.006475984889368581	0.012412304371289758	-0.01601007375427236	-0.005396654074473903	2109859
2022-12-20	0.021342014830891657	-0.0036172906493035944	0.028938325194429397	-0.0036172906493035944	0.021342014830891657	3175110
2022-12-21	-0.02248981760226662	0.00548964051708876	0.005666725695059329	-0.026916947051531716	-0.02248981760226662	2287797
2022-12-22	-0.0005434782608695858	0.00036231884057963805	0.0108695652173912	-0.012681159420289906	-0.0005434782608695858	1939689
2022-12-23	-0.04676454594888523	-0.01395686061265186	-0.006162769621170988	-0.05564618452057278	-0.04676454594888523	2580713
2022-12-26	0.03860049439056843	-0.009127210496292146	0.04202319832667795	-0.009127210496292146	0.03860049439056843	2253150
2022-12-27	-0.004027828634199906	0.00421091175393636	0.006774075430245415	-0.029659465397290325	-0.004027828634199906	2103025
2022-12-28	0.0034926470588236185	-0.004044117647058803	0.01930147058823537	-0.013235294117647038	0.0034926470588236185	2253434
2022-12-29	-0.00622824693167253	0.0038468583989740564	0.010075105330646586	-0.019234291994870933	-0.00622824693167253	2636290
2022-12-30	0.0058986175115207425	0.0027649769585253196	0.01751152073732724	-0.0036866359447005133	0.0058986175115207425	2230089
2023-01-03	0.013377313542239267	0.007696536558548684	0.015393073117097238	-0.016675829210188817	0.013377313542239267	2710205
2023-01-04	-0.022965641952983656	0.0018083182640144923	0.011934900542495547	-0.02730560578661841	-0.022965641952983656	3662027
2023-01-05	0.007218212104386462	0.0009254118082546207	0.009254118082546734	-0.013511012400518304	0.007218212104386462	3198284
2023-01-06	0.029033443586916542	-0.00441014332965825	0.03270856302829844	-0.011392870268283803	0.029033443586916542	5627807
2023-01-09	-0.008035714285714337	-0.003214285714285709	0.028035714285714292	-0.01321428571428575	-0.008035714285714337	4099972
2023-01-10	-0.01890189018901885	0.0	0.010801080108010827	-0.028082808280827997	-0.01890189018901885	5285094
2023-01-11	-0.022018348623853264	0.0	0.009174311926605505	-0.02733944954128444	-0.022018348623853264	5257009
2023-01-12	0.0403377110694185	-0.0009380863039399092	0.05309568480300198	-0.007504690431519674	0.0403377110694185	6585767
2023-01-13	-0.029576194770063128	0.0009017132551847999	0.00937781785392238	-0.03228133453561779	-0.029576194770063128	6773634
2023-01-16	0.04014123768816199	0.012637056309236196	0.05705259245493403	0.0011150343802266338	0.04014123768816199	4917790
2023-01-17	0.007682687153832406	0.002322672860461007	0.023226728604609687	-0.0012506700017866764	0.007682687153832406	2785382
2023-01-18	0.003014184397163151	0.009042553191489326	0.015957446808510613	-0.0037234042553191643	0.003014184397163151	2285992
2023-01-19	0.01255082199045432	-0.0047728477991869035	0.01697012550821992	-0.009899239879794984	0.01255082199045432	2270725
2023-01-20	-0.010300279329608997	0.015188547486033474	0.01606145251396651	-0.015363128491620156	-0.010300279329608997	3199851
2023-01-30	0.009525489504321735	0.014288234256482665	0.019580172869994698	0.002645969306756142	0.009525489504321735	3518270
2023-01-31	-0.02446269439105362	-0.002271535907740616	0.00034946706272939243	-0.029704700331993638	-0.02446269439105362	3176111
2023-02-01	0.017195056421278897	-0.0023284972237147673	0.019702668816048746	-0.004836109618484614	0.017195056421278897	3028347
2023-02-02	0.0010565240359218574	-0.0015847860538826608	0.015671773199506966	-0.005106532840288769	0.0010565240359218574	3301286
2023-02-03	-0.016182937554969246	0.0	0.004925241864555868	-0.023746701846965725	-0.016182937554969246	3141496
2023-02-06	-0.01609154300017877	0.0012515644555694668	0.0012515644555694668	-0.023779724655819744	-0.01609154300017877	2930704
2023-02-07	-0.0061784481192077665	0.006541886243866971	0.006541886243866971	-0.01290205342540434	-0.0061784481192077665	2973785
2023-02-08	-0.014445053940391282	-0.0005485463521667789	0.01023953190711286	-0.014810751508502381	-0.014445053940391282	2630714
2023-02-09	0.027272727272727254	0.0014842300556585956	0.030426716141001866	-0.011873840445269028	0.027272727272727254	3948082
2023-02-10	-0.010113780025284362	-0.005237493227379432	0.0030702546505328105	-0.012100415387393799	-0.010113780025284362	2310616
2023-02-13	0.0	-0.007845283707352668	0.006750592957489462	-0.012953840540047452	0.0	2802305
2023-02-14	-0.011129355956942153	0.0032840722495894857	0.008757525998905252	-0.020069330414158027	-0.011129355956942153	3140032
2023-02-15	-0.010516605166051666	0.0023985239852397683	0.0023985239852397683	-0.01660516605166062	-0.010516605166051666	3537890
2023-02-16	-0.01174715644228981	-0.002424016408726507	0.013984710050344955	-0.01771396606377033	-0.01174715644228981	3983305
2023-02-17	-0.0224528301886792	0.0	0.0041509433962263935	-0.0228301886792453	-0.0224528301886792	3950832
2023-02-20	-0.004053271569195153	0.0	0.008492569002123099	-0.02181046130090721	-0.004053271569195153	3673516
2023-02-21	-0.0046511627906977125	0.001356589147286827	0.010658914728682115	-0.011240310077519347	-0.0046511627906977125	2833219
2023-02-22	-0.0021417445482865933	-0.00642523364485978	0.008177570093457978	-0.007009345794392512	-0.0021417445482865933	2039167
2023-02-23	-0.0003902439024390854	-0.0009756097560975056	0.0033170731707317406	-0.00780487804878046	-0.0003902439024390854	2680817
2023-02-24	-0.0037087643958617555	-0.004489556900253697	0.0058559437829397674	-0.006246340035135668	-0.0037087643958617555	2225199
2023-02-27	0.0119514106583072	-0.0047021943573668104	0.018808777429467103	-0.007053291536050146	0.0119514106583072	3455098
2023-02-28	0.0019361084220716636	0.016069699903194547	0.018199419167473474	-0.012971926427879995	0.0019361084220716636	3338759
2023-03-01	0.004637681159420328	-0.00405797101449277	0.010628019323671443	-0.006956521739130424	0.004637681159420328	3249890
2023-03-02	0.0013464127716868682	0.0017311021350258954	0.010001923446816618	-0.005577995768416987	0.0013464127716868682	3041430
2023-03-03	0.03803303880138296	0.0017287744909718844	0.0422589320015366	0.0017287744909718844	0.03803303880138296	7004570
2023-03-06	0.0011102886750555564	0.0016654330125833348	0.010732790525536608	-0.019245003700962236	0.0011102886750555564	4050054
2023-03-07	-0.014048059149722698	-0.003327171903881695	0.00979667282809614	-0.01645101663585953	-0.014048059149722698	2847637
2023-03-08	-0.005436820397450436	-0.0013123359580052545	0.006374203224596856	-0.014248218972628516	-0.005436820397450436	2247986
2023-03-09	0.032422243166823864	-0.004524033930254381	0.04561734213006601	-0.0082940622054665	0.032422243166823864	6842848
2023-03-10	-0.02410078510133285	-0.00018258170531322101	0.006390359685959363	-0.025013693627898567	-0.02410078510133285	3644585
2023-03-13	0.005238540692235622	-0.0037418147801684346	0.0099158091674461	-0.018147801683816762	0.005238540692235622	3862562
2023-03-14	-0.0037223152801041455	0.0003722315280104807	0.004466778336125107	-0.01730876605248464	-0.0037223152801041455	2629029
2023-03-15	0.0069120119559125245	-0.0011208668036615406	0.014944890715486589	-0.00448346721464603	0.0069120119559125245	3448467
2023-03-16	-0.06307977736549163	-0.003339517625231906	0.007050092764378527	-0.06493506493506494	-0.06307977736549163	6297372
2023-03-17	0.00019801980198015862	0.009306930693069284	0.01504950495049501	-0.019999999999999962	0.00019801980198015862	7015435
2023-03-20	-0.01920411799643633	0.0017818253811127185	0.0017818253811127185	-0.0275193031082954	-0.01920411799643633	4350844
2023-03-21	0.03249899071457407	0.009890997174000847	0.043601130399677106	0.0024222850222042278	0.03249899071457407	4180801
2023-03-22	0.00782013685239489	0.0052785923753666305	0.02248289345063536	-0.002737047898338232	0.00782013685239489	3236577
2023-03-23	-0.004267701260911715	0.004461687681862347	0.006789524733268699	-0.010669253152279286	-0.004267701260911715	3080804
2023-03-24	-0.0005844535359439147	0.006818624586012107	0.022209234365867924	-0.002727449834404843	-0.0005844535359439147	3159850
2023-03-27	-0.012865497076023327	-0.004093567251461866	-0.0017543859649122087	-0.019493177387914232	-0.012865497076023327	2285424
2023-03-28	-0.016192733017377572	0.0073064770932069	0.009083728278041091	-0.020339652448657212	-0.016192733017377572	2712125
2023-03-29	0.003010839020473677	0.0	0.008430349257326409	-0.006623845845042118	0.003010839020473677	3268874
2023-03-30	0.004402641584950948	-0.003201921152691547	0.016209725835501346	-0.008204922953772195	0.004402641584950948	2542435
2023-03-31	-0.04881450488145041	-0.002191671647738582	0.010759115361625805	-0.050209205020920425	-0.04881450488145041	7338341
2023-04-03	0.018223711772098816	0.0012568077084205104	0.0263929618768328	-0.0008378718056137232	0.018223711772098816	5812230
2023-04-04	-0.01604608105328124	0.0018514708907632876	0.0018514708907632876	-0.029829253240074117	-0.01604608105328124	6197136
2023-04-06	0.05477733639974921	0.0010453690152624768	0.07484842149278692	-0.010453690152623877	0.05477733639974921	8289461
2023-04-07	0.031516352824578715	0.0035678889990089138	0.04023785926660047	-0.008325074331020846	0.031516352824578715	7417716
2023-04-10	-0.024596464258262896	-0.0036510376633358517	0.014604150653343544	-0.03132205995388168	-0.024596464258262896	5348455
2023-04-11	-0.004334121355397929	-0.0005910165484633794	0.01260835303388496	-0.02088258471237185	-0.004334121355397929	5283495
2023-04-12	0.00257222002374362	-0.001780767708745475	0.008112386228729793	-0.010091017016224734	0.00257222002374362	3003942
2023-04-13	-0.032366291691336105	-0.0021709098085652147	-0.0021709098085652147	-0.03611604499703963	-0.032366291691336105	5001171
2023-04-14	0.015704670609830634	0.0	0.026106465429329005	-0.008566183968998607	0.015704670609830634	4892480
2023-04-17	-0.004016064257028027	-0.006827309236947718	0.009437751004016184	-0.01064257028112438	-0.004016064257028027	2824881
2023-04-18	-0.0022177419354838593	0.0	0.0054435483870966936	-0.0133064516129033	-0.0022177419354838593	2796551
2023-04-19	-0.028086482117599527	-0.0018185492018590302	0.0	-0.03253182461103252	-0.028086482117599527	4504311
2023-04-20	0.005821205821205845	0.0043659043659043835	0.009771309771309748	-0.007900207900207953	0.005821205821205845	3807397
2023-04-21	-0.016122364613476665	-0.0016535758577925878	0.030384456386936726	-0.021703183133526337	-0.016122364613476665	4885196
2023-04-24	-0.031512605042016806	0.0	0.0018907563025209308	-0.03886554621848742	-0.031512605042016806	4934234
2023-04-25	-0.0281995661605207	-0.0065075921908894635	0.015184381778741773	-0.040997830802603046	-0.0281995661605207	5163878
2023-04-26	0.027901785714285716	0.004910714285714419	0.04397321428571442	0.0037946428571428953	0.027901785714285716	3259273
2023-04-27	0.010857763300760045	0.00021715526601531198	0.018892508143322575	-0.005428881650380022	0.010857763300760045	3306851
2023-04-28	0.00021482277121385857	-0.0017185821697099527	0.013963480128893785	-0.014393125671321045	0.00021482277121385857	2900158
2023-05-04	0.030498281786941462	0.007731958762886585	0.04982817869415808	0.0015034364261168444	0.030498281786941462	5229148
2023-05-05	0.008753647353063812	0.006044185077115596	0.014172571904960395	-0.015423092955397977	0.008753647353063812	4449954
2023-05-08	-0.0020661157024793684	-0.0002066115702478928	0.009297520661157084	-0.009504132231404977	-0.0020661157024793684	2515182
2023-05-09	-0.005175983436853002	0.004761904761904845	0.02898550724637693	-0.006211180124223544	-0.005175983436853002	3920947
2023-05-10	-0.012486992715920799	0.0031217481789803476	0.009157127991675439	-0.02101977107180017	-0.012486992715920799	3057304
2023-05-11	-0.0029504741833509076	0.001053740779768117	0.01116965226554255	-0.006954689146470082	-0.0029504741833509076	1927837
2023-05-12	-0.02874656520820121	0.005918410484041453	0.005918410484041453	-0.030014796026210138	-0.02874656520820121	3294973
2023-05-15	0.016322089227421108	-0.005440696409140369	0.01653971708378668	-0.00935799782372143	0.016322089227421108	1848703
2023-05-16	-0.004282655246252738	-0.00342612419700222	0.012419700214132724	-0.007708779443254805	-0.004282655246252738	1463947
2023-05-17	0.010322580645161223	0.006451612903225746	0.02021505376344081	-0.009892473118279588	0.010322580645161223	2566743
2023-05-18	0.0031928480204343485	0.0031928480204343485	0.008939974457215873	-0.009578544061302591	0.0031928480204343485	2195392
2023-05-19	0.002758328028856258	0.0029705071079991633	0.009548058561425753	-0.012094207511139408	0.002758328028856258	2259853
2023-05-22	-0.013753702920016897	0.0008463817181548699	0.004866694879390689	-0.014811680067710447	-0.013753702920016897	1765466
2023-05-23	-0.02810555674747913	-0.0036472859901309097	0.004076378459557986	-0.02810555674747913	-0.02810555674747913	3313693
2023-05-24	-0.011479028697571657	0.002869757174392993	0.007726269315673321	-0.013245033112582657	-0.011479028697571657	2144326
2023-05-25	0.006699419383653353	0.0004466279589101389	0.008262617239839157	-0.008932559178204524	0.006699419383653353	2380268
2023-05-26	-0.004214729370008823	0.0026619343389530734	0.0026619343389530734	-0.012644188110026626	-0.004214729370008823	1546865
2023-05-29	-0.022276676319893073	0.0002227667631988864	0.0026732011583871116	-0.032078413900645975	-0.022276676319893073	3045160
2023-05-30	0.06197311460469353	-0.003189792663476887	0.06858054226475274	-0.004784688995215331	0.06197311460469353	7344853
2023-05-31	-0.018236429950654397	-0.012872774082814877	0.005149109633125981	-0.018236429950654397	-0.018236429950654397	4204977
2023-06-01	-0.03081293706293699	0.0034965034965035776	0.005244755244755288	-0.039335664335664274	-0.03081293706293699	5422785
2023-06-02	-0.0009019165727170045	-0.0015783540022547978	0.006989853438556824	-0.007440811724915407	-0.0009019165727170045	2624820
2023-06-05	-0.02911306702775895	0.004287971112615611	0.014669374858948286	-0.03024148047844738	-0.02911306702775895	5440076
2023-06-06	-0.01255230125523027	0.004649000464899947	0.010227801022780049	-0.01696885169688526	-0.01255230125523027	3546832
2023-06-07	-0.0016478342749529258	0.0004708097928437648	0.01177024482109228	-0.014359698681732569	-0.0016478342749529258	3392610
2023-06-08	-0.0061306295684979495	0.002122141004480156	0.00235793444942234	-0.012025465692053715	-0.0061306295684979495	2419947
2023-06-09	0.03914590747330957	0.0	0.03914590747330957	-0.003558718861209931	0.03914590747330957	4303112
2023-06-12	-0.03059360730593599	-0.003424657534246543	0.0006849315068493411	-0.050684931506849294	-0.03059360730593599	5284338
2023-06-13	-0.014366462552991037	-0.0037682524729157722	0.0	-0.024493641073951935	-0.014366462552991037	4397735
2023-06-14	-0.0057347670250896534	0.003345280764635617	0.007168458781361939	-0.0057347670250896534	-0.0057347670250896534	2636663
2023-06-15	0.01922614756068246	0.000961307378034106	0.02235039653929343	-0.003845229512136424	0.01922614756068246	2801518
2023-06-16	0.0075453902381513865	0.006838009903324836	0.01815609526055183	-0.002357934449422172	0.0075453902381513865	3118419
2023-06-19	-0.00023402761525855397	0.0016381933068102103	0.015211794991809167	-0.0032763866136202545	-0.00023402761525855397	2819724
2023-06-20	-0.008895131086142215	0.0011704119850188264	0.008895131086142382	-0.01053370786516844	-0.008895131086142215	3489072
2023-06-21	-0.022201228153046877	0.004251299008030224	0.009211147850732014	-0.022201228153046877	-0.022201228153046877	3559200
2023-06-26	-0.01666666666666661	-0.009661835748792237	0.002415458937198102	-0.02342995169082123	-0.01666666666666661	3257752
2023-06-27	0.011545074920167007	0.003930238270695077	0.017686072218128197	-0.0007369196757553705	0.011545074920167007	2665091
2023-06-28	0.006799417192812072	0.0029140359397765284	0.011656143759106287	-0.009227780475959266	0.006799417192812072	2183789
2023-06-29	0.009889049686444683	-0.007477086348287561	0.027496382054992777	-0.007477086348287561	0.009889049686444683	2996224
2023-06-30	-0.00023883448769997638	-0.0035825173155003246	0.013374731311201392	-0.0038213518032003007	-0.00023883448769997638	2720016
2023-07-03	0.021978021978022018	0.00047778308647881333	0.04562828475871963	0.0	0.021978021978022018	5523247
2023-07-04	0.03927068723702664	0.0016362786348761169	0.07877512856474982	-0.00584385226741468	0.03927068723702664	8942865
2023-07-05	-0.005623031938821413	-0.0033738191632928156	0.013945119208277046	-0.008322087269455632	-0.005623031938821413	4579014
2023-07-06	0.0009047726758651696	0.003166704365528174	0.014702555982809286	-0.007464374575887769	0.0009047726758651696	3483710
2023-07-07	-0.021920903954802236	-0.0011299435028247946	0.007005649717514176	-0.025536723163841864	-0.021920903954802236	3760326
2023-07-10	-0.004158964879852119	0.005314232902033199	0.02010166358595188	-0.012014787430683991	-0.004158964879852119	3273587
2023-07-11	0.015081206496519688	0.004640371229698277	0.022041763341067187	0.0	0.015081206496519688	3585244
2023-07-12	-0.010285714285714351	0.0034285714285713963	0.013028571428571434	-0.013257142857142818	-0.010285714285714351	3179189
2023-07-13	0.02909930715935347	0.0011547344110855488	0.03348729792147813	0.0011547344110855488	0.02909930715935347	4513535
2023-07-14	-0.02760323159784569	-0.0035906642728905673	0.003141831238779187	-0.03231597845601447	-0.02760323159784569	7096724
2023-07-17	-0.009693053311793254	-0.005308100623124784	-0.0043849526886683065	-0.019155319639972267	-0.009693053311793254	2655427
2023-07-18	0.006059193661151366	0.0	0.0123514332323468	-0.004660918200885476	0.006059193661151366	2045721
2023-07-19	-0.0020847810979847904	-0.0032429928190873423	0.011118832522585055	-0.004632846884410536	-0.0020847810979847904	1590865
2023-07-20	-0.020891364902506933	0.005106778087279454	0.008124419684308297	-0.021819870009284998	-0.020891364902506933	2056916
2023-07-21	0.0	0.0	0.007349454717875825	-0.0042674253200568925	0.0	1353096
2023-07-24	-0.013039355144618235	-0.0037932669511616074	-0.0014224751066856868	-0.01730678046467513	-0.013039355144618235	1997197
2023-07-25	0.027384098006245507	0.006725918808551381	0.030506846024501464	0.004323804948354545	0.027384098006245507	2194968
2023-07-26	0.002571896188917452	0.0007014262333409874	0.019172317044657477	-0.003974748655599759	0.002571896188917452	1434168
2023-07-27	-0.002332089552238839	0.002798507462686507	0.012593283582089531	-0.006296641791044849	-0.002332089552238839	1558354
2023-07-28	0.014492753623188345	-0.009116409537166914	0.015194015895278135	-0.01776531089294058	0.014492753623188345	2064929
2023-07-31	0.03686635944700464	-0.00046082949308746593	0.04032258064516129	-0.0009216589861750956	0.03686635944700464	5284732
2023-08-01	-0.007555555555555631	-0.0042222222222221715	-0.001555555555555562	-0.014888888888888927	-0.007555555555555631	2509328
2023-08-02	-0.0011195700850872628	-0.005150022391401632	0.0067174205105240544	-0.012091356918943108	-0.0011195700850872628	2054528
2023-08-03	0.010535754315175944	-0.007621609504595299	0.01748486886348355	-0.007621609504595299	0.010535754315175944	2131679
2023-08-04	-0.008651286601597174	-0.0017746228926352773	0.011535048802129617	-0.009982253771073552	-0.008651286601597174	1942225
2023-08-07	-0.0008950548221078351	-0.0035802192884313404	0.003803982993958418	-0.011635712687402015	-0.0008950548221078351	2061293
2023-08-08	-0.03157894736842098	-0.01970884658454637	-0.01343784994400899	-0.03964165733482634	-0.03157894736842098	1961784
2023-08-09	0.0002312673450508328	-0.006706753006475465	0.00578168362627197	-0.009019426456984286	0.0002312673450508328	1099348
2023-08-10	-0.007861271676300657	-0.00369942196531784	0.004624277456647464	-0.01664739884393061	-0.007861271676300657	1805952
2023-08-11	-0.022838499184339243	-0.0011652295502213275	0.0053600559310185035	-0.024702866464693433	-0.022838499184339243	1598687
2023-08-14	-0.020033388981635973	-0.0031004054376342132	-0.0031004054376342132	-0.03291199618411644	-0.020033388981635973	2506639
2023-08-15	-0.019469457288878174	-0.0019469457288879386	0.004623996106108487	-0.02896081771720625	-0.019469457288878174	3271522
2023-08-16	-0.01687763713080168	-0.001985604368329568	0.005212211466865248	-0.01886324149913125	-0.01687763713080168	2671301
2023-08-17	0.007573844988639161	-0.0032819994950770656	0.01716738197424892	-0.014642766978035807	0.007573844988639161	2732107
2023-08-18	-0.010022550739163083	0.021047356552242633	0.021047356552242633	-0.012778752192432925	-0.010022550739163083	2781228
2023-08-21	-0.025563148569982232	-0.009617818273854606	0.005821311060491116	-0.025563148569982232	-0.025563148569982232	2528696
2023-08-22	0.024415584415584356	0.004155844155844067	0.029090909090909025	-0.009350649350649335	0.024415584415584356	2921132
2023-08-23	0.05679513184584184	0.03169371196754564	0.07707910750507098	0.027636916835699885	0.05679513184584184	8326571
2023-08-24	0.023272552783109378	0.01151631477927056	0.03982725527831103	0.002399232245681416	0.023272552783109378	4541332
2023-08-25	-0.030246189917936674	-0.007502930832356396	-0.00046893317702218103	-0.03352872215709261	-0.030246189917936674	3415484
2023-08-28	0.012814313346228267	0.06745647969052222	0.08776595744680857	0.011121856866537739	0.012814313346228267	4300912
2023-08-29	0.03795655287658144	0.0	0.04726665075196937	0.0	0.03795655287658144	4100389
2023-08-30	0.015409383624655054	0.00850965961361556	0.025758969641214456	-0.002069917203311783	0.015409383624655054	3911916
2023-08-31	-0.011551528878822152	-0.0038505096262741044	0.012231030577576425	-0.016987542468856174	-0.011551528878822152	2891701
2023-09-01	0.00824931255728688	0.0057286892758936754	0.011457378551787351	-0.0077910174152154765	0.00824931255728688	2168512
2023-09-04	-0.00022727272727268206	0.005681818181818182	0.014999999999999923	-0.0011363636363635717	-0.00022727272727268206	3231287
2023-09-05	-0.010456922027733595	-0.007274380541032059	0.011366219595362582	-0.014548761082064118	-0.010456922027733595	2828155
2023-09-06	-0.007810705260739798	0.0016080863772111253	0.005283712382265032	-0.01654031702274291	-0.007810705260739798	2415385
2023-09-07	-0.017133595739754454	-0.00046307015512840984	0.004630701551285085	-0.017133595739754454	-0.017133595739754454	3787949
2023-09-08	0.0004711425206123915	-0.004004711425206165	0.012249705535924523	-0.004004711425206165	0.0004711425206123915	1947073
2023-09-11	0.010595714622086246	0.009182952672474702	0.019307746644690378	-0.0018836825994819472	0.010595714622086246	2064137
2023-09-12	0.002096924510717528	-0.0037278657968314	0.008154706430568532	-0.012115563839701844	0.002096924510717528	2222162
2023-09-13	-0.005580097651708786	-0.0072076261334572235	0.00046500813764248144	-0.012322715647523859	-0.005580097651708786	1844045
2023-09-14	-0.027823240589198148	0.0053776011222819	0.007715688566752356	-0.03296703296703305	-0.027823240589198148	2807395
2023-09-15	-0.006253006253006206	0.006974506974506954	0.010101010101010142	-0.010101010101010142	-0.006253006253006206	1947854
2023-09-18	-0.007744433688286551	0.005324298160696971	0.005324298160696971	-0.011132623426911927	-0.007744433688286551	1950298
2023-09-19	-0.009756097560975575	-0.00024390243902434173	0.0034146341463414773	-0.021463414634146402	-0.009756097560975575	2248254
2023-09-20	-0.012807881773399091	0.0022167487684728155	0.002463054187192153	-0.012807881773399091	-0.012807881773399091	1409977
2023-09-21	-0.0029940119760478406	-0.0049900199600797345	0.005239520958083854	-0.006986027944111805	-0.0029940119760478406	1721787
2023-09-22	0.009759759759759774	-0.005755755755755855	0.012762762762762713	-0.005755755755755855	0.009759759759759774	2300052
2023-09-25	-0.00793060718711277	0.0	0.0	-0.01437422552664184	-0.00793060718711277	2311196
2023-09-26	-0.007744191856107975	0.001748688483637279	0.0022483137646764004	-0.011991006744941394	-0.007744191856107975	1656689
2023-09-27	-0.001007049345417904	0.002014098690835808	0.021148036253776523	-0.0012588116817723353	-0.001007049345417904	2315639
2023-09-28	0.0025201612903226166	0.005796370967741857	0.00957661290322587	-0.0020161290322580215	0.0025201612903226166	2201828
2023-10-09	-0.0035193564605329455	0.0005027652086474616	0.006033182503770789	-0.01181498240321767	-0.0035193564605329455	2038066
2023-10-10	-0.00681130171543903	0.009081735620585252	0.011352169525731657	-0.00681130171543903	-0.00681130171543903	1976365
2023-10-11	0.0007620015240030769	0.006350012700025401	0.009398018796037709	-0.006858013716027332	0.0007620015240030769	2175422
2023-10-12	0.005837563451776751	0.002538071065989884	0.012436548223350304	-0.0050761421319795875	0.005837563451776751	2540122
2023-10-13	-0.015897047691143137	-0.00454201362604087	0.0007570022710066623	-0.02447640676255377	-0.015897047691143137	2265453
2023-10-16	-0.02564102564102564	-0.0002564102564102054	0.0035897435897436045	-0.031282051282051256	-0.02564102564102564	2340024
2023-10-17	0.007368421052631609	-0.0026315789473684583	0.00973684210526309	-0.010789473684210437	0.007368421052631609	1688154
2023-10-18	-0.021421107628004185	-0.004179728317659449	-0.0020898641588296316	-0.022466039707419002	-0.021421107628004185	1773441
2023-10-19	-0.0200213561131874	-0.0016017084890550526	-0.0002669514148424455	-0.0200213561131874	-0.0200213561131874	2732081
2023-10-20	-0.005992917461182208	-0.005448106782893022	0.0076273494960501535	-0.009534186870062692	-0.005992917461182208	2463592
2023-10-23	-0.0016442861057824683	-0.0054809536859414315	0.013154288846259164	-0.00904357358180338	-0.0016442861057824683	2413573
2023-10-24	-0.007136975020587373	0.014273950041174942	0.014822948119681557	-0.01454844908042825	-0.007136975020587373	2849898
2023-10-25	0.01907658280342819	0.012717721868952193	0.025158971523361807	0.006358860934475998	0.01907658280342819	2711167
2023-10-26	0.037981551817688516	-0.00515463917525767	0.04123711340206194	-0.010851871947910976	0.037981551817688516	3749264
2023-10-27	-0.002352326189231477	-0.009409304756926279	0.007318348144276036	-0.032932566649241976	-0.002352326189231477	4482240
2023-10-30	0.03196227403720196	-0.0002619858527640848	0.03405816085931352	-0.007859575582918634	0.03196227403720196	5053859
2023-10-31	-0.016501650165016465	-0.00507743082000515	-0.001523229246001581	-0.020309723280020238	-0.016501650165016465	2529173
2023-11-01	-0.010325245224574047	-0.0028394424367578584	0.0033557046979864596	-0.01058337635518853	-0.010325245224574047	2664796
2023-11-02	-0.010954616588419449	0.0	0.01747522170057367	-0.011215440792905759	-0.010954616588419449	2243340
2023-11-03	0.056434599156118155	-0.0005274261603376352	0.06434599156118137	-0.002637130801687801	0.056434599156118155	5757227
2023-11-06	0.014727908137793217	0.010733899151273082	0.03594608087868192	-0.0002496255616576414	0.014727908137793217	5658412
2023-11-07	-0.0027060270602705886	0.0004920049200492774	0.009594095940959424	-0.009840098400983975	-0.0027060270602705886	3079272
2023-11-08	-0.01258016773556976	-0.0002466699555993589	-0.0002466699555993589	-0.016280217069560843	-0.01258016773556976	4510858
2023-11-09	-0.007244566575068677	0.0	0.0057456907319509585	-0.007744191856107975	-0.007244566575068677	2135113
2023-11-10	-0.008555611474584886	0.011071967790639096	0.011071967790639096	-0.019879214896829367	-0.008555611474584886	3096154
2023-11-13	0.0012690355329950322	0.002538071065989884	0.00862944162436557	-0.007868020304568405	0.0012690355329950322	2301362
2023-11-14	0.007604562737642513	0.0005069708491760715	0.017997465145753958	-0.0012674271229405388	0.007604562737642513	3244267
2023-11-15	-0.0002515723270439751	0.009056603773584892	0.011320754716981204	-0.007295597484276708	-0.0002515723270439751	2958318
2023-11-16	-0.004026170105687058	-0.004781077000503392	0.0020130850528434397	-0.005535983895319548	-0.004026170105687058	1814328
2023-11-17	0.0027791814047498594	-0.0015159171298634454	0.004295098534613484	-0.006821627084385953	0.0027791814047498594	2050391
2023-11-20	-0.0073066263542453805	-0.0027714789619551383	0.0027714789619551383	-0.011589821113630659	-0.0073066263542453805	2885441
2023-11-21	-0.012436548223350304	0.00025380710659893426	0.0060913705583756856	-0.01446700507614214	-0.012436548223350304	2620986
2023-11-22	-0.024672320740169465	-0.0015420200462604773	0.0025700334104343725	-0.027756360832690785	-0.024672320740169465	3260178
2023-11-23	-0.0007905138339921248	-0.0013175230566536036	0.004743083003952562	-0.010540184453228081	-0.0007905138339921248	2162517
2023-11-24	-0.01265822784810137	0.002900843881856525	0.002900843881856525	-0.015295358649788983	-0.01265822784810137	2240267
2023-11-27	0.0018696581196581273	0.00026709401709415373	0.012019230769230846	-0.0037393162393162547	0.0018696581196581273	2229450
2023-11-28	0.017861903492402072	0.0031991468941616782	0.02319381498267141	-0.011463609704078906	0.017861903492402072	3619855
2023-11-29	-0.00026191723415395525	-0.004452592980618169	0.015976951283394433	-0.006809848088004139	-0.00026191723415395525	3552502
2023-11-30	0.008383547288446432	-0.001571915116583764	0.018600995546240524	-0.009431490699502212	0.008383547288446432	4151801
2023-12-01	-0.020784619381657682	-0.0025980774227072337	-0.0025980774227072337	-0.040789815536502995	-0.020784619381657682	5672143
2023-12-04	-0.022021756434067348	0.0071637039002388735	0.0071637039002388735	-0.022287078800742807	-0.022021756434067348	4411298
2023-12-05	-0.01763429191535536	-0.001627780792186714	0.0040694519804665924	-0.018990775908844352	-0.01763429191535536	3933401
2023-12-06	-0.0013808340237504628	0.0033140016570007576	0.009665838166252456	-0.00828500414250219	-0.0013808340237504628	3389276
2023-12-07	-0.006360619469026463	0.0	0.0030420353982302697	-0.027101769911504342	-0.006360619469026463	5699098
2023-12-08	0.029501809073197948	-0.0013915947676035947	0.029501809073197948	-0.006401335930976812	0.029501809073197948	6007709
2023-12-11	-0.01946472019464717	-0.018924033522573745	-0.009191673425250159	-0.04136253041362533	-0.01946472019464717	5237318
2023-12-12	-0.006065618968844939	0.0008271298593877593	0.0016542597187757144	-0.012958367797077638	-0.006065618968844939	3003378
2023-12-13	-0.02163661581137293	-0.00027739251040216395	-0.00027739251040216395	-0.02274618585298198	-0.02163661581137293	3259143
2023-12-14	-0.0014176353841793099	0.009072866458746817	0.02041394953218029	-0.0014176353841793099	-0.0014176353841793099	2793677
2023-12-15	-0.01476433844406576	0.0	0.010221465076660972	-0.01504826802952871	-0.01476433844406576	3806196
2023-12-18	-0.022766570605187497	0.0	0.0046109510086454345	-0.025936599423631284	-0.022766570605187497	4230921
2023-12-19	0.0017693895606016596	-0.0035387791212031098	0.007372456502506636	-0.006192863462105389	0.0017693895606016596	2184560
2023-12-20	-0.005298793052693545	0.0014718869590816682	0.012952605239917508	-0.005298793052693545	-0.005298793052693545	2931663
2023-12-21	0.012725658478839885	-0.006806747558449153	0.017756732761171987	-0.009470257472625046	0.012725658478839885	2543856
2023-12-22	0.012273524254821791	-0.002045587375803632	0.01928696668614856	-0.007305669199298656	0.012273524254821791	2915686
2023-12-25	0.004618937644341702	-0.0020207852193995465	0.009237875288683611	-0.003175519630484972	0.004618937644341702	1673957
2023-12-26	-0.008620689655172332	0.001436781609195525	0.001436781609195525	-0.012356321839080453	-0.008620689655172332	1414047
2023-12-27	0.0026086956521740117	0.0028985507246377224	0.006666666666666576	-0.011014492753623262	0.0026086956521740117	1619950
2023-12-28	0.04712344608268272	0.0	0.05406186759178946	-0.007805724197745102	0.04712344608268272	4704201
2023-12-29	0.0030369961347321765	-0.004417448923246731	0.015184980673661079	-0.007454445057978908	0.0030369961347321765	3528767
2024-01-02	-0.01706578585191295	-0.003578309936691315	0.001101018442058881	-0.01706578585191295	-0.01706578585191295	2564261
2024-01-03	-0.001680201624194967	-0.004480537664519846	0.007000840100812097	-0.005040604872584702	-0.001680201624194967	2011759
2024-01-04	-0.015147265077138827	0.003927068723702681	0.006451612903225918	-0.02300140252454419	-0.015147265077138827	2792271
2024-01-05	-0.0205069780689262	0.002848191398462017	0.00512674451723155	-0.023070350327542077	-0.0205069780689262	3555102
2024-01-08	-0.02878743820878168	0.007851119511485781	0.007851119511485781	-0.02878743820878168	-0.02878743820878168	3297913
2024-01-09	0.021257485029940147	0.005389221556886219	0.028443113772455175	-0.0005988023952094617	0.021257485029940147	2992100
2024-01-10	-0.003224860744649646	-0.004983875696276801	0.017296980357666473	-0.01319261213720325	-0.003224860744649646	2378112
2024-01-11	0.02794117647058832	-0.002941176470588277	0.029705882352941117	-0.002941176470588277	0.02794117647058832	3410011
2024-01-12	0.02231759656652343	0.0028612303290413248	0.028898426323318967	-0.001144492131616774	0.02231759656652343	6839598
2024-01-15	-0.0002798768541841033	-0.00839630562552469	0.021550517772180332	-0.031066330814441632	-0.0002798768541841033	5826583
2024-01-16	-0.0030795072788353706	-0.010918253079507296	0.004479283314669756	-0.022396416573348184	-0.0030795072788353706	3726229
2024-01-17	-0.02106149957877001	0.0014040999719179207	0.0042122999157539615	-0.025554619488907516	-0.02106149957877001	3076310
2024-01-18	-0.01434308663224326	-0.010040160642570323	0.0031554790590935006	-0.028973034997131327	-0.01434308663224326	4043915
2024-01-19	-0.015424912689173492	0.002037252619324805	0.009313154831199077	-0.019790454016298014	-0.015424912689173492	2986155
2024-01-22	-0.04877327815548326	0.004433934377771167	0.004433934377771167	-0.054389595033993494	-0.04877327815548326	3704263
2024-01-23	0.03635798632691118	-0.0006215040397763558	0.042262274704785566	-0.0040397762585457605	0.03635798632691118	3723977
2024-01-24	0.0014992503748125084	0.0	0.004197901049475279	-0.030884557721139464	0.0014992503748125084	3587720
2024-01-25	0.0799401197604791	0.008682634730538897	0.08143712574850297	-0.008682634730538897	0.0799401197604791	6757287
2024-01-26	-0.01580260604380372	-0.0019406709176601133	0.0008317161075686481	-0.024674244524535642	-0.01580260604380372	4352388
2024-01-29	-0.008169014084507018	0.01211267605633802	0.02478873239436627	-0.008732394366197247	-0.008169014084507018	3707880
2024-01-30	-0.023004828173814322	-0.003976143141153098	0.01107639875035503	-0.023572848622550362	-0.023004828173814322	2840784
2024-01-31	-0.031976744186046555	-0.008720930232558058	0.011046511627907051	-0.03691860465116267	-0.031976744186046555	4318940
2024-02-01	-0.008108108108107989	-0.006306306306306119	0.02552552552552557	-0.009009009009008924	-0.008108108108107989	3930203
2024-02-02	-0.023614895549500487	0.005449591280653942	0.013321223130487366	-0.06115652437178321	-0.023614895549500487	3955204
2024-02-05	-0.00465116279069763	0.003100775193798494	0.020155038759689877	-0.06201550387596899	-0.00465116279069763	4949542
2024-02-06	0.04984423676012465	0.021806853582554384	0.057009345794392464	-0.018691588785046773	0.04984423676012465	4665510
2024-02-07	0.023738872403560745	0.003264094955489597	0.025816023738872325	-0.008605341246290987	0.023738872403560745	5029883
2024-02-08	0.028985507246376812	0.014202898550724695	0.042898550724637594	0.0023188405797100954	0.028985507246376812	5887713
2024-02-19	-0.006197183098591517	0.007042253521126761	0.010704225352112748	-0.016338028169014036	-0.006197183098591517	4090718
2024-02-20	-0.001133786848072538	0.0017006802721089079	0.0017006802721089079	-0.017573696145124846	-0.001133786848072538	2120497
2024-02-21	0.015891032917139475	-0.009364358683314568	0.03461975028376841	-0.011634506242905893	0.015891032917139475	3727948
2024-02-22	-0.0011173184357541662	-0.004189944134078173	0.004189944134078372	-0.012290502793296026	-0.0011173184357541662	2546372
2024-02-23	0.002237136465324536	0.0011185682326621685	0.010906040268456393	-0.010906040268456393	0.002237136465324536	3360379
2024-02-26	0.06026785714285704	0.018415178571428475	0.07645089285714271	0.018415178571428475	0.06026785714285704	8223803
2024-02-27	0.014473684210526241	0.0	0.01657894736842112	-0.014473684210526241	0.014473684210526241	6342762
2024-02-28	-0.024124513618677037	0.000778210116731547	0.02256809338521413	-0.024124513618677037	-0.024124513618677037	6609074
2024-02-29	0.03269537480063807	-0.0007974481658690599	0.035087719298245626	-0.0007974481658690599	0.03269537480063807	5853326
2024-03-01	0.09549549549549552	0.016731016731016693	0.11428571428571423	0.016731016731016693	0.09549549549549552	16567753
2024-03-04	0.05239661654135331	0.0103383458646616	0.06343984962406005	0.0023496240601502422	0.05239661654135331	13948616
2024-03-05	-0.015405224380442013	-0.015181960258986375	0.00580486715784769	-0.024782317481580697	-0.015405224380442013	8489211
2024-03-06	-0.006575963718820842	-0.002494331065759624	0.014739229024943278	-0.009523809523809563	-0.006575963718820842	5395076
2024-03-07	0.02099977174161138	0.0034238758274366256	0.065510157498288	0.0020543254964619107	0.02099977174161138	14754832
2024-03-08	0.0006706908115359074	-0.010060362173038134	0.008718980549966478	-0.02347417840375581	0.0006706908115359074	7966138
2024-03-11	0.0013404825737265923	0.0053619302949062106	0.04110813226094735	-0.009606791778373543	0.0013404825737265923	8125135
2024-03-12	-0.03346720214190094	0.004016064257028106	0.004016064257028106	-0.03859883980365901	-0.03346720214190094	8992793
2024-03-13	0.0018467220683286772	0.00023084025854104364	0.013388734995383155	-0.010849492151431184	0.0018467220683286772	4550437
2024-03-14	-0.03686635944700464	-0.007834101382488395	0.0025345622119815536	-0.048617511520737317	-0.03686635944700464	9725169
2024-03-15	0.033253588516746424	-0.0035885167464114495	0.03803827751196181	-0.008612440191387547	0.033253588516746424	9297175
2024-03-18	0.03959249826348694	-0.004399166473720717	0.04954850659874973	-0.004399166473720717	0.03959249826348694	8777729
2024-03-19	0.004899777282850754	0.0004454342984410496	0.01469933184855242	-0.014699331848552263	0.004899777282850754	5263768
2024-03-20	-0.020833333333333284	0.0	0.0015514184397163184	-0.027482269503545986	-0.020833333333333284	5947798
2024-03-21	-0.019692168401991793	0.0	0.005432322317790901	-0.02172928927116344	-0.019692168401991793	4091051
2024-03-22	-0.0011544677903487476	-0.002078042022627647	0.024012930039251885	-0.00507965827753403	-0.0011544677903487476	3871570
2024-03-25	-0.018492834026814543	-0.005085529357373992	0.012251502542764706	-0.023578363384188537	-0.018492834026814543	4425284
2024-03-26	0.014366462552991037	-0.0007065473386717178	0.02731983042863864	-0.00965614696184653	0.014366462552991037	4369847
2024-03-27	0.031576503366612475	0.0	0.05131181797074532	0.0	0.031576503366612475	8136413
2024-03-28	0.006302048165653863	-0.0031510240828269316	0.027458924150348837	-0.00720234076074725	0.006302048165653863	6103354
2024-03-29	0.062402147170655314	0.0084992171773653	0.07201968239767387	0.0084992171773653	0.062402147170655314	9519914
2024-04-01	0.009263157894736794	0.005473684210526274	0.027999999999999962	-0.01389473684210519	0.009263157894736794	6508535
2024-04-02	0.019607843137255002	0.0	0.04297037964121824	-0.004171881518564784	0.019607843137255002	6934007
2024-04-03	-0.029869067103109673	-0.011252045826513998	-0.0036824877250409105	-0.032733224222585955	-0.029869067103109673	5049186
2024-04-08	-0.0029523407844791348	-0.0008435259384225885	0.014129059468578694	-0.01075495571488834	-0.0029523407844791348	3693625
2024-04-09	-0.006556683587140488	-0.008460236886632796	0.015228426395939063	-0.01395939086294424	-0.006556683587140488	3474945
2024-04-10	-0.0061741537151373035	0.008941877794336847	0.021077283372365384	-0.019586970406642576	-0.0061741537151373035	3389024
2024-04-11	0.03641816623821771	0.002570694087403544	0.04798628963153389	-0.010068551842330738	0.03641816623821771	6449084
2024-04-12	0.007441091360066131	0.004960727573377323	0.0159156676312525	-0.004133939644481249	0.007441091360066131	3546615
2024-04-15	0.06627000410340576	0.0	0.08124743537135824	0.0	0.06627000410340576	9406372
2024-04-16	-0.009236097748701114	0.0101981912641909	0.013661727919953836	-0.0340581104483355	-0.009236097748701114	6385755
2024-04-17	0.01903282190716638	-0.0013594872790833226	0.02272285880753534	-0.009516410953583259	0.01903282190716638	3814056
2024-04-18	-0.008576329331046231	-0.008385744234800796	0.0015246807699637564	-0.016580903373356156	-0.008576329331046231	2707749
2024-04-19	0.031334102268358234	-0.000576701268742813	0.037677816224528905	-0.00807381776239911	0.031334102268358234	4675295
2024-04-22	-0.04268406337371853	-0.0070829450139794125	-0.0035414725069897062	-0.04436160298229255	-0.04268406337371853	4604801
2024-04-23	-0.009151090342679106	-0.004088785046728989	0.010514018691588769	-0.01674454828660435	-0.009151090342679106	4003939
2024-04-24	-0.009039103949695438	0.0064845745726075515	0.008449597170367454	-0.01984672823737469	-0.009039103949695438	4132516
2024-04-25	-0.008526670632559978	-0.0045607773150901625	0.0049573666468372005	-0.014475510608764562	-0.008526670632559978	3619060
2024-04-26	0.0	0.005	0.030799999999999984	-0.01	0.0	8705650
2024-04-29	-0.03939999999999998	0.010999999999999944	0.010999999999999944	-0.06519999999999997	-0.03939999999999998	12032485
2024-04-30	-0.006454299396210749	-0.0066625026025400845	0.011867582760774521	-0.008536331459504554	-0.006454299396210749	4320110
2024-05-06	0.033738474434199486	0.01634534786253146	0.03897736797988264	0.006286672254819872	0.033738474434199486	6293608
2024-05-07	-0.008108655990269584	-0.00405432799513472	0.01621731198053931	-0.01114940198662066	-0.008108655990269584	3242028
2024-05-08	0.0014306151645207498	-0.012875536480686747	0.013079910075618241	-0.015328019619865114	0.0014306151645207498	2435030
2024-05-09	0.019999999999999934	0.00020408163265302063	0.02632653061224488	0.0	0.019999999999999934	3606034
2024-05-10	-0.013605442176870744	-0.0030012004801920488	0.00640256102440977	-0.014005602240896274	-0.013605442176870744	2938852
2024-05-13	0.049695740365111624	0.02231237322515216	0.07200811359026378	0.021095334685598505	0.049695740365111624	9225577
2024-05-14	-0.0311111111111111	-0.003478260869565212	0.0015458937198067303	-0.035748792270531425	-0.0311111111111111	5010373
2024-05-15	-0.018946948544076643	-0.0027921818907060345	0.022138013562026316	-0.022736338252891914	-0.018946948544076643	4281859
2024-05-16	-0.023175442163041283	0.00020329335230748357	0.011587721081520641	-0.030697296198414274	-0.023175442163041283	7145936
2024-05-17	-0.0008324661810613766	-0.0018730489073880605	0.008949011446409983	-0.026014568158168577	-0.0008324661810613766	4004969
2024-05-20	-0.022911893355550956	0.00041657987919190015	0.0018746094563633288	-0.03853363882524477	-0.022911893355550956	6719169
2024-05-21	-0.001065870816456985	0.0014922191430398698	0.010871882327861973	-0.009166489021530584	-0.001065870816456985	2651496
2024-05-22	0.002774221084080294	-0.0006402048655570025	0.01728553137003846	-0.007042253521126724	0.002774221084080294	3446698
2024-05-23	-0.010853373058097577	0.00021281123643324132	0.005745903383698575	-0.015109597786763159	-0.010853373058097577	2305103
2024-05-24	0.007745266781411501	-0.004518072289156492	0.01957831325301213	-0.005593803786574828	0.007745266781411501	2746324
2024-05-27	0.024765157984628448	-0.0014944491887275892	0.02903501280956446	-0.01793339026473107	0.024765157984628448	4168325
2024-05-28	-0.009375000000000059	-0.001875000000000071	0.01250000000000003	-0.012916666666666613	-0.009375000000000059	2777931
2024-05-29	-0.026708727655099813	-0.0021030494216612897	-0.0018927444794951905	-0.03406940063091477	-0.026708727655099813	4591552
2024-05-30	0.003025064822817644	0.0010803802938633784	0.013180639585133954	-0.008643042350907489	0.003025064822817644	3103815
2024-05-31	0.034252477380439385	0.0049547608789314275	0.042007755277897366	-0.00021542438604061	0.034252477380439385	7566536
2024-06-03	-0.01687148510726922	0.0035409289731306334	0.011664236617371428	-0.021453863778379528	-0.01687148510726922	3746574
2024-06-04	0.035381355932203276	0.007838983050847403	0.037076271186440676	-0.0036016949152542733	0.035381355932203276	3336652
2024-06-05	-0.03621853898096984	-0.004092490280335497	0.003887865766318904	-0.038060159607120926	-0.03621853898096984	2944234
2024-06-06	0.013375796178343852	0.0004246284501060726	0.03991507430997867	0.0004246284501060726	0.013375796178343852	3604403
2024-06-07	-0.006285355122564366	0.0035617012361198767	0.020113136392206177	-0.01340875759480397	-0.006285355122564366	2257740
2024-06-11	-0.008644317942230584	0.0035842293906810396	0.014126080539742816	-0.023824583596879667	-0.008644317942230584	2539612
2024-06-12	0.007018290089323655	-0.0010633772862612561	0.01403658017864731	-0.0076563164610805295	0.007018290089323655	1985568
2024-06-13	0.013727560718056992	0.00021119324181621986	0.024287222808870086	-0.004435058078141517	0.013727560718056992	2231266
2024-06-14	-0.004166666666666726	-0.0033333333333332624	0.0062499999999999405	-0.0204166666666666	-0.004166666666666726	4130465
2024-06-17	0.03702928870292894	-0.010460251046025106	0.046025104602510525	-0.010460251046025106	0.03702928870292894	5722344
2024-06-18	0.007867661892273564	-0.001412144442202951	0.013717974581400035	-0.008472866653217706	0.007867661892273564	3323290
2024-06-19	-0.02441953562850278	0.001000800640512353	0.004603682946357023	-0.026621297037630068	-0.02441953562850278	2811534
2024-06-20	-0.0016413623307346204	0.009027492819039756	0.010463684858432458	-0.020106688551497824	-0.0016413623307346204	3737602
2024-06-21	-0.0018495684340319833	-0.0032881216605013686	0.008220304151253714	-0.011097410604192339	-0.0018495684340319833	2294742
2024-06-24	-0.020382952439777682	0.0	0.008441424747786629	-0.02408894379246452	-0.020382952439777682	1944524
2024-06-25	-0.023539302227826766	-0.001891551071878863	0.008617065994115252	-0.024800336275746106	-0.023539302227826766	3118018
2024-06-26	-0.001506672406371078	-0.002582866982350354	0.014421007318123152	-0.01506672406371078	-0.001506672406371078	2878212
2024-06-27	-0.012718258245311562	-0.005604656175899936	-0.0002155636990730332	-0.023065315800819147	-0.012718258245311562	2550875
2024-06-28	0.07816593886462894	0.0	0.09104803493449785	-0.012663755458515247	0.07816593886462894	5391054
2024-07-01	0.04252733900364508	0.0	0.04414742810854596	-0.0008100445524503675	0.04252733900364508	6417967
2024-07-02	-0.016317016317016247	-0.001554001554001521	-0.001554001554001521	-0.03632478632478628	-0.016317016317016247	4807483
2024-07-03	0.013230647709320729	-0.005134281200631872	0.019154818325434416	-0.008688783570300113	0.013230647709320729	5045764
2024-07-04	-0.002143831611771573	-0.01909959072305601	0.011108945624634579	-0.01909959072305601	-0.002143831611771573	3658506
2024-07-05	0.0035156249999999944	0.008203124999999895	0.013867187499999878	-0.009375000000000078	0.0035156249999999944	2191493
2024-07-08	0.042234332425068015	0.0011677695601400382	0.06072401712728683	0.0011677695601400382	0.042234332425068015	7261377
2024-07-09	0.02987861811391226	0.004481792717086872	0.036227824463118674	-0.0056022408963584906	0.02987861811391226	6913188
2024-07-10	-0.00997280145058925	0.0	0.0253853127833182	-0.014505893019038934	-0.00997280145058925	6707380
2024-07-11	-0.003663003663003715	0.009157509157509158	0.0219780219780219	-0.015384615384615446	-0.003663003663003715	6149473
2024-07-12	-0.0014705882352940864	0.0	0.01415441176470594	-0.006066176470588204	-0.0014705882352940864	4349982
2024-07-15	-0.004050073637702482	-0.005891016200294556	0.012334315169366747	-0.01104565537555231	-0.004050073637702482	3231638
2024-07-16	-0.017560073937153472	0.0014787430683918354	0.012939001848428756	-0.022181146025878055	-0.017560073937153472	4455110
2024-07-17	-0.06039510818438384	0.0033866415804327324	0.0033866415804327324	-0.0931326434619002	-0.06039510818438384	10725787
2024-07-18	0.049259110933119764	0.028634361233480173	0.05446535843011612	0.011413696435722874	0.049259110933119764	8363725
2024-07-19	0.05057251908396944	-0.009541984732824428	0.053625954198473325	-0.01145038167938934	0.05057251908396944	6864058
2024-07-22	0.0036330608537693525	0.0	0.026339691189827482	-0.016893732970027244	0.0036330608537693525	7828013
2024-07-23	-0.03167420814479638	-0.004524886877828055	0.0023529411764706344	-0.03529411764705887	-0.03167420814479638	3969838
2024-07-24	0.0024299065420561226	-0.009345794392523364	0.008971962616822371	-0.01495327102803733	0.0024299065420561226	3143052
2024-07-25	0.007272049226179388	-0.010068991236248352	0.02144322207719557	-0.014544098452358776	0.007272049226179388	3274100
2024-07-26	0.012773047019622319	0.000555349870418253	0.025546094039244637	-0.01277304701962245	0.012773047019622319	3864095
2024-07-29	0.013525863644671943	0.001645037470297867	0.04185706452202521	0.001645037470297867	0.013525863644671943	5120350
2024-07-30	-0.02777276825969353	-0.0014427412082958593	0.00018034265103693435	-0.038773669972948704	-0.02777276825969353	4291036
2024-07-31	0.009645705805972977	0.009089222778705287	0.010016694490818146	-0.02040437766648107	0.009645705805972977	4060462
2024-08-01	0.04501194194378105	0.0029395553922469905	0.0593422744809847	-0.004041888664339498	0.04501194194378105	6677561
2024-08-02	-0.014592123769339053	-0.0038677918424754915	0.009845288326300898	-0.024437412095639953	-0.014592123769339053	4235372
2024-08-05	-0.04478144513826937	0.005530776092774349	0.006779661016949198	-0.04478144513826937	-0.04478144513826937	4820490
2024-08-06	0.00896525961897654	0.009338812103100485	0.02091893911094504	-0.0028016436309301193	0.00896525961897654	2667316
2024-08-07	0.021473528322843327	-0.006479081821547601	0.04776008885597923	-0.009070714550166642	0.021473528322843327	3767091
2024-08-08	-0.03388909025009056	-0.015222906850308016	-0.0023559260601667734	-0.0373323667995651	-0.03388909025009056	2644990
2024-08-09	0.0005627462014631614	0.0001875820671543427	0.023635340461451847	-0.0018758206715438269	0.0005627462014631614	2194044
2024-08-12	0.02024746906636667	-0.0005624296962879853	0.027371578552680798	-0.01874765654293213	0.02024746906636667	2745011
2024-08-13	0.010474090407938263	0.0	0.013414185961043676	-0.005880191106210957	0.010474090407938263	1389345
2024-08-14	-0.015275504637206826	0.0	0.00018185124568099672	-0.02291325695581024	-0.015275504637206826	1860334
2024-08-15	-0.022345337026777486	0.0014773776546629417	0.006094182825484734	-0.0304709141274238	-0.022345337026777486	4176794
2024-08-16	-0.004722327162825841	-0.0007555723460521184	0.010578012844729926	-0.01775595013222512	-0.004722327162825841	2509937
2024-08-19	0.04080470677547933	0.01537293604099454	0.06035300816094135	0.0005693680015183362	0.04080470677547933	5745218
2024-08-20	-0.004011670313639788	-0.007658643326039418	0.0038293216630195795	-0.029540481400437718	-0.004011670313639788	3519948
2024-08-21	0.008787989747345367	-0.006041742951299859	0.012815818381545274	-0.01354815086049057	0.008787989747345367	2181373
2024-08-22	0.020508166969146924	-0.003992740471869307	0.04083484573502722	-0.00580762250453721	0.020508166969146924	4690052
2024-08-23	0.010136937577805448	0.00017784101013702857	0.011915347679174848	-0.018317624044104464	0.010136937577805448	3321441
2024-08-26	-0.07746478873239435	-0.017605633802816902	-0.017605633802816902	-0.12411971830985911	-0.07746478873239435	10175997
2024-08-27	-0.0662213740458015	-0.0019083969465649127	-0.0005725190839694874	-0.08549618320610682	-0.0662213740458015	9279094
2024-08-28	-0.04230533415082772	0.0014306151645207498	0.005109339873288371	-0.05088902513795222	-0.04230533415082772	6095945
2024-08-29	0.02198036705078961	-0.009389671361502299	0.029876227059325623	-0.016858728126333742	0.02198036705078961	5367774
2024-08-30	-0.03027771977448325	-0.006264355815410256	0.020672374190854083	-0.04009187721862605	-0.03027771977448325	8991538
2024-09-02	-0.05900086132644262	-0.006029285099052565	-0.003660637381567498	-0.06653746770025833	-0.05900086132644262	9893956
2024-09-03	0.03798627002288321	0.006864988558352337	0.04485125858123555	-0.003203661327231134	0.03798627002288321	5979578
2024-09-04	0.0008818342151675297	-0.002645502645502589	0.008597883597883611	-0.025573192239858832	0.0008818342151675297	4023640
2024-09-05	-0.024229074889867874	-0.008590308370044066	0.007709251101321617	-0.03039647577092501	-0.024229074889867874	3106177
2024-09-06	-0.006546275395033841	-0.0033860045146726545	0.004514672686230313	-0.010835214446952526	-0.006546275395033841	1995015
2024-09-09	-0.029765962281299595	0.013178822994774039	0.013178822994774039	-0.036809815950920186	-0.029765962281299595	5467918
2024-09-10	-0.008665105386416967	0.008899297423887481	0.014988290398126476	-0.02107728337236547	-0.008665105386416967	3367079
2024-09-11	0.03614457831325304	-0.0004724781478855663	0.038270729978738594	-0.00897708480982744	0.03614457831325304	5562316
2024-09-12	0.023711810305517538	-0.0036479708162333925	0.044231646146830776	-0.004103967168262648	0.023711810305517538	5800304
2024-09-13	-0.01937639198218257	0.003786191536748368	0.005567928730512249	-0.02405345211581288	-0.01937639198218257	3632896
2024-09-18	-0.017715194185782445	0.012945718828071776	0.01862366568248922	-0.023393141040199888	-0.017715194185782445	3094216
2024-09-19	-0.008323699421965305	0.0032369942196531923	0.004393063583814976	-0.0252023121387284	-0.008323699421965305	5360671
2024-09-20	-0.03217533224527868	-0.003963627885287985	0.002564700396362775	-0.038470505945441796	-0.03217533224527868	4281759
2024-09-23	0.026740544447121165	-0.0009636232233196615	0.03565405926282833	-0.008913514815706998	0.026740544447121165	3412342
2024-09-24	0.04739558892538722	0.008681370248709634	0.05959643359924916	-0.01196621304551849	0.04739558892538722	6197399
2024-09-25	0.048163082437275954	0.010080645161290386	0.06966845878136199	0.010080645161290386	0.048163082437275954	7653367
2024-09-26	-0.021585808933532763	0.0004274417610601224	0.005343022013250695	-0.05727719598204744	-0.021585808933532763	10202006
2024-09-27	0.03036260375709918	0.008955875928352917	0.031017911751856742	-0.0072083879423328594	0.03036260375709918	5467525
2024-09-30	0.12507949968200124	0.015475938096247548	0.13122747509009958	0.015475938096247548	0.12507949968200124	12966649
2024-10-08	0.1437723761070285	0.199736197475033	0.19992462785000942	0.06293574524213297	0.1437723761070285	17154559
2024-10-09	-0.1362438220757826	-0.05222405271828668	-0.015485996705107162	-0.13723228995057668	-0.1362438220757826	15627647
2024-10-10	0.014495517833301507	0.041388518024032074	0.058554262826625986	-0.008201411405683763	0.014495517833301507	11571734
2024-10-11	-0.02876480541455163	0.004512126339537545	0.005452152660274472	-0.04117315284827971	-0.02876480541455163	5794444
2024-10-14	0.027874564459930407	0.011420828493999292	0.05013550135501362	-0.01664730933023615	0.027874564459930407	7741940
2024-10-15	-0.03841807909604518	0.0007532956685498898	0.0013182674199623404	-0.03841807909604518	-0.03841807909604518	5623920
2024-10-16	0.002154328241284752	-0.034469251860556306	0.023893458676067347	-0.034469251860556306	0.002154328241284752	6135001
2024-10-17	-0.023646667969513403	0.0007817080320500126	0.012116474496775404	-0.02911862419386363	-0.023646667969513403	4751754
2024-10-18	0.05504403522818255	-0.009207365892714188	0.09247397918334663	-0.009207365892714188	0.05504403522818255	8743282
2024-10-21	0.0036046291026370276	0.005501802314551303	0.031493075317776446	-0.013469929804591175	0.0036046291026370276	10540860
2024-10-22	-0.01606805293005674	0.001890359168241993	0.011342155009451823	-0.02627599243856334	-0.01606805293005674	5955242
2024-10-23	-0.007877041306436053	-0.0009606147934677648	0.02747358309317963	-0.013256484149855864	-0.007877041306436053	5930909
2024-10-24	-0.033501161890007826	-0.006971340046475589	0.004066615027110783	-0.03640588690937263	-0.033501161890007826	5933310
2024-10-25	-0.005610098176717974	-0.0022039671408535253	0.00861550791424578	-0.017832097775996664	-0.005610098176717974	6484855
2024-10-28	0.006649204110417052	0.003223856538383973	0.018940157163006198	-0.008059641345960218	0.006649204110417052	4310462
2024-10-29	-0.01721377101681344	0.009007205764611604	0.009007205764611604	-0.02021617293835064	-0.01721377101681344	6224927
2024-10-30	-0.01731160896130349	-0.0081466395112016	0.005906313645621164	-0.03054989816700611	-0.01731160896130349	5962594
2024-10-31	0.006010362694300501	0.00041450777202079017	0.018652849740932613	-0.007668393782383366	0.006010362694300501	7103797
2024-11-01	0.0004120313143799573	0.003914297486608935	0.023485784919653904	-0.010712814173877133	0.0004120313143799573	6622420
2024-11-04	0.004736408566721517	-0.00020593080724886975	0.016474464579901094	-0.00597199341021415	0.004736408566721517	4046929
2024-11-05	0.02643984423037506	-0.0028694404591104853	0.03135888501742163	-0.01947120311539241	0.02643984423037506	7465020
2024-11-06	0.013178913738019243	0.006389776357827482	0.055511182108626225	0.0033945686900958808	0.013178913738019243	10036462
2024-11-07	0.06819077650768626	-0.010445407962160053	0.07055577453685452	-0.010642491131257373	0.06819077650768626	12171946
2024-11-08	-0.005719557195571997	0.02398523985239847	0.045940959409594	-0.00922509225092251	-0.005719557195571997	9957282
2024-11-11	-0.003711263685284892	-0.006865837817776906	0.02059751345333085	-0.012618296529968449	-0.003711263685284892	8699248
2024-11-12	-0.041720990873533155	0.0	0.010802756565468532	-0.05736636245110818	-0.041720990873533155	13464952
2024-11-13	-0.006219630709426633	-0.008551992225461706	0.004470359572400328	-0.012633624878522947	-0.006219630709426633	7042342
2024-11-14	-0.02170936827694112	-0.002542538627029191	0.011930373557598267	-0.023665167220809715	-0.02170936827694112	5208413
2024-11-15	-0.004398240703718631	-0.003398640543782521	0.016393442622950824	-0.004798080767692963	-0.004398240703718631	4682827
2024-11-18	-0.01907630522088345	-0.0050200803212851405	0.027911646586345394	-0.024497991967871464	-0.01907630522088345	6434506
2024-11-19	-0.002251791197543489	0.019242579324462595	0.019242579324462595	-0.02395087001023545	-0.002251791197543489	7101326
2024-11-20	0.002256873204759939	-0.003898235535494559	0.006360279031596126	-0.008822322527697983	0.002256873204759939	4308116
2024-11-21	-0.020266120777891545	-0.0075742067553736855	-0.0014329580348004152	-0.028454452405322427	-0.020266120777891545	6436319
2024-11-22	-0.035520267446719656	0.0018804847471793442	0.00647722524028421	-0.035520267446719656	-0.035520267446719656	5631836
2024-11-25	-0.0030329289428074843	0.0	0.011048526863085033	-0.012131715771230399	-0.0030329289428074843	5853555
2024-11-26	-0.02303346371142986	0.001086484137331533	0.004345936549326287	-0.0245545415036941	-0.02303346371142986	3987235
2024-11-27	0.0375889679715302	0.0013345195729537872	0.042259786476868295	-0.016681494661921707	0.0375889679715302	6829708
2024-11-28	-0.0222936763129689	0.0	0.0053590568060021436	-0.024651661307609832	-0.0222936763129689	6477138
2024-11-29	0.01666301249725933	-0.0021925016443762645	0.030475772856829654	-0.009427757070817796	0.01666301249725933	5106772
2024-12-02	0.014880310545611493	-0.002803536769462917	0.023937890877722655	-0.00754798361009261	0.014880310545611493	6154311
2024-12-03	0.0006374840628984516	0.0	0.004887377815554544	-0.012749681257968581	0.0006374840628984516	3697044
2024-12-04	0.007432575918453903	0.010830324909747249	0.027181991930346018	0.000637077935867361	0.007432575918453903	7118417
2024-12-05	-0.010539629005059023	-0.009274873524451891	0.003372681281618965	-0.021079258010118045	-0.010539629005059023	3744578
2024-12-06	0.0061780997017468935	-0.001278227524499258	0.01406050276949305	-0.008308478909245859	0.0061780997017468935	4056127
2024-12-09	0.022231632437010467	0.01630319712047434	0.04171077704848626	0.01333897946220628	0.022231632437010467	6039483
2024-12-10	-0.009942004971002567	0.03562551781275888	0.04701739850869917	-0.013463131731565835	-0.009942004971002567	7896805
2024-12-11	-0.0018828451882844416	-0.003347280334727962	0.003974895397489641	-0.007949790794978985	-0.0018828451882844416	2994394
2024-12-12	0.011737581219870096	0.0031439949696080187	0.017187172500524005	-0.006078390274575542	0.011737581219870096	3753306
2024-12-13	-0.018437953180029013	-0.0066293764242800965	-0.0016573441060701345	-0.01968096125958158	-0.018437953180029013	3642912
2024-12-16	0.012030392570704944	0.012241452089489199	0.03018151118615449	0.008231321232587602	0.012030392570704944	5226222
2024-12-17	0.003962460896767418	-0.0016684045881127298	0.023566214807090622	-0.005630865484880149	0.003962460896767418	4643874
2024-12-18	-0.0062318238471125295	0.0022850020772746038	0.0199418363107603	-0.0070627336933943375	-0.0062318238471125295	4084248
2024-12-19	-0.015468227424749204	-0.017558528428093717	-0.00480769230769239	-0.02257525083612051	-0.015468227424749204	4308268
2024-12-20	0.004246284501061481	-0.005095541401273928	0.02208067940552015	-0.008280254777070076	0.004246284501061481	5018435
2024-12-23	0.008668076109936654	0.0016913319238901776	0.030021141649048663	0.0	0.008668076109936654	6130271
2024-12-24	0.0033535946342485136	-0.0004191993292811387	0.016139174177321233	-0.008174386920980938	0.0033535946342485136	4028655
2024-12-25	-0.035930645498224334	0.0027156883225402666	0.004804679339878922	-0.03948193022770004	-0.035930645498224334	5218340
2024-12-26	0.010184182015167907	0.0023835319609967374	0.017334777898158273	-0.0015167930660888469	0.010184182015167907	3495306
2024-12-27	-0.003432003432003359	0.003861003861003855	0.015658515658515743	-0.0060060060060058785	-0.003432003432003359	4484445
2024-12-30	0.029272492466637955	0.0004304778303916492	0.040680154972018955	-0.0027981058975463315	0.029272492466637955	6263175
2024-12-31	0.0020911752404851824	0.004182350480970365	0.021539104976997098	-0.00899205353408615	0.0020911752404851824	7016399
