2022-01-28	0.033431661750245804	-0.013765978367748335	0.06588003933136675	-0.10816125860373645	0.033431661750245804	267374360
2022-02-07	0.013320647002854479	0.031398667935299725	0.03996194100856327	-0.04757373929590866	0.013320647002854479	211856687
2022-02-08	-0.030985915492957754	-0.03192488262910797	0.0037558685446008586	-0.0873239436619718	-0.030985915492957754	192848950
2022-02-09	0.07170542635658916	-0.005813953488372141	0.08720930232558143	-0.033914728682170506	0.07170542635658916	207079379
2022-02-10	-0.09945750452079562	-0.011754068716094102	-0.0090415913200723	-0.100361663652803	-0.09945750452079562	198970736
2022-02-11	-0.055220883534136615	-0.02710843373493989	0.0220883534136545	-0.06425702811244985	-0.055220883534136615	164957482
2022-02-14	0.0010626992561104981	-0.011689691817215667	0.019128586609989343	-0.024442082890542022	0.0010626992561104981	69529202
2022-02-15	0.06050955414012742	0.005307855626327039	0.08067940552016983	-0.0021231422505307404	0.06050955414012742	139622903
2022-02-16	0.04304304304304302	0.009009009009008995	0.056056056056056104	0.003003003003002939	0.04304304304304302	116988370
2022-02-17	0.009596928982725494	-0.0038387715930901295	0.05086372360844524	-0.010556621880998027	0.009596928982725494	97291718
2022-02-18	0.0	-0.008555133079847895	0.03707224334600766	-0.013307984790874411	0.0	67050403
2022-02-21	0.08174904942965791	0.01330798479087458	0.08555133079847912	0.000950570342205303	0.08174904942965791	112630623
2022-02-22	0.023725834797890998	-0.01669595782073825	0.0702987697715289	-0.036906854130052714	0.023725834797890998	109691844
2022-02-23	-0.018884120171673874	0.0	0.00429184549356214	-0.028326180257510734	-0.018884120171673874	73302305
2022-02-24	0.018372703412073567	0.0	0.06736657917760276	-0.01924759405074356	0.018372703412073567	131256600
2022-02-25	-0.004295532646048171	0.03006872852233674	0.0549828178694157	-0.02405498281786951	-0.004295532646048171	74772010
2022-02-28	0.07851596203623815	0.017256255392579748	0.10612597066436587	-0.016393442622950775	0.07851596203623815	115958790
2022-03-01	0.018400000000000034	0.028799999999999954	0.10319999999999993	-0.01519999999999996	0.018400000000000034	138961086
2022-03-02	0.010212097407698273	0.012568735271013366	0.02513747054202673	-0.04320502749410846	0.010212097407698273	111988095
2022-03-03	-0.043545878693623544	-0.008553654743390314	0.005443234836702978	-0.043545878693623544	-0.043545878693623544	59774569
2022-03-04	0.0024390243902438504	-0.008130081300813123	0.04146341463414632	-0.0162601626016261	0.0024390243902438504	68218186
2022-03-07	0.007299270072992689	0.0	0.03487429034874288	-0.03730738037307387	0.007299270072992689	78230668
2022-03-08	0.008051529790660197	0.00402576489533017	0.0628019323671497	-0.02254428341384858	0.008051529790660197	109333049
2022-03-09	-0.025559105431309927	0.02236421725239626	0.04233226837060712	-0.06549520766773165	-0.025559105431309927	164835965
2022-03-10	0.05737704918032796	0.024590163934426288	0.09672131147540997	0.01885245901639348	0.05737704918032796	160692520
2022-03-11	-0.03875968992248062	-0.03643410852713183	-0.012403100775193809	-0.07519379844961245	-0.03875968992248062	133792666
2022-03-14	-0.0072580645161290204	-0.021774193548387062	0.028225806451612875	-0.033064516129032266	-0.0072580645161290204	86391849
2022-03-15	0.02112103980503654	-0.025182778229082086	0.05199025182778219	-0.032493907392363956	0.02112103980503654	109592858
2022-03-16	-0.01988862370723946	0.006364359586316632	0.022275258552108143	-0.08989657915672242	-0.01988862370723946	153967732
2022-03-17	-0.038961038961038995	0.014610389610389588	0.02678571428571429	-0.06006493506493508	-0.038961038961038995	137667183
2022-03-18	-0.0008445945945945766	-0.011824324324324372	0.009290540540540492	-0.04560810810810804	-0.0008445945945945766	72377588
2022-03-21	0.047337278106508916	0.010989010989011056	0.08706677937447163	0.0	0.047337278106508916	102176212
2022-03-22	-0.009685230024213155	-0.011299435028248633	0.02340597255851486	-0.03147699757869254	-0.009685230024213155	86545066
2022-03-23	0.024449877750611304	0.010594947025264938	0.028524857375713093	-0.001629991850040715	0.024449877750611304	70376891
2022-03-24	-0.03023070803500404	0.002386634844868684	0.002386634844868684	-0.058870326173428814	-0.03023070803500404	64553345
2022-03-25	-0.05168170631665291	0.0024610336341264263	0.01640689089417564	-0.05578342904019686	-0.05168170631665291	59997073
2022-03-28	0.0	-0.0017301038062284904	0.01470588235294117	-0.025086505190311498	0.0	46842752
2022-03-29	-0.012975778546712833	0.011245674740484343	0.018166089965397845	-0.05190311418685118	-0.012975778546712833	60904794
2022-03-30	0.06923751095530228	0.007887817703768611	0.07537248028045569	0.004382120946538187	0.06923751095530228	82946892
2022-03-31	0.004918032786885287	-0.009836065573770428	0.009836065573770574	-0.04672131147540971	0.004918032786885287	69257862
2022-04-01	-0.00652528548123981	-0.01712887438825441	0.007340946166394769	-0.028548123980424115	-0.00652528548123981	38537524
2022-04-06	-0.06568144499178974	-0.014778325123152686	-0.013136288998357976	-0.077175697865353	-0.06568144499178974	68096090
2022-04-07	-0.04042179261862924	-0.003514938488576531	-0.003514938488576531	-0.061511423550087964	-0.04042179261862924	73596924
2022-04-08	0.0018315018315017925	-0.003663003663003585	0.027472527472527538	-0.028388278388278433	0.0018315018315017925	46036966
2022-04-11	-0.010968921389396638	-0.0036563071297988255	0.0	-0.060329067641681916	-0.010968921389396638	52136142
2022-04-12	0.005545286506469547	0.008317929759704239	0.024953789279112713	-0.0388170055452865	0.005545286506469547	43603992
2022-04-13	-0.011948529411764776	-0.010110294117647169	0.016544117647058796	-0.02573529411764716	-0.011948529411764776	31712832
2022-04-14	-0.013953488372093056	0.009302325581395316	0.01860465116279063	-0.031627906976744176	-0.013953488372093056	39286136
2022-04-15	-0.02358490566037736	-0.0066037735849056875	-0.004716981132075371	-0.04622641509433965	-0.02358490566037736	36180253
2022-04-18	0.08792270531400968	-0.013526570048309063	0.09855072463768112	-0.016425120772946854	0.08792270531400968	88735033
2022-04-19	0.01953818827708709	0.016873889875666032	0.06394316163410307	0.009769094138543467	0.01953818827708709	53565041
2022-04-20	-0.010452961672473953	-0.004355400696864173	0.02264808362369336	-0.019163763066202145	-0.010452961672473953	53212257
2022-04-21	-0.034330985915492856	-0.009683098591549246	0.021126760563380302	-0.042253521126760445	-0.034330985915492856	37975206
2022-04-22	-0.02552415679124896	0.010027347310847715	0.025524156791248802	-0.029170464904284436	-0.02552415679124896	32549176
2022-04-25	-0.03461178671655746	-0.01496725912067354	0.03180542563143123	-0.03741814780168385	-0.03461178671655746	49986234
2022-04-26	0.028100775193798368	0.012596899224806104	0.06589147286821702	0.012596899224806104	0.028100775193798368	49428718
2022-04-27	0.1545711592836947	-0.005655042412817976	0.1545711592836947	-0.009425070688030127	0.1545711592836947	70248623
2022-04-28	0.044081632653061156	-0.02040816326530612	0.07183673469387762	-0.027755102040816316	0.044081632653061156	70528069
2022-04-29	-0.009382329945269682	-0.025019546520719197	0.003909304143862449	-0.047693510555121145	-0.009382329945269682	66532515
2022-05-05	-0.009471191791633719	0.01499605367008678	0.04025256511444355	-0.013417521704814517	-0.009471191791633719	41817564
2022-05-06	-0.029482071713147488	-0.03187250996015939	0.0	-0.034262948207171434	-0.029482071713147488	43425132
2022-05-09	0.05747126436781618	-0.0024630541871920658	0.0779967159277505	-0.0024630541871920658	0.05747126436781618	66342091
2022-05-10	0.013975155279503083	-0.021739130434782695	0.04425465838509305	-0.023291925465838564	0.013975155279503083	61084587
2022-05-11	-0.006125574272588061	-0.0007656967840734906	0.04364471669218991	-0.01148545176110263	-0.006125574272588061	68530306
2022-05-12	-0.033127889060092425	-0.0053929121725732115	0.0038520801232664816	-0.05932203389830505	-0.033127889060092425	60455747
2022-05-13	-0.0015936254980080755	0.0071713147410358445	0.010358565737051713	-0.020717131474103707	-0.0015936254980080755	32281021
2022-05-16	-0.008778930566640019	0.009577015163607422	0.019154030327214702	-0.0526735833998404	-0.008778930566640019	47516922
2022-05-17	0.05475040257648951	-0.009661835748792208	0.05716586151368767	-0.0169082125603864	0.05475040257648951	54083592
2022-05-18	0.013740458015267154	0.0007633587786259379	0.026717557251908372	-0.022137404580152606	0.013740458015267154	52563433
2022-05-19	0.061746987951807254	-0.00828313253012044	0.09939759036144581	-0.01506024096385537	0.061746987951807254	88947446
2022-05-20	0.020567375886524887	0.0	0.034751773049645406	-0.009219858156028299	0.020567375886524887	54289147
2022-05-23	-0.006254343293954125	0.002084781097984667	0.002084781097984667	-0.03474635163307853	-0.006254343293954125	45607927
2022-05-24	-0.03566433566433577	-0.004895104895104915	0.006293706293706284	-0.037762237762237826	-0.03566433566433577	41302409
2022-05-25	0.020304568527918867	0.0007251631617114985	0.035532994923857884	-0.006526468455402456	0.020304568527918867	39251253
2022-05-26	-0.006396588486140714	-0.0007107320540156209	0.027007818052594102	-0.014925373134328419	-0.006396588486140714	42087802
2022-05-27	0.0157367668097281	0.008583690987124408	0.01716738197424894	-0.011444921316165962	0.0157367668097281	29793775
2022-05-30	0.009154929577464844	0.006338028169014075	0.014084507042253596	-0.011267605633802828	0.009154929577464844	30164395
2022-05-31	-0.02651779483600843	0.014654570830425616	0.017445917655268667	-0.03140265177948355	-0.02651779483600843	62081652
2022-06-01	-0.014336917562723964	-0.0035842293906809273	0.012186379928315408	-0.030107526881720425	-0.014336917562723964	55653036
2022-06-02	0.03418181818181823	-0.0043636363636364	0.037818181818181786	-0.006545454545454535	0.03418181818181823	55145068
2022-06-06	0.08860759493670885	0.004219409282700331	0.10056258790436003	-0.01406469760900148	0.08860759493670885	80929813
2022-06-07	0.02583979328165377	0.01937984496124024	0.036821705426356606	-0.007751937984496188	0.02583979328165377	72608379
2022-06-08	-0.011335012594458531	-0.005037783375314866	0.010705289672544076	-0.04785894206549128	-0.011335012594458531	57962072
2022-06-09	-0.007006369426751556	-0.0063694267515923345	0.005732484076433112	-0.03121019108280245	-0.007006369426751556	43652546
2022-06-10	0.014111610006414409	-0.012187299550994195	0.0404105195638229	-0.021808851828094923	0.014111610006414409	77527400
2022-06-13	-0.016445287792536355	-0.010120177103099313	0.001265022137887386	-0.030360531309297938	-0.016445287792536355	47366016
2022-06-14	-0.02315112540192934	-0.00964630225080388	-0.0006430868167203578	-0.07266881028938911	-0.02315112540192934	69564587
2022-06-15	-0.04937458854509546	-0.0026333113890717017	0.0013166556945359677	-0.06780776826859772	-0.04937458854509546	71904708
2022-06-16	0.01108033240997231	-0.002770083102493016	0.039473684210526334	-0.002770083102493016	0.01108033240997231	46565482
2022-06-17	-0.006849315068493127	-0.017123287671232876	0.0212328767123288	-0.01849315068493148	-0.006849315068493127	48278103
2022-06-20	0.01999999999999994	0.009655172413793142	0.04275862068965512	-0.00551724137931035	0.01999999999999994	46600596
2022-06-21	-0.010818120351588802	-0.006085192697768753	0.054090601757944605	-0.03651115618661252	-0.010818120351588802	70607949
2022-06-22	0.032125768967874155	0.0013670539986329168	0.05263157894736839	-0.004101161995898872	0.032125768967874155	60304972
2022-06-23	0.025165562913907338	-0.01258278145695361	0.036423841059602696	-0.02384105960264897	0.025165562913907338	48855068
2022-06-24	-0.008397932816537518	0.0006459948320413299	0.021317829457364344	-0.020671834625323016	-0.008397932816537518	53520074
2022-06-27	-0.02931596091205207	0.004560260586319237	0.016286644951140065	-0.03648208469055378	-0.02931596091205207	83763865
2022-06-28	0.05234899328859056	0.01946308724832209	0.05234899328859056	-0.021476510067114114	0.05234899328859056	58049750
2022-06-29	-0.048469387755102025	-0.013392857142857085	-0.0019132653061224082	-0.04974489795918363	-0.048469387755102025	45536550
2022-06-30	0.0006702412868632565	-0.006032171581769427	0.026809651474530856	-0.016085790884718513	0.0006702412868632565	46016745
2022-07-01	-0.060951105157401216	0.002009377093101215	0.012056262558606813	-0.07032819825853978	-0.060951105157401216	96012667
2022-07-04	0.04850213980028529	-0.0042796005706133185	0.055634807417974406	-0.017118402282453652	0.04850213980028529	69939434
2022-07-05	-0.02040816326530605	-0.005442176870748304	0.0013605442176871667	-0.047619047619047575	-0.02040816326530605	48488085
2022-07-06	-0.01041666666666669	0.0006944444444444296	0.0194444444444444	-0.01319444444444441	-0.01041666666666669	30854824
2022-07-07	0.037192982456140306	-0.002105263157894692	0.042807017543859606	-0.024561403508771906	0.037192982456140306	51428092
2022-07-08	-0.027063599458727917	0.01962110960757787	0.030446549391069087	-0.027740189445196222	-0.027063599458727917	38690610
2022-07-11	-0.006258692628651017	-0.012517385257301911	0.0020862308762169234	-0.032684283727399205	-0.006258692628651017	32974196
2022-07-12	-0.03289013296011189	-0.007697690692792123	0.01469559132260328	-0.03289013296011189	-0.03289013296011189	30179210
2022-07-13	0.028943560057887147	0.005065123010130267	0.049204052098408085	-0.0036179450072359415	0.028943560057887147	37170027
2022-07-14	0.007735583684950733	0.0021097046413501657	0.03375527426160328	-0.002812939521800346	0.007735583684950733	39139484
2022-07-15	-0.01186322400558269	-0.011165387299371957	0.0181437543614794	-0.023028611304954646	-0.01186322400558269	29401709
2022-07-18	-0.011299435028248598	0.0063559322033898205	0.013418079096045163	-0.04943502824858752	-0.011299435028248598	58478719
2022-07-19	-0.04714285714285715	-0.014285714285714235	-0.006428571428571418	-0.05357142857142857	-0.04714285714285715	52770514
2022-07-20	0.026986506746626643	0.0022488755622188427	0.037481259370314844	0.0022488755622188427	0.026986506746626643	39210189
2022-07-21	0.05182481751824824	-0.002919708029197018	0.08029197080291982	-0.00656934306569342	0.05182481751824824	62697821
2022-07-22	0.02220680083275505	-0.002775850104094443	0.032616238723108995	-0.013879250520471845	0.02220680083275505	41243234
2022-07-25	-0.029192124915139152	-0.0020366598778004843	0.006109979633401212	-0.029192124915139152	-0.029192124915139152	26539114
2022-07-26	0.07272727272727267	0.0027972027972027374	0.08251748251748249	-0.03496503496503496	0.07272727272727267	87310012
2022-07-27	0.10886571056062593	-0.0013037809647978862	0.10886571056062593	-0.008474576271186376	0.10886571056062593	78232842
2022-07-28	0.017048794826572553	-0.001175778953556915	0.06995884773662538	-0.016460905349794303	0.017048794826572553	74034292
2022-07-29	0.0046242774566473	-0.005780346820809331	0.03236994219653171	-0.005780346820809331	0.0046242774566473	30063791
2022-08-01	-0.027042577675489003	-0.004027617951668601	-0.0017261219792863974	-0.039700805523590205	-0.027042577675489003	38017746
2022-08-02	0.011827321111768142	-0.024246008279124785	0.04376108811354219	-0.024246008279124785	0.011827321111768142	42700786
2022-08-03	-0.0327293980128579	-0.0005844535359437762	0.016364699006429055	-0.041496201052016415	-0.0327293980128579	37762704
2022-08-04	0.0	0.003625377643504454	0.026586102719033094	-0.015105740181268881	0.0	25140246
2022-08-05	-0.007854984894259759	-0.004229607250755304	0.015105740181268881	-0.015105740181268881	-0.007854984894259759	26934559
2022-08-08	0.0024360535931789978	-0.0048721071863582115	0.0036540803897684966	-0.03166869671132773	0.0024360535931789978	33553243
2022-08-09	0.11725394896719317	0.0024301336573511025	0.12393681652490882	-0.007897934386391407	0.11725394896719317	75740545
2022-08-10	0.011963023382272913	-0.003262642740620026	0.04676454594888523	-0.01740076128330616	0.011963023382272913	61655742
2022-08-11	0.004836109618484678	0.008597528210639449	0.02794196668457816	-0.030091348737237976	0.004836109618484678	38194952
2022-08-12	-0.03422459893048131	-0.006951871657753958	0.004812834224598923	-0.03689839572192501	-0.03422459893048131	29276450
2022-08-15	0.018826135105204866	-0.008305647840531484	0.048172757475083115	-0.008305647840531484	0.018826135105204866	32422486
2022-08-16	0.028260869565217565	-0.0027173913043476716	0.041847826086956696	-0.011956521739130374	0.028260869565217565	37907218
2022-08-17	-0.029598308668076227	-0.005285412262156523	0.02272727272727271	-0.04281183932346735	-0.029598308668076227	38865265
2022-08-18	-0.0032679738562090806	-0.0038126361655773577	0.014161220043573071	-0.01851851851851851	-0.0032679738562090806	34900422
2022-08-19	-0.05191256830601089	-0.003278688524590288	-0.0005464480874317794	-0.06775956284153016	-0.05191256830601089	76470612
2022-08-22	-0.018443804034582147	-0.01440922190201729	-0.0017291066282421404	-0.0564841498559078	-0.018443804034582147	72560190
2022-08-23	-0.0005871990604815949	-0.004697592483852134	0.02935995302407516	-0.008807985907222673	-0.0005871990604815949	49416169
2022-08-24	-0.0029377203290247185	0.0011750881316098458	0.02408930669800236	-0.012925969447708512	-0.0029377203290247185	48552172
2022-08-25	-0.046552740129640495	0.0	0.015321154979375461	-0.060695344725987005	-0.046552740129640495	45591990
2022-08-26	-0.015451174289245983	0.02904820766378238	0.02904820766378238	-0.029666254635352312	-0.015451174289245983	36802495
2022-08-29	0.09478970495919659	0.006277463904582638	0.13182674199623362	0.004394224733207802	0.09478970495919659	82414029
2022-08-30	0.008027522935779645	0.0005733944954127299	0.05447247706422014	-0.029243119266055134	0.008027522935779645	54461953
2022-08-31	-0.05005688282138789	0.002844141069397083	0.022184300341296963	-0.05574516496018185	-0.05005688282138789	43015048
2022-09-01	0.045508982035928236	-0.0011976047904191363	0.06826347305389226	-0.005389221556886219	0.045508982035928236	50518178
2022-09-02	-0.008591065292096342	0.0005727376861396341	0.027491408934707928	-0.03722794959908374	-0.008591065292096342	46123740
2022-09-05	-0.008087810514153497	-0.004621606008087712	0.03292894280762567	-0.026574234546504757	-0.008087810514153497	38046894
2022-09-06	0.087361677344205	0.013395457192777918	0.0920209668025625	-0.024461269656377498	0.087361677344205	62350296
2022-09-07	-0.0042849491162293436	-0.019817889662560307	0.02463845741831801	-0.024638457418318202	-0.0042849491162293436	44950571
2022-09-08	-0.011834319526627158	-0.003227541689080082	0.012910166756320519	-0.020441097364174234	-0.011834319526627158	35914644
2022-09-09	-0.012520413718018531	-0.006532389765922754	0.007621121393576514	-0.032661948829613575	-0.012520413718018531	27686109
2022-09-13	-0.026460859977949305	0.008820286659316435	0.0187431091510474	-0.033076074972436684	-0.026460859977949305	38511314
2022-09-14	-0.016987542468856212	-0.010192525481313688	0.009060022650056633	-0.031710079275198116	-0.016987542468856212	26528529
2022-09-15	-0.05472350230414743	0.006912442396313422	0.01036866359447003	-0.07027649769585247	-0.05472350230414743	49647037
2022-09-16	0.017672151127361313	-0.010359536867763662	0.04692260816575256	-0.010359536867763662	0.017672151127361313	41031932
2022-09-19	-0.009580838323353302	0.005988023952095894	0.025149700598802498	-0.01796407185628747	-0.009580838323353302	22845562
2022-09-20	0.07073760580411136	0.014510278113663967	0.09733978234582827	0.014510278113663967	0.07073760580411136	42894443
2022-09-21	-0.0016939582156974102	0.00677583286278924	0.02202145680406553	-0.016939582156973502	-0.0016939582156974102	28786024
2022-09-22	0.020361990950226214	-0.010180995475113107	0.03393665158371049	-0.014705882352941064	0.020361990950226214	30929105
2022-09-23	-0.004988913525498883	-0.009423503325942249	0.02494456762749442	-0.009977827050997767	-0.004988913525498883	25955006
2022-09-26	-0.002228412256267362	-0.006128133704735345	0.020612813370473593	-0.01225626740947069	-0.002228412256267362	28888850
2022-09-27	-0.018983807928531538	0.005025125628140696	0.00949190396426567	-0.057509771077610336	-0.018983807928531538	42277782
2022-09-28	-0.021058622652248206	-0.0045532157085943	0.029026750142287876	-0.02675014228799083	-0.021058622652248206	28325471
2022-09-29	0.012209302325581445	0.008720930232558264	0.024999999999999984	-0.02965116279069756	0.012209302325581445	27168221
2022-09-30	-0.04250430786904069	-0.006892590465249914	-0.0028719126938541477	-0.049396898334290604	-0.04250430786904069	33221647
2022-10-10	-0.03299340131973609	-0.004199160167966423	0.007198560287942257	-0.037192561487702516	-0.03299340131973609	23752438
2022-10-11	0.007444168734491156	-0.0012406947890818594	0.03970223325062038	-0.0012406947890818594	0.007444168734491156	28816375
2022-10-12	0.033251231527093764	0.0036945812807883177	0.04618226600985222	-0.04495073891625608	0.033251231527093764	34494426
2022-10-13	-0.011323003575685416	-0.009535160905840294	0.011918951132300314	-0.036352800953516055	-0.011323003575685416	36650289
2022-10-14	0.07233273056057862	0.016274864376130172	0.08619650391802289	-0.009041591320072246	0.07233273056057862	59178815
2022-10-17	-0.03766160764474414	-0.021922428330522797	-0.018549747048903782	-0.05452501405283861	-0.03766160764474414	30392055
2022-10-18	-0.012850467289719766	-0.004088785046728988	0.0052570093457943836	-0.012850467289719766	-0.012850467289719766	18981206
2022-10-19	-0.0266272189349112	-0.0011834319526626968	0.010650887573964481	-0.02958579881656805	-0.0266272189349112	20845072
2022-10-20	-0.03708206686930088	-0.010942249240121564	-0.009118541033434565	-0.04376899696048626	-0.03708206686930088	34855933
2022-10-21	0.035353535353535276	0.016414141414141513	0.05429292929292926	0.005050505050505055	0.035353535353535276	40214053
2022-10-24	0.006097560975609843	-0.003048780487804705	0.03597560975609756	-0.004268292682926847	0.006097560975609843	27391396
2022-10-25	0.02303030303030297	-0.0060606060606061465	0.04666666666666664	-0.030303030303030304	0.02303030303030297	36756635
2022-10-26	0.03139810426540291	0.0017772511848341906	0.04680094786729874	-0.0017772511848339802	0.03139810426540291	41138301
2022-10-27	-0.00919012062033315	0.022975301550832772	0.07926479035037329	-0.012062033314187297	-0.00919012062033315	44129534
2022-10-28	-0.004637681159420191	-0.00869565217391296	0.018550724637681176	-0.018550724637681176	-0.004637681159420191	31990248
2022-10-31	-0.05066977285963896	0.01630751310425146	0.018637157833430208	-0.07513104251601635	-0.05066977285963896	52537697
2022-11-01	0.024539877300613407	0.0	0.04785276073619617	-0.0012269938650306487	0.024539877300613407	47908079
2022-11-02	0.06467065868263484	0.0	0.08203592814371263	-0.007784431137724492	0.06467065868263484	53833972
2022-11-03	0.021934758155230626	0.0	0.04161979752530925	-0.006749156355455623	0.021934758155230626	38468255
2022-11-04	0.02256466703357163	0.006604292790313562	0.03522289488167292	-0.006053935057787726	0.02256466703357163	36966311
2022-11-07	0.008611410118406897	-0.00645855758880503	0.022604951560818178	-0.019375672766415473	0.008611410118406897	36989935
2022-11-08	-0.008004268943436425	0.0005336179295625167	0.01227321237993599	-0.020277481323372416	-0.008004268943436425	17808804
2022-11-09	-0.04142011834319524	0.0021516944593867214	0.008606777837547076	-0.05002689618074232	-0.04142011834319524	28210114
2022-11-10	-0.00673400673400679	0.002805836139169512	0.005050505050505042	-0.03142536475869802	-0.00673400673400679	24467046
2022-11-11	-0.004519774011299339	0.029378531073446304	0.035593220338982996	-0.014124293785310734	-0.004519774011299339	27090272
2022-11-14	-0.035754824063564276	-0.004540295119182852	0.006242905788876245	-0.04540295119182751	-0.035754824063564276	25200896
2022-11-15	0.02295467922307243	-0.0017657445556208114	0.03472630959387875	-0.005297233666862852	0.02295467922307243	25585592
2022-11-16	-0.024165707710011402	-0.0023014959723819993	0.008630609896432804	-0.031070195627157605	-0.024165707710011402	20606169
2022-11-17	-0.010023584905660477	-0.009433962264150952	-0.003537735849056738	-0.03242924528301891	-0.010023584905660477	30994572
2022-11-18	0.011316259678380064	-0.0047647409172125255	0.033353186420488526	-0.019058963668850525	0.011316259678380064	30521497
2022-11-21	0.0005889281507654895	0.0017667844522968868	0.01707891637220254	-0.011778563015312089	0.0005889281507654895	16081054
2022-11-22	-0.008240141259564274	-0.006474396703943464	-0.0005885815185402008	-0.06415538552089453	-0.008240141259564274	67604292
2022-11-23	0.0017804154302669187	0.0017804154302669187	0.016617210682492438	-0.032047477744807276	0.0017804154302669187	33680729
2022-11-24	-0.021327014218009446	-0.007109004739336342	0.003554502369668381	-0.028436018957345998	-0.021327014218009446	23721188
2022-11-25	-0.03147699757869247	-0.0030266343825666293	-0.0012106537530266086	-0.03208232445520577	-0.03147699757869247	31936823
2022-11-28	-0.006249999999999978	-0.011249999999999982	0.008124999999999938	-0.016874999999999973	-0.006249999999999978	18542374
2022-11-29	-0.010691823899371065	0.005031446540880507	0.010691823899371065	-0.013836477987421424	-0.010691823899371065	27314488
2022-11-30	-0.0413223140495868	0.001907183725365503	0.005721551176096622	-0.048951048951048924	-0.0413223140495868	51300558
2022-12-01	0.018567639257294388	0.01989389920424408	0.031167108753315693	0.010610079575596827	0.018567639257294388	30498386
2022-12-02	0.03450520833333341	-0.0039062499999999167	0.05794270833333337	-0.0039062499999999167	0.03450520833333341	58612218
2022-12-05	-0.01762114537444941	0.0245437382001259	0.028949024543738253	-0.032724984266834574	-0.01762114537444941	47897809
2022-12-06	-0.02626521460602179	-0.007046764894298491	-0.002562459961563046	-0.03779628443305572	-0.02626521460602179	36488170
2022-12-07	-0.036842105263157815	-0.0013157894736841825	0.0006578947368422081	-0.04868421052631569	-0.036842105263157815	47543429
2022-12-08	-0.004098360655737739	-0.002732240437158533	0.030054644808743133	-0.006830601092896272	-0.004098360655737739	48417679
2022-12-09	-0.0370370370370371	0.005486968449931418	0.0075445816186556535	-0.04115226337448557	-0.0370370370370371	62354139
2022-12-12	0.0007122507122508236	0.007834757834757922	0.01709401709401711	-0.0192307692307692	0.0007122507122508236	36601746
2022-12-13	-0.056227758007117504	0.0014234875444839553	0.004982206405693843	-0.057651245551601456	-0.056227758007117504	60834079
2022-12-14	-0.02564102564102563	0.004524886877828092	0.009049773755656184	-0.03770739064856712	-0.02564102564102563	56352925
2022-12-15	0.025541795665634682	-0.0007739938080495191	0.02708978328173372	-0.0131578947368421	0.025541795665634682	47871537
2022-12-16	-0.006792452830188669	-0.010566037735849099	0.012075471698113219	-0.018113207547169826	-0.006792452830188669	36474911
2022-12-19	0.012917933130699083	-0.0037993920972644916	0.03267477203647414	-0.0060790273556231055	0.012917933130699083	41542571
2022-12-20	0.0307576894223556	0.0015003750937734113	0.036759189797449375	-0.012753188297074263	0.0307576894223556	49729378
2022-12-21	-0.042940320232896644	0.0	0.0029112081513827616	-0.05312954876273657	-0.042940320232896644	37150844
2022-12-22	-0.044106463878327	0.0	0.009885931558935286	-0.046387832699619866	-0.044106463878327	45155423
2022-12-23	-0.01034208432776458	-0.02466189339697697	0.018297533810660335	-0.027844073190135214	-0.01034208432776458	46608621
2022-12-26	0.15192926045016084	0.008038585209003187	0.164790996784566	-0.0032154340836012176	0.15192926045016084	93653644
2022-12-27	0.03349616189811587	0.01186322400558269	0.05163991625959527	0.005582693649685978	0.03349616189811587	64211391
2022-12-28	0.0006752194463200396	-0.008102633355840714	0.010803511141120874	-0.013504388926401151	0.0006752194463200396	41300200
2022-12-29	-0.004048582995951451	-0.006747638326585671	0.025641025641025574	-0.011470985155195677	-0.004048582995951451	30200210
2022-12-30	-0.007452574525745219	0.002710027100271065	0.017615176151761502	-0.012195121951219494	-0.007452574525745219	27537918
2023-01-03	0.016382252559726976	-0.0027303754266212233	0.03208191126279856	-0.019795221843003474	0.016382252559726976	46357632
2023-01-04	-0.024177300201477583	0.001343183344526499	0.0060443250503693655	-0.032907991940899946	-0.024177300201477583	31669777
2023-01-05	0.03647625602202348	-0.00137646249139708	0.05643496214728151	-0.006882312456985523	0.03647625602202348	52357950
2023-01-06	0.09096945551128813	0.024568393094289456	0.1288180610889774	0.019920318725099532	0.09096945551128813	97942293
2023-01-09	0.014607425441266099	0.016433353621424198	0.04138770541692025	-0.013390139987827076	0.014607425441266099	55588741
2023-01-10	-0.0017996400719856708	0.007798440311937552	0.03119376124775042	-0.007798440311937765	-0.0017996400719856708	29667205
2023-01-11	-0.040865384615384595	-0.0012019230769230512	0.0006009615384614189	-0.04747596153846159	-0.040865384615384595	38719972
2023-01-12	0.0031328320802005457	0.006892230576441067	0.020050125313283224	-0.008145363408521351	0.0031328320802005457	29892887
2023-01-13	0.01436602123672685	0.0006246096189880081	0.021236727045596492	-0.019362898188632245	0.01436602123672685	31339612
2023-01-16	-0.04310344827586203	-0.008620689655172232	-0.0012315270935960329	-0.05726600985221663	-0.04310344827586203	86326035
2023-01-17	0.009009009009009045	0.009652509652509677	0.016087516087516088	-0.008365508365508301	0.009009009009009045	31497492
2023-01-18	0.007015306122448943	-0.0019132653061224082	0.019132653061224535	-0.029974489795918297	0.007015306122448943	28612674
2023-01-19	-0.013299556681443895	-0.007599746675110781	0.0018999366687777795	-0.02469917669411012	-0.013299556681443895	20186140
2023-01-20	0.009627727856225954	0.0012836970474967633	0.022464698331193814	-0.005776636713735549	0.009627727856225954	25965583
2023-01-30	-0.027336300063572773	0.020343293070565815	0.04068658614113163	-0.03750794659885568	-0.027336300063572773	82219744
2023-01-31	0.013071895424836555	0.001960784313725448	0.050980392156862585	-0.003267973856209197	0.013071895424836555	63014583
2023-02-01	0.019354838709677465	0.003870967741935516	0.0309677419354839	-0.003870967741935516	0.019354838709677465	54873723
2023-02-02	-0.04430379746835449	-0.009493670886075972	0.00759493670886071	-0.050632911392405104	-0.04430379746835449	73125491
2023-02-03	0.00132450331125825	0.000662251655629125	0.006622516556291367	-0.019205298013244977	0.00132450331125825	37208668
2023-02-06	-0.014550264550264477	-0.007275132275132238	-0.004629629629629531	-0.030423280423280363	-0.014550264550264477	40652105
2023-02-07	-0.01812080536912749	-0.0006711409395973011	0.022818791946308713	-0.021476510067114114	-0.01812080536912749	35132051
2023-02-08	-0.0034176349965824135	-0.0013670539986330383	0.008202323991797622	-0.008885850991114202	-0.0034176349965824135	31143528
2023-02-09	0.0075445816186556535	-0.00274348422496577	0.02880658436213991	-0.004801097393690006	0.0075445816186556535	44796952
2023-02-10	-0.023825731790333537	0.0013614703880191524	0.0020422055820286684	-0.0265486725663716	-0.023825731790333537	31272590
2023-02-13	0.011157601115760122	0.0	0.023012552301255235	-0.006276150627615053	0.011157601115760122	33513849
2023-02-14	-0.0006896551724137784	0.007586206896551685	0.013103448275862035	-0.008275862068965464	-0.0006896551724137784	35525287
2023-02-15	-0.0020703933747411567	0.0	0.020013802622498217	-0.004140786749482436	-0.0020703933747411567	47778228
2023-02-16	0.0	0.0006915629322268178	0.029045643153526965	-0.013139695712309907	0.0	61842187
2023-02-17	-0.014522821576763543	0.0	0.004149377593360907	-0.017289073305670814	-0.014522821576763543	39923901
2023-02-20	0.024561403508771906	-0.006315789473684201	0.033684210526315816	-0.009824561403508812	0.024561403508771906	42969993
2023-02-21	0.0	0.005479452054794526	0.0226027397260274	-0.012328767123287652	0.0	50168659
2023-02-22	-0.017123287671232876	-0.004794520547945225	0.006849315068493127	-0.017123287671232876	-0.017123287671232876	37012300
2023-02-23	0.049477351916376366	0.000696864111498243	0.059233449477351895	0.000696864111498243	0.049477351916376366	87585311
2023-02-24	0.0013280212483399452	0.0026560424966798903	0.01792828685258961	-0.007968127490039906	0.0013280212483399452	61313734
2023-02-27	0.03514588859416441	-0.008620689655172466	0.05172413793103444	-0.00994694960212204	0.03514588859416441	66296119
2023-02-28	-0.003843689942344569	0.0012812299807816367	0.005124919923126206	-0.02626521460602179	-0.003843689942344569	65204765
2023-03-01	-0.03279742765273322	0.0032154340836012176	0.005787781350482306	-0.03472668810289395	-0.03279742765273322	69716187
2023-03-02	-0.022606382978723395	0.013962765957446867	0.015957446808510654	-0.023936170212765923	-0.022606382978723395	46603446
2023-03-03	-0.00884353741496592	0.010204081632653086	0.010884353741496608	-0.012925170068027177	-0.00884353741496592	35542504
2023-03-06	0.05833905284831844	0.00205902539464649	0.07412491420727522	-0.0027453671928621085	0.05833905284831844	83242409
2023-03-07	-0.0025940337224383365	-0.005188067444876788	0.0181582360570687	-0.012970168612191912	-0.0025940337224383365	48733018
2023-03-08	0.0039011703511052484	0.0019505851755526242	0.02665799739921966	-0.006501950585175644	0.0039011703511052484	53372804
2023-03-09	0.009715025906735775	-0.0032383419689118484	0.01748704663212444	-0.009067357512953289	0.009715025906735775	34907616
2023-03-10	0.007055805003207147	-0.005772931366260415	0.028223220012828818	-0.030147530468248918	0.007055805003207147	65548300
2023-03-13	-0.01783439490445856	-0.012101910828025447	0.0031847133757962236	-0.026751592356687896	-0.01783439490445856	48416073
2023-03-14	-0.02723735408560311	0.0025940337224384514	0.005188067444876788	-0.049935149156939015	-0.02723735408560311	69627015
2023-03-15	0.0006666666666666524	0.010000000000000024	0.015333333333333362	-0.003333333333333381	0.0006666666666666524	34059564
2023-03-16	-0.06795469686875413	-0.0053297801465689585	0.0019986675549633153	-0.1099267155229847	-0.06795469686875413	111715912
2023-03-17	-0.053609721229449604	-0.01143674052894926	-0.0028591851322373784	-0.057183702644746294	-0.053609721229449604	94919453
2023-03-20	0.04984894259818732	-0.0030211480362538463	0.07401812688821756	-0.023413897280966805	0.04984894259818732	80144816
2023-03-21	0.033093525179856045	0.0007194244604316393	0.03956834532374093	-0.007194244604316521	0.033093525179856045	45336665
2023-03-22	-0.005571030640668529	0.016016713091922034	0.0362116991643455	-0.01810584958217269	-0.005571030640668529	43252359
2023-03-23	-0.012605042016806704	-0.009103641456582564	0.0014005602240897304	-0.03221288515406156	-0.012605042016806704	37932818
2023-03-24	-0.012765957446808491	-0.0007092198581560132	0.019148936170212735	-0.020567375886524762	-0.012765957446808491	34381175
2023-03-27	0.011494252873563229	0.0129310344827586	0.0272988505747127	-0.005028735632183929	0.011494252873563229	38598470
2023-03-28	-0.014914772727272789	-0.0007102272727272576	0.0035511363636364143	-0.01775568181818182	-0.014914772727272789	23419538
2023-03-29	-0.0115356885364094	0.006488824801730472	0.015861571737563133	-0.02090843547224219	-0.0115356885364094	29568136
2023-03-30	0.02188183807439817	0.0	0.03428154631655717	-0.006564551422319593	0.02188183807439817	34939489
2023-03-31	-0.005710206995003574	0.004996431120628143	0.022127052105638867	-0.007137758743754436	-0.005710206995003574	36656176
2023-04-03	0.015075376884422172	0.001435750179468742	0.02512562814070349	-0.008614501076812579	0.015075376884422172	34760554
2023-04-04	-0.03606789250353605	0.0021216407355020765	0.0035360678925034604	-0.050919377652050964	-0.03606789250353605	54291272
2023-04-06	0.002934702861335227	0.0014673514306676135	0.006603081438004392	-0.02054292002934711	0.002934702861335227	36185489
2023-04-07	0.0036576444769568918	-0.005852231163130949	0.029261155815654746	-0.005852231163130949	0.0036576444769568918	35457967
2023-04-10	0.0007288629737609173	0.0	0.01895043731778424	-0.01603498542274057	0.0007288629737609173	38195268
2023-04-11	-0.008739985433357684	-0.000728332119446452	0.009468317552804006	-0.019664967225054595	-0.008739985433357684	41295346
2023-04-12	-0.021307861866274737	0.000734753857457736	0.008082292432035357	-0.02424687729610581	-0.021307861866274737	46602659
2023-04-13	-0.012762762762762758	0.003003003003002939	0.012762762762762758	-0.014264264264264227	-0.012762762762762758	42250101
2023-04-14	-0.0030418250950571043	0.0007604562737642424	0.010646387832699528	-0.014448669201520874	-0.0030418250950571043	34949924
2023-04-17	0.02669717772692612	-0.0022883295194507523	0.03203661327231121	-0.004576659038901505	0.02669717772692612	38198008
2023-04-18	0.011887072808320829	0.0007429420505200436	0.025260029717682007	0.0007429420505200436	0.011887072808320829	54308028
2023-04-19	-0.021292217327459558	-0.0044052863436122415	0.0014684287812042108	-0.034508076358296544	-0.021292217327459558	40297820
2023-04-20	-0.05251312828207046	-0.01725431357839463	-0.00975243810952744	-0.05551387846961742	-0.05251312828207046	68525579
2023-04-21	-0.015835312747426847	-0.002375296912114104	0.023752969121140055	-0.01979414093428345	-0.015835312747426847	33417996
2023-04-24	-0.007240547063555902	0.029766693483507724	0.0378117457763476	-0.03459372485921156	-0.007240547063555902	67886484
2023-04-25	-0.027552674230145856	-0.0024311183144245835	0.01863857374392224	-0.032414910858995165	-0.027552674230145856	46408038
2023-04-26	0.06083333333333337	0.005833333333333357	0.08916666666666669	-0.00916666666666662	0.06083333333333337	79292297
2023-04-27	-0.010212097407698411	-0.002356637863315093	0.007855459544383318	-0.021209740769835003	-0.010212097407698411	41258606
2023-04-28	-0.006349206349206355	0.006349206349206355	0.006349206349206355	-0.019047619047619067	-0.006349206349206355	36342810
2023-05-04	-0.017571884984025468	-0.024760383386581368	0.01757188498402561	-0.03354632587859425	-0.017571884984025468	54714623
2023-05-05	-0.010569105691056974	0.003252032520325134	0.004065040650406417	-0.031707317073170774	-0.010569105691056974	42941497
2023-05-08	-0.014790468364831529	0.0073952341824157644	0.0073952341824157644	-0.021364009860312227	-0.014790468364831529	36422793
2023-05-09	-0.024186822351960045	0.000834028356964119	0.014178482068390319	-0.029190992493744756	-0.024186822351960045	41732626
2023-05-10	-0.01794871794871787	-0.0162393162393162	-0.008547008547008517	-0.049572649572649584	-0.01794871794871787	60862927
2023-05-11	0.01653611836379456	-0.0008703220191470659	0.04264577893820715	-0.008703220191470813	0.01653611836379456	42176340
2023-05-12	-0.031678082191780754	-0.005136986301369906	0.012842465753424688	-0.031678082191780754	-0.031678082191780754	28002259
2023-05-15	0.0636604774535808	0.006189213085764835	0.06984969053934563	-0.0008841732979663825	0.0636604774535808	54168237
2023-05-16	0.0066500415627597734	-0.0024937655860348597	0.024937655860349187	-0.009975062344139586	0.0066500415627597734	35099332
2023-05-17	0.018166804293971977	0.006606110652353433	0.03468208092485549	0.0008257638315441608	0.018166804293971977	40909403
2023-05-18	-0.011354420113544247	0.0016220600162205655	0.007299270072992689	-0.018653690186536936	-0.011354420113544247	37147544
2023-05-19	0.009844134536505414	0.0008203445447087603	0.014766201804757975	-0.009844134536505268	0.009844134536505414	21777338
2023-05-22	0.019496344435418377	-0.0008123476848090809	0.032493907392363956	-0.007311129163281873	0.019496344435418377	32342897
2023-05-23	0.0199203187250996	-0.0031872509960160097	0.03426294820717129	-0.0055776892430279106	0.0199203187250996	45313863
2023-05-24	0.017968749999999895	-0.004687500000000039	0.049999999999999906	-0.009375000000000078	0.017968749999999895	80958800
2023-05-25	0.029163468917881873	0.003837298541826609	0.061396776669224926	-0.011511895625479553	0.029163468917881873	88102954
2023-05-26	-0.026099925428784462	-0.008202833706189369	-0.007457121551081256	-0.0589112602535422	-0.026099925428784462	60410726
2023-05-29	-0.05513016845329254	-0.004594180704441079	0.00535987748851457	-0.07350689127105672	-0.05513016845329254	92772729
2023-05-30	-0.0024311183144245835	0.004862236628849311	0.027552674230145856	-0.01782820097244738	-0.0024311183144245835	45982763
2023-05-31	0.03411860276198212	-0.0008123476848090809	0.03411860276198212	-0.017059301380991133	0.03411860276198212	77794060
2023-06-01	-0.03927729772191673	-0.011783189316575047	-0.01099764336213673	-0.043990573448546774	-0.03927729772191673	52966636
2023-06-02	0.022076860179885492	0.004905968928863346	0.03352412101390025	-0.0032706459525757093	0.022076860179885492	40442283
2023-06-05	-0.04239999999999995	0.0015999999999999658	0.002399999999999949	-0.04319999999999993	-0.04239999999999995	46927045
2023-06-06	-0.020050125313283224	-0.0008354218880534492	0.0008354218880534492	-0.03091060985797836	-0.020050125313283224	58174609
2023-06-07	-0.011082693947144142	0.003410059676044258	0.010230179028132926	-0.020460358056266004	-0.011082693947144142	42469750
2023-06-08	0.006034482758620715	-0.002586206896551669	0.03017241379310342	-0.004310344827586115	0.006034482758620715	60790249
2023-06-09	0.08911739502999151	0.0	0.10454155955441308	-0.009425878320479815	0.08911739502999151	159535217
2023-06-12	-0.004720692368214044	0.007081038552320996	0.010228166797796931	-0.01809598741148705	-0.004720692368214044	80090979
2023-06-13	-0.01660079051383406	0.0	0.011067193675889233	-0.026086956521739136	-0.01660079051383406	54814432
2023-06-14	-0.020900321543408342	0.004019292604501665	0.007234726688102883	-0.02331189710610926	-0.020900321543408342	40517849
2023-06-15	0.08045977011494257	0.0024630541871922115	0.09113300492610833	-0.0057471264367816325	0.08045977011494257	95031207
2023-06-16	0.024316109422492422	0.01139817629179334	0.04331306990881461	0.009878419452887463	0.024316109422492422	106123682
2023-06-19	0.011869436201780426	0.0	0.017804154302670638	-0.013353115727002946	0.011869436201780426	62268361
2023-06-20	-0.011730205278592386	-0.0065982404692082	0.004398826979472047	-0.01979472140762473	-0.011730205278592386	42821964
2023-06-21	-0.009643916913946645	-0.002225519287833912	0.012611275964391686	-0.014094955489614338	-0.009643916913946645	38920797
2023-06-26	0.030711610486891396	0.005243445692883916	0.07116104868913865	-0.008239700374531794	0.030711610486891396	79643247
2023-06-27	0.019622093023255783	0.0	0.05886627906976748	-0.018168604651162792	0.019622093023255783	97335608
2023-06-28	0.0128296507483964	0.0014255167498219068	0.018531717747683522	-0.015680684248039835	0.0128296507483964	61989344
2023-06-29	-0.014778325123152768	0.0028149190710766462	0.022519352568613545	-0.023223082336382834	-0.014778325123152768	58397398
2023-06-30	0.0042857142857143215	0.0	0.027142857142857198	-0.019285714285714257	0.0042857142857143215	45271160
2023-07-03	0.006401137980085338	0.0021337126600284037	0.02062588904694162	-0.014224751066856405	0.006401137980085338	52401379
2023-07-04	-0.0353356890459364	-0.011307420494699657	-0.0007067137809187128	-0.04028268551236751	-0.0353356890459364	52937995
2023-07-05	-0.028571428571428612	-0.000732600732600717	-0.000732600732600717	-0.03369963369963376	-0.028571428571428612	51856259
2023-07-06	-0.023378582202111652	0.0007541478129713264	0.012066365007541489	-0.028657616892910937	-0.023378582202111652	47998902
2023-07-07	-0.03320463320463318	0.000772200772200893	0.000772200772200893	-0.03552123552123545	-0.03320463320463318	46711778
2023-07-10	0.04792332268370604	0.006389776357827482	0.06150159744408942	0.0	0.04792332268370604	48678748
2023-07-11	-0.0213414634146341	-0.005335365853658423	0.002286585365853745	-0.025914634146341455	-0.0213414634146341	29578303
2023-07-12	0.004672897196261721	-0.0007788161993769304	0.014018691588785024	-0.03816199376947042	0.004672897196261721	57612725
2023-07-13	0.013953488372093	0.0	0.027131782945736406	-0.003100775193798521	0.013953488372093	40938371
2023-07-14	-0.044342507645259946	-0.008409785932721668	-0.005351681957186566	-0.06116207951070342	-0.044342507645259946	63556060
2023-07-17	0.0048000000000000395	0.018400000000000034	0.02959999999999994	-0.0056000000000000225	0.0048000000000000395	62383363
2023-07-18	-0.015923566878980975	0.003980891719745138	0.004777070063694166	-0.02149681528662431	-0.015923566878980975	37410647
2023-07-19	-0.01294498381877024	0.0016181229773463877	0.0024271844660195096	-0.02588996763754048	-0.01294498381877024	35653064
2023-07-20	0.005737704918032811	0.005737704918032811	0.019672131147541003	0.0008196721311476691	0.005737704918032811	28606596
2023-07-21	-0.01629991850040744	-0.0008149959250203575	0.0024449877750612175	-0.02118989405052973	-0.01629991850040744	32016834
2023-07-24	-0.007456503728251852	-0.005799502899751474	0.014084507042253515	-0.011599005799502947	-0.007456503728251852	22552323
2023-07-25	0.04090150250417364	0.019198664440734592	0.0509181969949916	0.01669449081802999	0.04090150250417364	43070241
2023-07-26	-0.002405773857257509	-0.0008019246190857888	0.01764234161988764	-0.008019246190858174	-0.002405773857257509	25224706
2023-07-27	-0.0056270096463022735	0.0016077170418007517	0.009646302250803939	-0.008842443729903492	-0.0056270096463022735	16354557
2023-07-28	0.017784963621665373	-0.005658852061438845	0.026677445432497986	-0.012934518997574647	0.017784963621665373	30663619
2023-07-31	-0.012708498808578248	0.0	0.013502779984114371	-0.014297061159650494	-0.012708498808578248	35891274
2023-08-01	-0.023330651649235652	0.0	0.004022526146420009	-0.03218020917135964	-0.023330651649235652	43819750
2023-08-02	-0.0008237232289950401	-0.0008237232289950401	0.008237232289950547	-0.006589785831960467	-0.0008237232289950401	22558098
2023-08-03	0.01071723000824394	-0.0024732069249794836	0.027205276174773294	-0.0024732069249794836	0.01071723000824394	32522430
2023-08-04	0.008156606851549727	0.0032626427406199777	0.013866231647634578	-0.010603588907014601	0.008156606851549727	37281298
2023-08-07	-0.01051779935275073	-0.000809061488673122	0.0016181229773463877	-0.01779935275080897	-0.01051779935275073	23767649
2023-08-08	-0.011447260834014764	0.001635322976287782	0.013082583810302546	-0.013082583810302546	-0.011447260834014764	25099140
2023-08-09	-0.002481389578163719	0.0	0.006617038875103397	-0.010752688172042928	-0.002481389578163719	17445625
2023-08-10	0.013266998341625218	-0.004975124378109493	0.0223880597014925	-0.004975124378109493	0.013266998341625218	23863937
2023-08-11	-0.019639934533551572	0.0032733224222585224	0.0032733224222585224	-0.021276595744680833	-0.019639934533551572	26423610
2023-08-14	-0.011686143572621082	-0.012520868113522567	-0.0066777963272120254	-0.03255425709515864	-0.011686143572621082	31764079
2023-08-15	-0.11993243243243243	-0.0025337837837837297	-0.0025337837837837297	-0.12837837837837834	-0.11993243243243243	131752880
2023-08-16	0.002879078694817597	0.010556621880998027	0.022072936660268754	-0.006717850287907897	0.002879078694817597	57370008
2023-08-17	0.022966507177033513	-0.0019138755980860837	0.027751196172248895	-0.014354066985645798	0.022966507177033513	38128042
2023-08-18	0.0018709073900843173	0.009354536950420921	0.025257249766136705	0.0018709073900843173	0.0018709073900843173	28350143
2023-08-21	-0.03454715219421111	-0.0009337068160599031	0.002801120448179212	-0.03641456582633058	-0.03454715219421111	36783717
2023-08-22	-0.009671179883945807	0.00773694390715668	0.009671179883945807	-0.040618955512572524	-0.009671179883945807	48208692
2023-08-23	-0.02539062499999998	-0.00390625000000009	-0.00390625000000009	-0.02929687500000007	-0.02539062499999998	28344960
2023-08-24	0.03907815631262513	-0.0020040080160320215	0.05110220440881761	-0.0020040080160320215	0.03907815631262513	44139347
2023-08-25	0.003857280617164988	-0.00675024108003843	0.014464802314368405	-0.014464802314368235	0.003857280617164988	27609463
2023-08-28	0.020172910662824117	0.06724303554274728	0.07588856868395764	0.016330451488952923	0.020172910662824117	53634796
2023-08-29	0.031073446327683624	-0.010357815442561152	0.03483992467043324	-0.01318267419962324	0.031073446327683624	39955828
2023-08-30	-0.0036529680365296026	0.0182648401826485	0.031050228310502272	-0.015525114155251136	-0.0036529680365296026	39370918
2023-08-31	-0.013748854262144854	-0.0027497708524289056	0.00824931255728688	-0.027497708524289708	-0.013748854262144854	42559438
2023-09-01	0.0009293680297397572	0.0	0.003717472118959194	-0.009293680297397737	0.0009293680297397572	20782735
2023-09-04	-0.011142061281336975	0.0	0.007428040854224705	-0.01578458681522748	-0.011142061281336975	43111775
2023-09-05	0.011267605633802743	0.0	0.022535211267605652	-0.010328638497652694	0.011267605633802743	35857531
2023-09-06	-0.022284122562674116	-0.00371402042711227	-0.001857010213556135	-0.02414113277623025	-0.022284122562674116	35205919
2023-09-07	-0.038936372269705616	-0.004748338081671314	0.0	-0.038936372269705616	-0.038936372269705616	46586813
2023-09-08	0.0029644268774704683	-0.004940711462450488	0.009881422924901326	-0.009881422924901151	0.0029644268774704683	22051230
2023-09-11	-0.002955665024630654	0.0019704433497536524	0.01182266009852209	-0.00886699507389161	-0.002955665024630654	39278096
2023-09-12	-0.0019762845849801954	-0.0009881422924900977	0.009881422924901326	-0.017786561264822108	-0.0019762845849801954	34336240
2023-09-13	-0.017821782178217796	0.001980198019801938	0.00594059405940599	-0.02871287128712863	-0.017821782178217796	38905432
2023-09-14	-0.013104838709677498	-0.0020161290322580215	0.0020161290322580215	-0.01915322580645156	-0.013104838709677498	28652685
2023-09-15	0.018386108273748876	0.004085801838610922	0.019407558733401564	-0.005107252298263426	0.018386108273748876	35246566
2023-09-18	0.0	-0.016048144433299914	0.007021063189568556	-0.028084252758274936	0.0	33668583
2023-09-19	-0.016048144433299914	0.0010030090270812223	0.006018054162487334	-0.016048144433299914	-0.016048144433299914	20505813
2023-09-20	0.0020387359836900685	0.0020387359836900685	0.011213047910295558	-0.0050968399592253525	0.0020387359836900685	15392500
2023-09-21	0.0010172939979653903	-0.007121057985757913	0.009155645981688694	-0.010172939979654084	0.0010172939979653903	20619098
2023-09-22	0.014227642276422823	-0.002032520325203209	0.015243902439024426	-0.008130081300813016	0.014227642276422823	25316176
2023-09-25	-0.007014028056112252	-0.005010020040080231	0.0050100200400800534	-0.015030060120240515	-0.007014028056112252	25769904
2023-09-26	-0.015136226034308815	-0.0010090817356205638	0.010090817356205817	-0.01614530776992938	-0.015136226034308815	22627973
2023-09-27	0.03688524590163929	0.0051229508196722045	0.05635245901639352	0.0040983606557378	0.03688524590163929	63128697
2023-09-28	-0.0019762845849801954	-0.003952569169960391	0.01778656126482228	-0.005928853754940585	-0.0019762845849801954	26282554
2023-10-09	-0.03465346534653462	-0.012871287128712773	-0.003960396039603876	-0.036633663366336555	-0.03465346534653462	37172932
2023-10-10	-0.045128205128205076	0.005128205128205201	0.008205128205128212	-0.04923076923076927	-0.045128205128205076	55828877
2023-10-11	0.022556390977443507	0.017185821697099906	0.03437164339419981	0.0010741138560687203	0.022556390977443507	48079001
2023-10-12	0.011554621848739623	-0.0031512605042016135	0.02731092436974788	-0.0073529411764706185	0.011554621848739623	32388785
2023-10-13	-0.023883696780893086	-0.005192107995846387	-0.0010384215991694249	-0.034267912772585674	-0.023883696780893086	24151194
2023-10-16	-0.006382978723404308	0.0	0.011702127659574407	-0.018085106382978715	-0.006382978723404308	23219694
2023-10-17	-0.006423982869379069	0.0	0.006423982869379069	-0.0117773019271948	-0.006423982869379069	23025500
2023-10-18	-0.02047413793103443	-0.0021551724137930574	0.0	-0.02262931034482749	-0.02047413793103443	31039042
2023-10-19	0.02530253025302535	0.03190319031903201	0.05830583058305824	0.014301430143014387	0.02530253025302535	57551821
2023-10-20	0.02575107296137341	-0.007510729613733936	0.02682403433476395	-0.019313304721030013	0.02575107296137341	69127741
2023-10-23	-0.032426778242677874	-0.014644351464435205	-0.010460251046025068	-0.04393305439330543	-0.032426778242677874	38864762
2023-10-24	0.0010810810810810581	-0.0021621621621621162	0.007567567567567599	-0.015135135135135197	0.0010810810810810581	26866870
2023-10-25	0.0	0.0010799136069114242	0.018358531317494594	-0.0032397408207342723	0.0	22160308
2023-10-26	-0.012958963282937282	-0.009719222462203008	-0.009719222462203008	-0.03671706263498919	-0.012958963282937282	30371718
2023-10-27	0.0284463894967177	-0.0032822757111598618	0.036105032822757115	-0.01203501094091917	0.0284463894967177	36623362
2023-10-30	-0.0031914893617022485	-0.009574468085106367	0.006382978723404308	-0.015957446808510675	-0.0031914893617022485	39023433
2023-10-31	0.011739594450373663	0.03735325506937048	0.04589114194236943	-0.002134471718249688	0.011739594450373663	99365783
2023-11-01	-0.02953586497890307	0.014767932489451348	0.021097046413502032	-0.034810126582278486	-0.02953586497890307	73811950
2023-11-02	-0.034782608695652015	-0.009782608695652159	-0.003260869565217322	-0.034782608695652015	-0.034782608695652015	52869478
2023-11-03	0.01576576576576563	0.006756756756756612	0.03490990990990976	0.006756756756756612	0.01576576576576563	59549816
2023-11-06	0.04656319290465631	0.005543237250554403	0.06984478935698457	0.0033259423503327204	0.04656319290465631	121609382
2023-11-07	-0.028601694915254192	-0.006355932203389696	-0.005296610169491412	-0.0338983050847458	-0.028601694915254192	93307903
2023-11-08	0.044711014176663046	-0.0021810250817883943	0.06761177753544158	-0.0043620501635767885	0.044711014176663046	168074542
2023-11-09	0.055323590814196175	0.001043841336116888	0.09812108559498951	-0.00835073068893529	0.055323590814196175	230169162
2023-11-10	-0.008902077151335298	-0.010880316518298658	0.0029673590504452163	-0.020771513353115636	-0.008902077151335298	83771637
2023-11-13	0.012974051896207664	0.007984031936127753	0.01996007984031947	-0.005988023952095681	0.012974051896207664	71214446
2023-11-14	0.029556650246305313	0.010837438423645264	0.04334975369458123	-0.00394088669950748	0.029556650246305313	125659613
2023-11-15	-0.014354066985645798	0.028708133971291936	0.032535885167464106	-0.022966507177033343	-0.014354066985645798	115640646
2023-11-16	-0.027184466019417583	-0.00582524271844665	-0.0029126213592234112	-0.034951456310679724	-0.027184466019417583	66632563
2023-11-17	0.0009980039920159467	-0.008982035928143698	0.008982035928143698	-0.008982035928143698	0.0009980039920159467	40754451
2023-11-20	-0.02592223330009968	-0.0009970089730807366	0.00199401794616165	-0.03489531405782649	-0.02592223330009968	65987427
2023-11-21	0.008188331627430918	0.0	0.024564994882292756	0.0	0.008188331627430918	66141758
2023-11-22	-0.01725888324873096	-0.007106598984771602	-0.0010152284263959175	-0.018274111675126874	-0.01725888324873096	39922121
2023-11-23	0.03512396694214875	0.009297520661157011	0.04338842975206611	0.008264462809917363	0.03512396694214875	79436884
2023-11-24	-0.013972055888223433	-0.006986027944111805	0.0029940119760480176	-0.017964071856287397	-0.013972055888223433	38268025
2023-11-27	-0.04352226720647788	-0.008097165991902841	-0.005060728744939342	-0.04352226720647788	-0.04352226720647788	62271866
2023-11-28	-0.02116402116402109	-0.0021164021164020714	0.0010582010582012237	-0.02857142857142853	-0.02116402116402109	61814921
2023-11-29	-0.020540540540540487	0.0010810810810810581	0.0021621621621621162	-0.022702702702702793	-0.020540540540540487	44406760
2023-11-30	-0.01986754966887414	0.0011037527593818748	0.00772626931567332	-0.029801324503311407	-0.01986754966887414	67061543
2023-12-01	0.0	-0.001126126126126302	0.0	-0.01689189189189193	0.0	39635814
2023-12-04	-0.018018018018018032	0.00563063063063051	0.006756756756756612	-0.018018018018018032	-0.018018018018018032	42782905
2023-12-05	-0.009174311926605512	-0.0022935779816515307	0.012614678899082502	-0.010321100917431176	-0.009174311926605512	32226643
2023-12-06	0.0057870370370369136	-0.004629629629629736	0.02430555555555545	-0.008101851851851884	0.0057870370370369136	45588396
2023-12-07	0.004602991944764203	-0.003452243958572999	0.008055235903337203	-0.031070195627157605	0.004602991944764203	58345719
2023-12-08	0.0011454753722794715	-0.003436426116838618	0.0011454753722794715	-0.014891179839633537	0.0011454753722794715	52274067
2023-12-11	-0.005720823798627084	-0.005720823798627084	-0.002288329519450752	-0.02517162471395888	-0.005720823798627084	37763261
2023-12-12	-0.011507479861910202	0.0011507479861909997	0.005753739930955203	-0.0161104718066742	-0.011507479861910202	32133972
2023-12-13	-0.03026775320139695	-0.004656577415599435	-0.004656577415599435	-0.03026775320139695	-0.03026775320139695	45097778
2023-12-14	0.001200480192076805	0.009603841536614654	0.019207683073229308	0.001200480192076805	0.001200480192076805	25507070
2023-12-15	0.003597122302158197	0.005995203836930541	0.02398081534772174	-0.0011990407673860657	0.003597122302158197	41019396
2023-12-18	-0.02628434886499389	-0.004778972520907903	0.0047789725209081155	-0.03106332138590201	-0.02628434886499389	38896816
2023-12-19	0.0012269938650306487	0.0	0.019631901840490813	-0.006134969325153461	0.0012269938650306487	36546432
2023-12-20	-0.015931372549019704	0.0036764705882352156	0.0061274509803922435	-0.018382352941176513	-0.015931372549019704	32317753
2023-12-21	0.027397260273972684	-0.0074719800747197525	0.03860523038605237	-0.0099626400996263	0.027397260273972684	58093021
2023-12-22	0.01454545454545445	0.0	0.026666666666666745	-0.010909090909090893	0.01454545454545445	51407262
2023-12-25	0.011947431302270183	0.001194743130227188	0.022700119474313177	-0.0023894862604539515	0.011947431302270183	38285774
2023-12-26	-0.011806375442739245	-0.002361275088547975	0.004722550177095531	-0.012987012987013128	-0.011806375442739245	23013613
2023-12-27	0.002389486260454164	0.002389486260454164	0.005973715651135091	-0.029868578255675033	0.002389486260454164	29049174
2023-12-28	0.07032181168057208	-0.004767580452920253	0.07985697258641238	-0.007151370679380273	0.07032181168057208	102687237
2023-12-29	-0.013363028953229508	-0.0011135857461024262	0.004454342984409705	-0.018930957683741638	-0.013363028953229508	57970971
2024-01-02	-0.016930022573363273	-0.003386004514672614	0.003386004514672815	-0.01805869074492101	-0.016930022573363273	38259340
2024-01-03	-0.005740528128587911	-0.008036739380022993	0.00918484500574033	-0.012629161882893364	-0.005740528128587911	33995870
2024-01-04	-0.016166281755196372	-0.002309468822170851	0.0011547344110854256	-0.02540415704387998	-0.016166281755196372	34154805
2024-01-05	-0.01408450704225343	-0.002347417840375537	0.010563380281690125	-0.018779342723004713	-0.01408450704225343	28474144
2024-01-08	-0.005952380952381037	-0.00238095238095233	0.017857142857142898	-0.011904761904761862	-0.005952380952381037	31706500
2024-01-09	0.013173652694610924	0.004790419161676758	0.040718562874251484	-0.015568862275448984	0.013173652694610924	42357781
2024-01-10	0.003546099290780066	-0.007092198581560342	0.022458628841607504	-0.011820330969267306	0.003546099290780066	35714114
2024-01-11	0.023557126030624178	-0.003533568904593564	0.023557126030624178	-0.0058892815076561494	0.023557126030624178	41210431
2024-01-12	0.002301495972382204	-0.008055235903337203	0.03107019562715781	-0.010356731875719201	0.002301495972382204	54711464
2024-01-15	-0.00459242250287037	-0.005740528128587911	0.010332950631458077	-0.01722158438576353	-0.00459242250287037	28892529
2024-01-16	0.02883506343713956	-0.0023068050749711156	0.04267589388696646	-0.012687427912341342	0.02883506343713956	54615342
2024-01-17	-0.02690582959641258	-0.006726457399103195	0.0033632286995514977	-0.029147982062780246	-0.02690582959641258	33237546
2024-01-18	0.04838709677419354	-0.00806451612903229	0.04838709677419354	-0.012672811059907769	0.04838709677419354	75211275
2024-01-19	0.005494505494505573	-0.005494505494505378	0.0175824175824176	-0.009890109890109874	0.005494505494505573	70557647
2024-01-22	-0.03497267759562844	-0.012021857923497399	-0.005464480874317017	-0.04699453551912565	-0.03497267759562844	51407458
2024-01-23	0.04303510758776906	-0.001132502831257054	0.05889014722536801	-0.002265005662514108	0.04303510758776906	74839485
2024-01-24	-0.002171552660152155	0.005428881650379905	0.010857763300760003	-0.03148751357220422	-0.002171552660152155	51522529
2024-01-25	-0.0087051142546246	-0.005440696409140254	-0.0010881392818280508	-0.029379760609357954	-0.0087051142546246	56264457
2024-01-26	-0.007683863885839768	-0.012074643249176667	0.012074643249176863	-0.012074643249176667	-0.007683863885839768	31802227
2024-01-29	-0.10619469026548663	0.0033185840707965863	0.004424778761062049	-0.10951327433628302	-0.10619469026548663	101273573
2024-01-30	-0.01113861386138612	-0.0024752475247524224	0.02103960396039603	-0.014851485148514865	-0.01113861386138612	48305487
2024-01-31	-0.0062578222778472865	-0.0025031289111389814	0.020025031289111407	-0.022528160200250388	-0.0062578222778472865	47778114
2024-02-01	0.0075566750629722425	-0.005037783375314866	0.02518891687657433	-0.006297229219143666	0.0075566750629722425	40314572
2024-02-02	-0.008750000000000036	0.00374999999999992	0.010000000000000009	-0.03125	-0.008750000000000036	45804998
2024-02-05	-0.0290037831021437	0.002522068095838646	0.006305170239596559	-0.08196721311475404	-0.0290037831021437	47707434
2024-02-06	0.050649350649350604	-0.0064935064935064705	0.062337662337662275	-0.018181818181818254	0.050649350649350604	49585410
2024-02-07	-0.003708281829418957	0.0024721878862793045	0.02348578491965383	-0.01112484548825709	-0.003708281829418957	47412134
2024-02-08	0.026054590570719488	0.014888337468982533	0.028535980148883207	0.004962779156327438	0.026054590570719488	47405181
2024-02-19	-0.004836759371221179	0.010882708585247867	0.010882708585247867	-0.013301088270858456	-0.004836759371221179	40864556
2024-02-20	-0.013365735115431494	-0.004860267314702421	-0.0036452004860268693	-0.02308626974483612	-0.013365735115431494	38848693
2024-02-21	0.014778325123152834	-0.007389162561576198	0.033251231527093764	-0.014778325123152615	0.014778325123152834	55326842
2024-02-22	0.015776699029126092	-0.0036407766990290487	0.03398058252427177	-0.004854368932038947	0.015776699029126092	49116317
2024-02-23	0.0215053763440862	0.01553166069295111	0.04898446833930707	0.008363201911589043	0.0215053763440862	55371895
2024-02-26	-0.009356725146198838	0.012865497076023325	0.014035087719298152	-0.016374269005848017	-0.009356725146198838	41472940
2024-02-27	0.015348288075560684	-0.005903187721369623	0.015348288075560684	-0.008264462809917389	0.015348288075560684	37969751
2024-02-28	-0.005813953488371969	0.023255813953488497	0.04534883720930239	-0.008139534883720963	-0.005813953488371969	79549318
2024-02-29	0.032748538011695826	0.004678362573099315	0.032748538011695826	0.0	0.032748538011695826	64641074
2024-03-01	-0.001132502831257054	0.00792751981879958	0.00792751981879958	-0.01359003397508485	-0.001132502831257054	46214341
2024-03-04	-0.002267573696145076	0.0	0.017006802721088475	-0.010204081632653045	-0.002267573696145076	53397206
2024-03-05	-0.006818181818181874	-0.011363636363636524	0.0	-0.014772727272727361	-0.006818181818181874	37313425
2024-03-06	0.02288329519450793	0.0	0.05606407322654464	-0.008009153318077835	0.02288329519450793	71561742
2024-03-07	-0.023489932885905937	0.0033557046979867046	0.011185682326621885	-0.02684563758389264	-0.023489932885905937	47443397
2024-03-08	0.04238258877434126	0.0034364261168384146	0.04581901489117988	0.0034364261168384146	0.04238258877434126	70301264
2024-03-11	0.029670329670329624	0.019780219780219748	0.03846153846153842	0.0087912087912088	0.029670329670329624	81414872
2024-03-12	-0.011739594450373474	0.005336179295624409	0.006403415154749253	-0.017075773745997693	-0.011739594450373474	58655007
2024-03-13	-0.014038876889848706	-0.006479481641468736	0.004319654427645888	-0.016198704103671746	-0.014038876889848706	38575851
2024-03-14	-0.018619934282584877	0.002190580503833469	0.006571741511500407	-0.028477546549835874	-0.018619934282584877	42024700
2024-03-15	-0.003348214285714412	-0.005580357142857222	0.006696428571428428	-0.01785714285714287	-0.003348214285714412	35941132
2024-03-18	0.010078387458006703	0.004479283314669756	0.01343784994400907	-0.006718924972004535	0.010078387458006703	36514072
2024-03-19	-0.01330376940133029	0.005543237250554403	0.018847006651884695	-0.01330376940133029	-0.01330376940133029	38646540
2024-03-20	-0.0011235955056179536	-0.004494382022472014	0.012359550561797689	-0.007865168539325874	-0.0011235955056179536	26442431
2024-03-21	-0.02249718785151868	-0.003374578177727912	-0.001124859392575904	-0.026996625421822296	-0.02249718785151868	39738604
2024-03-22	-0.044879171461449804	-0.003452243958572999	-0.0011507479861909997	-0.04718066743383201	-0.044879171461449804	52474904
2024-03-25	-0.019277108433734955	-0.0048192771084338455	0.001204819277108408	-0.021686746987951984	-0.019277108433734955	37007344
2024-03-26	0.020884520884520873	0.0	0.023341523341523278	-0.0049140049140050275	0.020884520884520873	33610113
2024-03-27	-0.02045728038507821	0.0	0.0036101083032490204	-0.02166064981949455	-0.02045728038507821	29259588
2024-03-28	0.013513513513513443	0.015970515970515846	0.03685503685503672	0.008599508599508634	0.013513513513513443	33266980
2024-03-29	0.0036363636363635587	-0.004848484848484745	0.012121212121212078	-0.0060606060606061465	0.0036363636363635587	21027465
2024-04-01	0.012077294685990511	-0.0036231884057970243	0.012077294685990511	-0.004830917874396033	0.012077294685990511	39470042
2024-04-02	-0.01670644391408121	-0.0011933174224345539	0.0	-0.02028639618138424	-0.01670644391408121	28786821
2024-04-03	-0.024271844660194303	-0.0012135922330096828	0.0024271844660193657	-0.03276699029126219	-0.024271844660194303	44646114
2024-04-08	-0.02363184079601984	-0.0037313432835820106	-0.0012437810945273367	-0.02363184079601984	-0.02363184079601984	38932845
2024-04-09	0.024203821656050895	0.0012738853503185574	0.025477707006369563	0.0012738853503185574	0.024203821656050895	25568763
2024-04-10	-0.0161691542288556	0.0	0.007462686567164241	-0.022388059701492394	-0.0161691542288556	20073248
2024-04-11	-0.013906447534766159	-0.0012642225031605293	0.006321112515802758	-0.013906447534766159	-0.013906447534766159	23491392
2024-04-12	-0.03974358974358969	0.0	0.003846153846153878	-0.048717948717948704	-0.03974358974358969	54162182
2024-04-15	0.020026702269692852	0.004005340453938499	0.029372496662216255	-0.0026702269692924514	0.020026702269692852	39892366
2024-04-16	-0.018324607329842892	-0.003926701570680545	0.0013089005235602978	-0.024869109947643915	-0.018324607329842892	27423633
2024-04-17	0.030666666666666724	0.005333333333333338	0.030666666666666724	0.0026666666666666098	0.030666666666666724	32158938
2024-04-18	0.012936610608020652	-0.0012936610608021571	0.02069857697283302	-0.01940491591203109	0.012936610608020652	38092973
2024-04-19	-0.02554278416347384	-0.007662835249042209	-0.002554278416347441	-0.031928480204342274	-0.02554278416347384	30861213
2024-04-22	-0.013106159895150675	0.0013106159895150441	0.017038007863695925	-0.01572739187418088	-0.013106159895150675	34589226
2024-04-23	-0.003984063745019953	0.011952191235059742	0.02788844621513944	-0.011952191235059742	-0.003984063745019953	34717054
2024-04-24	0.005333333333333338	0.006666666666666643	0.007999999999999948	-0.022666666666666658	0.005333333333333338	30799132
2024-04-25	0.006631299734747987	0.0013262599469495739	0.021220159151193654	-0.00795755968169756	0.006631299734747987	34311885
2024-04-26	0.011857707509881405	0.0013175230566534633	0.011857707509881405	-0.014492753623188331	0.011857707509881405	45404656
2024-04-29	-0.016927083333333322	-0.06119791666666664	-0.0026041666666666114	-0.06119791666666664	-0.016927083333333322	93460930
2024-04-30	0.0026490066225166174	-0.005298013245033118	0.013245033112582853	-0.02384105960264897	0.0026490066225166174	72277653
2024-05-06	0.026420079260237685	0.007926023778071282	0.03302509907529722	0.006605019815059421	0.026420079260237685	65225916
2024-05-07	0.010296010296010306	-0.0025740025740025193	0.01158301158301168	-0.009009009009008933	0.010296010296010306	53681074
2024-05-08	-0.029299363057324782	0.0012738853503185574	0.0025477707006370015	-0.029299363057324782	-0.029299363057324782	56866649
2024-05-09	0.04199475065616801	-0.0013123359580052214	0.0564304461942258	-0.0013123359580052214	0.04199475065616801	89977749
2024-05-10	0.01007556675062962	0.0	0.012594458438286996	-0.01259445843828722	0.01007556675062962	50224373
2024-05-13	-0.01995012468827921	-0.02618453865336658	-0.01246882793017452	-0.02867830423940144	-0.01995012468827921	44566174
2024-05-14	-0.0025445292620865727	0.006361323155216262	0.008905852417302722	-0.007633587786259605	-0.0025445292620865727	28377283
2024-05-15	-0.012755102040816282	0.00765306122448986	0.024234693877550957	-0.014030612244897886	-0.012755102040816282	33042514
2024-05-16	-0.007751937984496188	0.0025839793281653197	0.005167958656330754	-0.010335917312661508	-0.007751937984496188	33034081
2024-05-17	-0.02473958333333327	-0.009114583333333256	-0.00781249999999995	-0.04687499999999993	-0.02473958333333327	77737483
2024-05-20	0.0013351134846461665	-0.0013351134846461665	0.006675567423230951	-0.013351134846462021	0.0013351134846461665	50576888
2024-05-21	-0.01733333333333332	-0.004000000000000033	-0.0026666666666666098	-0.01733333333333332	-0.01733333333333332	31807519
2024-05-22	0.10719131614654002	0.014925373134328401	0.13839891451831757	0.010854816824966088	0.10719131614654002	177420819
2024-05-23	-0.03431372549019611	-0.00980392156862746	-0.007352941176470649	-0.04289215686274516	-0.03431372549019611	78305383
2024-05-24	0.016497461928933997	0.032994923857868105	0.0634517766497463	0.007614213197969607	0.016497461928933997	119493729
2024-05-27	-0.019975031210986285	-0.001248439450686615	0.00249687890137323	-0.047440699126092375	-0.019975031210986285	77049697
2024-05-28	-0.021656050955414004	-0.007643312101910779	0.008917197452229336	-0.02802547770700634	-0.021656050955414004	53701532
2024-05-29	0.0390625000000001	0.010416666666666676	0.06770833333333329	0.010416666666666676	0.0390625000000001	116190459
2024-05-30	0.003759398496240521	0.011278195488721787	0.021303258145363397	-0.0062656641604010915	0.003759398496240521	68727653
2024-05-31	0.017478152309613054	0.001248439450686615	0.023720349563046132	-0.007490636704119802	0.017478152309613054	65058431
2024-06-03	0.04785276073619617	-0.0036809815950921638	0.06257668711656439	-0.01472392638036822	0.04785276073619617	167630795
2024-06-04	0.024590163934426333	-0.00234192037470721	0.039812646370023616	-0.017564402810304285	0.024590163934426333	111467515
2024-06-05	0.002285714285714237	0.0034285714285713555	0.017142857142857182	-0.01942857142857142	0.002285714285714237	76872359
2024-06-06	-0.02736602052451542	0.0022805017103762343	0.003420752565564554	-0.03990877993158491	-0.02736602052451542	90607959
2024-06-07	-0.011723329425556817	-0.021101992966002313	-0.001172332942555661	-0.039859320046893305	-0.011723329425556817	65555969
2024-06-11	0.009489916963226581	-0.0011862396204032962	0.03321470937129314	-0.010676156583629876	0.009489916963226581	81671637
2024-06-12	0.012925969447708512	0.004700352526439591	0.03407755581668636	-0.016451233842538257	0.012925969447708512	86915787
2024-06-13	0.013921113689095245	0.002320185614849345	0.03828306264501161	0.002320185614849345	0.013921113689095245	115624326
2024-06-14	-0.05377574370709389	-0.009153318077803212	0.026315789473684258	-0.06178489702517173	-0.05377574370709389	273742406
2024-06-17	0.003627569528416099	-0.009673518742442573	0.012091898428053163	-0.02781136638452242	0.003627569528416099	101845093
2024-06-18	-0.001204819277108622	-0.003614457831325438	0.016867469879517927	-0.014457831325301323	-0.001204819277108622	46879686
2024-06-19	-0.008443908323280883	-0.004825090470446218	0.006031363088057988	-0.019300361881785088	-0.008443908323280883	43438000
2024-06-20	-0.006082725060827337	-0.0048661800486619125	0.0024330900243308483	-0.026763990267639978	-0.006082725060827337	51549579
2024-06-21	-0.006119951040391764	0.006119951040391764	0.023255813953488313	-0.022031823745410004	-0.006119951040391764	47282441
2024-06-24	-0.027093596059113163	-0.011083743842364515	-0.006157635467980165	-0.03078817733990137	-0.027093596059113163	41134396
2024-06-25	-0.043037974683544394	-0.0037974683544304113	0.0037974683544302985	-0.04810126582278491	-0.043037974683544394	54324348
2024-06-26	-0.026455026455026363	-0.007936507936507886	-0.003968253968253884	-0.043650793650793544	-0.026455026455026363	68999396
2024-06-27	-0.031250000000000056	-0.005434782608695656	-0.005434782608695656	-0.03532608695652183	-0.031250000000000056	45792992
2024-06-28	-0.004207573632538604	0.0	0.01963534361851328	-0.004207573632538604	-0.004207573632538604	42467802
2024-07-01	0.02394366197183098	0.0014084507042254472	0.030985915492957837	-0.004225352112675967	0.02394366197183098	37691602
2024-07-02	-0.013755158184319072	-0.008253094910591419	0.0027510316368638877	-0.016506189821182838	-0.013755158184319072	24842771
2024-07-03	0.0013947001394699842	0.0013947001394699842	0.011157601115760122	-0.005578800557880061	0.0013947001394699842	19610330
2024-07-04	-0.00696378830083563	0.005571030640668529	0.008356545961002855	-0.009749303621169833	-0.00696378830083563	22226457
2024-07-05	0.0028050490883591113	-0.005610098176718098	0.014025245441795306	-0.005610098176718098	0.0028050490883591113	23046750
2024-07-08	-0.04335664335664342	-0.002797202797202862	-0.002797202797202862	-0.04475524475524479	-0.04335664335664342	33546730
2024-07-09	0.061403508771929814	0.0	0.06286549707602335	-0.01900584795321636	0.061403508771929814	49684244
2024-07-10	-0.00275482093663906	-0.012396694214876014	0.02617079889807168	-0.020661157024793316	-0.00275482093663906	37523298
2024-07-11	0.01933701657458559	0.015193370165745778	0.03591160220994472	0.005524861878453044	0.01933701657458559	29936729
2024-07-12	0.002710027100271065	0.0013550135501354725	0.013550135501355086	-0.008130081300812955	0.002710027100271065	21740725
2024-07-15	-0.018918918918918996	-0.0013513513513514425	-0.0013513513513514425	-0.025675675675675726	-0.018918918918918996	15391401
2024-07-16	0.013774104683195666	0.0	0.016528925619834725	-0.011019283746556485	0.013774104683195666	25585594
2024-07-17	0.01902173913043474	0.06657608695652165	0.08423913043478262	0.01902173913043474	0.01902173913043474	59997193
2024-07-18	0.007999999999999948	-0.01733333333333332	0.022666666666666658	-0.0293333333333333	0.007999999999999948	48315963
2024-07-19	-0.003968253968253884	-0.006613756613756591	-0.0013227513227512947	-0.030423280423280363	-0.003968253968253884	46071546
2024-07-22	-0.009296148738379851	-0.009296148738379851	-0.0013280212483400631	-0.01992031872509965	-0.009296148738379851	29194356
2024-07-23	-0.026809651474530856	-0.005361930294906171	0.004021447721179658	-0.026809651474530856	-0.026809651474530856	22599747
2024-07-24	-0.03443526170798898	-0.00137741046831953	0.0027548209366391823	-0.03581267217630851	-0.03443526170798898	29849869
2024-07-25	0.04564907275320974	0.005706134094151218	0.06276747503566339	-0.0042796005706133185	0.04564907275320974	46800749
2024-07-26	0.001364256480218252	-0.010914051841746257	0.010914051841746257	-0.010914051841746257	0.001364256480218252	25135616
2024-07-29	-0.024523160762942742	-0.0013623978201634586	0.0013623978201634586	-0.024523160762942742	-0.024523160762942742	19140356
2024-07-30	-0.01815642458100557	0.002793296089385415	0.005586592178770954	-0.025139664804469233	-0.01815642458100557	33882180
2024-07-31	0.03982930298719763	0.0042674253200568075	0.04125177809388336	-0.012802275960170676	0.03982930298719763	51754788
2024-08-01	-0.020519835841313196	-0.004103967168262566	0.0	-0.02599179206566341	-0.020519835841313196	29205535
2024-08-02	-0.019553072625698404	-0.009776536312849202	0.002793296089385415	-0.026536312849162066	-0.019553072625698404	35745793
2024-08-05	-0.009971509971509886	-0.008547008547008492	0.02136752136752142	-0.014245014245014195	-0.009971509971509886	39993755
2024-08-06	0.02302158273381297	0.002877697841726557	0.033093525179856045	0.002877697841726557	0.02302158273381297	46974778
2024-08-07	-0.011251758087201134	-0.004219409282700457	-0.0014064697609002354	-0.015471167369901591	-0.011251758087201134	25131269
2024-08-08	0.0014224751066856027	-0.0028449502133713316	0.009957325746799344	-0.00995732574679947	0.0014224751066856027	27471069
2024-08-09	-0.01704545454545456	0.004261363636363672	0.005681818181818187	-0.018465909090909075	-0.01704545454545456	31949736
2024-08-12	0.0014450867052022813	0.008670520231213945	0.01878612716763004	-0.0014450867052022813	0.0014450867052022813	18936637
2024-08-13	-0.0014430014430014122	-0.00721500721500719	0.004329004329004365	-0.015873015873015792	-0.0014430014430014122	27742598
2024-08-14	-0.0028901734104045626	0.008670520231213945	0.020231213872832325	-0.004335260115606972	-0.0028901734104045626	20562586
2024-08-15	0.013043478260869544	-0.004347826086956557	0.01884057971014491	-0.007246376811594305	0.013043478260869544	32903345
2024-08-16	0.00429184549356214	-0.0014306151645207133	0.0071530758226036936	-0.005722460658082981	0.00429184549356214	24162599
2024-08-19	-0.005698005698005577	-0.0028490028490027884	0.0014245014245015208	-0.009971509971509886	-0.005698005698005577	13946006
2024-08-20	-0.005730659025787971	0.0014326647564469608	0.004297994269340882	-0.011461318051575941	-0.005730659025787971	17310767
2024-08-21	-0.005763688760806921	-0.002881844380403525	0.0014409221902016982	-0.007204610951008748	-0.005763688760806921	14584762
2024-08-22	-0.01884057971014504	0.004347826086956429	0.005797101449275368	-0.02028985507246385	-0.01884057971014504	21894185
2024-08-23	0.004431314623338294	0.004431314623338294	0.008862629246676587	-0.007385524372230403	0.004431314623338294	16227045
2024-08-26	0.013235294117647038	0.0029411764705883033	0.02058823529411773	0.0	0.013235294117647038	17648068
2024-08-27	0.004354136429608164	-0.0087082728592162	0.008708272859216328	-0.010159651669085544	0.004354136429608164	21100897
2024-08-28	0.002890173410404691	-0.0057803468208092535	0.007225433526011535	-0.010115606936416227	0.002890173410404691	16716530
2024-08-29	0.015850144092218937	0.007204610951008619	0.024495677233429384	-0.004322766570605223	0.015850144092218937	27614758
2024-08-30	0.019858156028368875	-0.0014184397163120265	0.021276595744680903	-0.008510638297872285	0.019858156028368875	43628650
2024-09-02	-0.02086230876216973	-0.005563282336578586	0.004172461752433847	-0.023643949930459082	-0.02086230876216973	29348602
2024-09-03	0.012784090909090889	0.0014204545454545151	0.03977272727272731	-0.009943181818181858	0.012784090909090889	36132873
2024-09-04	-0.018232819074333786	-0.0154277699859748	0.004207573632538604	-0.01963534361851328	-0.018232819074333786	27353297
2024-09-05	0.0042857142857143215	0.0	0.017142857142857158	-0.0042857142857143215	0.0042857142857143215	19715300
2024-09-06	-0.02560455192034148	0.0014224751066856027	0.0014224751066856027	-0.02560455192034148	-0.02560455192034148	19741833
2024-09-09	-0.004379562043795527	0.0	0.007299270072992805	-0.010218978102189693	-0.004379562043795527	13950041
2024-09-10	-0.007331378299120338	0.004398826979472047	0.005865102639296193	-0.021994134897360754	-0.007331378299120338	18527803
2024-09-11	-0.010339734121122511	-0.0029542097488921087	0.007385524372230534	-0.01624815361890686	-0.010339734121122511	18744315
2024-09-12	0.004477611940298544	0.004477611940298544	0.03283582089552235	0.002985074626865608	0.004477611940298544	25644060
2024-09-13	-0.020802377414561746	0.0	0.0059435364041603485	-0.04160475482912336	-0.020802377414561746	39716360
2024-09-18	-0.03793626707132018	-0.012139605462822469	-0.010622154779969695	-0.048558421851289876	-0.03793626707132018	24994234
2024-09-19	0.025236593059936932	0.0047318611987382094	0.03627760252365937	-0.0031545741324920462	0.025236593059936932	27512253
2024-09-20	-0.01538461538461533	-0.0015384615384615057	-0.0015384615384615057	-0.030769230769230795	-0.01538461538461533	26229097
2024-09-23	-0.020312500000000122	0.0	0.0	-0.028125000000000094	-0.020312500000000122	20717687
2024-09-24	0.04146730462519947	0.006379585326953754	0.04146730462519947	0.0015948963317385448	0.04146730462519947	42523023
2024-09-25	0.009188361408882023	0.004594180704440943	0.03828483920367534	0.003062787136293962	0.009188361408882023	44812763
2024-09-26	0.050075872534142654	0.0	0.050075872534142654	-0.00758725341426401	0.050075872534142654	44889435
2024-09-27	0.06936416184971105	0.010115606936416227	0.08092485549132955	0.008670520231213945	0.06936416184971105	47874287
2024-09-30	0.19054054054054054	0.05810810810810807	0.19594594594594583	0.05405405405405398	0.19054054054054054	149864318
2024-10-08	0.19636776390465363	0.19977298524404083	0.19977298524404083	0.094211123723042	0.19636776390465363	196418471
2024-10-09	-0.13567362428842503	-0.0815939278937381	-0.024667931688804535	-0.13567362428842503	-0.13567362428842503	146298609
2024-10-10	-0.0010976948408342247	0.02195389681668508	0.06586169045005505	-0.0032930845225026743	-0.0010976948408342247	92772108
2024-10-11	-0.0175824175824176	0.009890109890109874	0.009890109890109874	-0.04945054945054937	-0.0175824175824176	65735790
2024-10-14	-0.011185682326621885	0.0033557046979867046	0.017897091722595095	-0.041387024608501036	-0.011185682326621885	66544690
2024-10-15	-0.02828054298642534	-0.0011312217194569894	0.004524886877828159	-0.0328054298642533	-0.02828054298642534	48975757
2024-10-16	-0.05005820721769496	-0.02211874272409773	-0.010477299185098935	-0.05937136204889404	-0.05005820721769496	65661974
2024-10-17	-0.007352941176470649	0.007352941176470649	0.01715686274509811	-0.011029411764705864	-0.007352941176470649	49608854
2024-10-18	0.05555555555555569	-0.0049382716049381666	0.06913580246913587	-0.01604938271604937	0.05555555555555569	100919794
2024-10-21	0.04093567251461984	0.01754385964912264	0.07953216374269002	0.005847953216374144	0.04093567251461984	126074629
2024-10-22	0.028089887640449437	-0.014606741573033795	0.030337078651685345	-0.05842696629213478	0.028089887640449437	121553770
2024-10-23	0.03278688524590152	-0.01639344262295086	0.1300546448087431	-0.03606557377049181	0.03278688524590152	172920917
2024-10-24	-0.04761904761904755	-0.004232804232804143	0.01375661375661384	-0.04761904761904755	-0.04761904761904755	96876026
2024-10-25	0.0866666666666666	0.005555555555555635	0.14888888888888888	0.0	0.0866666666666666	208111833
2024-10-28	-0.027607361963190143	0.008179959100204507	0.008179959100204507	-0.04703476482617578	-0.027607361963190143	104053463
2024-10-29	-0.012618296529968372	0.054679284963196594	0.09358569926393276	-0.014721345951629923	-0.012618296529968372	107852553
2024-10-30	-0.022364217252396255	-0.030883919062832898	0.00638977635782734	-0.03620873269435568	-0.022364217252396255	68471036
2024-10-31	0.03159041394335522	0.02069716775599123	0.054466230936819175	0.02069716775599123	0.03159041394335522	100541508
2024-11-01	-0.028511087645195495	-0.003167898627244048	0.004223864836325147	-0.033790918690601926	-0.028511087645195495	64242103
2024-11-04	-0.005434782608695537	-0.010869565217391266	0.021739130434782726	-0.015217391304347697	-0.005434782608695537	53923661
2024-11-05	0.014207650273223935	0.005464480874316823	0.02513661202185797	-0.005464480874317017	0.014207650273223935	71181856
2024-11-06	-0.016163793103448124	0.002155172413793249	0.018318965517241374	-0.018318965517241374	-0.016163793103448124	78821647
2024-11-07	-0.03176341730558608	-0.032858707557502816	-0.030668127053669343	-0.07995618838992337	-0.03176341730558608	112180520
2024-11-08	0.011312217194570096	0.0022624434389139788	0.02714932126696835	0.0011312217194569894	0.011312217194570096	92976680
2024-11-11	0.013422818791946421	-0.007829977628635378	0.02684563758389264	-0.014541387024608391	0.013422818791946421	98659542
2024-11-12	-0.005518763796909571	0.004415011037527499	0.02759381898454746	-0.016556291390728516	-0.005518763796909571	97468175
2024-11-13	0.0033296337402884974	0.0022197558268589983	0.00998890122086569	-0.01775804661487238	0.0033296337402884974	71791758
2024-11-14	-0.032079646017699026	0.0011061946902656597	0.013274336283185952	-0.03429203539822995	-0.032079646017699026	58216250
2024-11-15	-0.03542857142857148	0.0	0.005714285714285796	-0.0365714285714286	-0.03542857142857148	48016683
2024-11-18	-0.015402843601895618	-0.004739336492890894	0.015402843601895828	-0.020142180094786723	-0.015402843601895618	47409470
2024-11-19	0.04091456077015642	0.0036101083032490204	0.04813477737665467	0.00240673886883268	0.04091456077015642	57003849
2024-11-20	0.00231213872832365	0.0	0.013872832369942106	-0.009248554913294805	0.00231213872832365	44635929
2024-11-21	0.009227220299884669	0.035755478662053114	0.04267589388696646	-0.004613610149942231	0.009227220299884669	59360399
2024-11-22	-0.03885714285714284	0.0	0.0	-0.03885714285714284	-0.03885714285714284	46103043
2024-11-25	0.022592152199762128	-0.0011890606420927215	0.022592152199762128	-0.004756242568371097	0.022592152199762128	41724006
2024-11-26	-0.012790697674418539	-0.008139534883720963	0.016279069767441926	-0.01744186046511632	-0.012790697674418539	33366533
2024-11-27	0.030624263839811518	0.008244994110718525	0.03533568904593627	-0.007067137809187337	0.030624263839811518	49921788
2024-11-28	-0.0034285714285713555	0.004571428571428474	0.013714285714285625	-0.005714285714285796	-0.0034285714285713555	36639763
2024-11-29	0.0034403669724769907	0.006880733944953981	0.01146788990825684	-0.011467889908257043	0.0034403669724769907	49083392
2024-12-02	0.004571428571428474	-0.01028571428571427	0.006857142857142914	-0.03885714285714284	0.004571428571428474	49764841
2024-12-03	0.012514220705347124	0.018202502844141086	0.032992036405005795	0.0	0.012514220705347124	54406989
2024-12-04	-0.024719101123595575	0.0011235955056179536	0.007865168539325874	-0.02921348314606739	-0.024719101123595575	49806039
2024-12-05	0.012672811059907769	0.002304147465437739	0.013824884792626843	-0.00806451612903229	0.012672811059907769	30222885
2024-12-06	0.006825938566552958	0.0011376564277589948	0.009101251422070543	-0.0318543799772468	0.006825938566552958	55676040
2024-12-09	-0.020338983050847425	0.0	0.0	-0.027118644067796634	-0.020338983050847425	31389654
2024-12-10	0.0	0.02998846597462512	0.036908881199538675	-0.003460207612456674	0.0	43524157
2024-12-11	-0.003460207612456674	-0.0023068050749711156	0.006920415224913552	-0.006920415224913552	-0.003460207612456674	28991494
2024-12-12	-0.004629629629629736	0.0023148148148147652	0.0023148148148147652	-0.010416666666666649	-0.004629629629629736	29836177
2024-12-13	-0.0046511627906975755	0.0	0.00697674418604657	-0.024418604651162683	-0.0046511627906975755	54067339
2024-12-16	-0.02453271028037393	-0.002336448598130999	0.0	-0.02686915887850472	-0.02453271028037393	38915249
2024-12-17	-0.01317365269461071	0.0	0.003592814371257621	-0.014371257485029846	-0.01317365269461071	23598706
2024-12-18	-0.009708737864077678	0.010922330097087362	0.010922330097087362	-0.014563106796116625	-0.009708737864077678	26473508
2024-12-19	-0.004901960784313838	-0.01225490196078427	0.0012254901960784053	-0.01715686274509811	-0.004901960784313838	30774462
2024-12-20	-0.023399014778325063	-0.0024630541871920658	0.002463054187192285	-0.02586206896551713	-0.023399014778325063	49371781
2024-12-23	-0.02017654476670872	-0.001261034047919267	0.002522068095838646	-0.021437578814627985	-0.02017654476670872	37277027
2024-12-24	0.01673101673101683	0.005148005148005153	0.03603603603603618	0.003861003861003893	0.01673101673101683	43658062
2024-12-25	-0.015189873417721532	0.01265822784810122	0.017721518987341617	-0.022784810126582355	-0.015189873417721532	32419490
2024-12-26	-0.023136246786632467	-0.0038560411311054305	0.0	-0.02442159383033424	-0.023136246786632467	39006107
2024-12-27	-0.022368421052631572	0.002631578947368482	0.002631578947368482	-0.03289473684210526	-0.022368421052631572	64585292
2024-12-30	-0.016150740242261118	-0.00403768506056519	0.002691790040376913	-0.02288021534320322	-0.016150740242261118	46078061
2024-12-31	-0.027359781121750932	0.0	0.01094391244870042	-0.027359781121750932	-0.027359781121750932	52417158
