2021-11-22	0.10082222399616836	-0.022032409994411997	0.12556877145366013	-0.023868444160613036	0.10082222399616836	9184382
2021-11-23	-0.021827411167512828	-0.020304568527918863	-0.003335750543872429	-0.06308919506889062	-0.021827411167512828	5122436
2021-11-24	-0.024093705982652536	-0.006597968715249362	0.04018088813106988	-0.03158128845726141	-0.024093705982652536	4320657
2021-11-25	-0.00015192950470967648	0.014129443938012867	0.048845335764205466	-0.010027347310847716	-0.00015192950470967648	3139684
2021-11-26	0.01815833459960482	0.014435496125208978	0.04847287646254365	-0.0008357392493543052	0.01815833459960482	3204022
2021-11-29	-0.04790687262144607	-0.02231176777852385	0.020073128870979763	-0.05230952913961638	-0.04790687262144607	3542580
2021-11-30	0.005643075476134484	0.003997178462261861	0.03848263970530603	-0.002899913786346928	0.005643075476134484	2209511
2021-12-01	-0.030473073026264487	-0.01496375964461072	0.024082300678045385	-0.03608448289299349	-0.030473073026264487	2349459
2021-12-02	0.025080385852089954	0.005627009646302159	0.057958199356913244	0.005627009646302159	0.025080385852089954	3018462
2021-12-03	0.009488707653701332	0.011527603513174507	0.017644291091593586	-0.01968318695106643	0.009488707653701332	1889575
2021-12-06	0.023226909034413185	-0.003884098500737979	0.06649576633263422	-0.0227608172143245	0.023226909034413185	2870977
2021-12-07	0.0004555116914667649	0.002125721226844831	0.03613726085636191	-0.029152748253871874	0.0004555116914667649	2188938
2021-12-08	0.021019881620883366	0.024434663833662155	0.03945970556988912	0.006222492032174785	0.021019881620883366	1511825
2021-12-09	-0.04273504273504273	0.003344481605351086	0.003344481605351086	-0.04860646599777049	-0.04273504273504273	1920810
2021-12-10	-0.011180124223602575	-0.007763975155279613	0.006444099378881863	-0.01762422360248455	-0.011180124223602575	1718692
2021-12-13	0.00942211055276384	0.010835427135678468	0.010835427135678468	-0.016959798994974847	0.00942211055276384	1774941
2021-12-14	0.025980087118855036	-0.012134411947728704	0.03686994399502185	-0.015556938394523958	0.025980087118855036	1838678
2021-12-15	-0.03722517058377567	-0.006899166034874879	0.0	-0.046247156937073604	-0.03722517058377567	1942957
2021-12-16	0.01661548153397905	7.874635798098368e-05	0.02212772659264522	-0.013701866288684108	0.01661548153397905	1660396
2021-12-17	-0.02013942680092947	-0.012238574748257153	0.001239349341595636	-0.04725019364833458	-0.02013942680092947	1580790
2021-12-20	-0.019683794466403122	-0.011936758893280672	0.007905138339920948	-0.02071146245059292	-0.019683794466403122	709423
2021-12-21	-0.00048383194903638637	0.008467059108136417	0.014837513103781865	-0.011128134827836542	-0.00048383194903638637	660395
2021-12-22	0.012666397741024552	0.00814844695441703	0.016377571601452208	-0.002823719241629758	0.012666397741024552	848816
2021-12-23	-0.01027724665391963	-0.011073932441045257	0.0022307202039515707	-0.015057361376673045	-0.01027724665391963	640998
2021-12-24	-0.07775899541173638	-0.0066811559204700815	0.002978346615149242	-0.08757948965628277	-0.07775899541173638	2027639
2021-12-27	0.03150912106135999	-0.0036658811207121193	0.05411538797241864	-0.03814262023217239	0.03150912106135999	2229649
2021-12-28	0.014638686749026821	-0.004061600947706921	0.02851582332035869	-0.024708072431883582	0.014638686749026821	1297100
2021-12-29	0.0008339588024352309	-0.01592861312651152	0.016845967809190312	-0.02710366107914269	0.0008339588024352309	1107715
2021-12-30	0.04607949337555205	-0.013998833430547511	0.07491042413132235	-0.013998833430547511	0.04607949337555205	1471161
2021-12-31	0.018002230364823887	0.0	0.026445754341245877	-0.012267006531782748	0.018002230364823887	1145759
2022-01-04	-0.0669796557120501	0.008607198748043885	0.008607198748043885	-0.07034428794992172	-0.0669796557120501	1205647
2022-01-05	-0.07162026165716197	0.016018114726601904	0.016018114726601904	-0.07279436430727938	-0.07162026165716197	2112893
2022-01-06	0.030081300813008114	-0.016440831074977482	0.05582655826558259	-0.03017163504968386	0.030081300813008114	1554409
2022-01-07	-0.03490309567657637	0.021660966412347618	0.02534420766464966	-0.03893712181004997	-0.03490309567657637	1241915
2022-01-10	0.028623353021353982	0.0	0.035529304861426594	-0.016174466151749216	0.028623353021353982	797878
2022-01-11	-0.02826855123674914	-0.01943462897526504	-0.007950530035335739	-0.04116607773851587	-0.02826855123674914	921623
2022-01-12	0.00909090909090909	-0.0004545454545454287	0.03336363636363638	-0.0004545454545454287	0.00909090909090909	725911
2022-01-13	-0.03324324324324322	0.013243243243243233	0.013243243243243233	-0.03783783783783786	-0.03324324324324322	932640
2022-01-14	0.04100270245084327	-9.318796011560074e-05	0.047805423539278684	-0.020594539185537303	0.04100270245084327	1033167
2022-01-17	0.0284665652134993	-0.0019693850147703773	0.039924805299436116	-0.01897771014233274	0.0284665652134993	784131
2022-01-18	-0.0379493428496823	-0.013143006353903778	0.013055966576725564	-0.039254939507354904	-0.0379493428496823	690562
2022-01-19	-0.0321179770198136	-0.012485298109110608	0.0018094634940740329	-0.035736904007961666	-0.0321179770198136	531128
2022-01-20	-0.05010282295756215	0.004860721630211217	0.004860721630211217	-0.050476724621424614	-0.05010282295756215	1042936
2022-01-21	-0.02676638456996653	-0.0011808699074985687	0.01318638063373341	-0.03306435740995866	-0.02676638456996653	685331
2022-01-24	0.024873609706774456	0.011122345803842207	0.03640040444893826	-0.006167846309403432	0.024873609706774456	562651
2022-01-25	-0.014502762430939216	-0.007399368587213891	0.0072020520915548935	-0.02742699289660617	-0.014502762430939216	449246
2022-01-26	0.04084492942236458	0.006106717389128035	0.04394834317749525	-0.0086094704174592	0.04084492942236458	723828
2022-01-27	-0.054246417235741085	0.0	0.0	-0.05742040973357698	-0.054246417235741085	748015
2022-01-28	-0.030306112071595687	0.01922099054205228	0.020034577443303152	-0.04606935828333165	-0.030306112071595687	461485
2022-02-07	-0.022338751966439387	0.01730466701625596	0.03828002097535402	-0.02905086523335077	-0.022338751966439387	495771
2022-02-08	-0.04087105771293716	-0.009869126796824734	0.00804548380175928	-0.05599656726024457	-0.04087105771293716	1091494
2022-02-09	0.015546359467621078	0.00011184431271675558	0.021138575103455997	-0.0007829101890168122	0.015546359467621078	375239
2022-02-10	-0.047466960352422934	0.005506607929515419	0.006167400881057294	-0.055947136563876634	-0.047466960352422934	1008122
2022-02-11	-0.07966238871545844	-0.0035842293906808657	-0.0016186842409527179	-0.08463406174124169	-0.07966238871545844	3474719
2022-02-14	0.018592964824120654	-0.0023869346733668057	0.025000000000000116	-0.03090452261306525	0.018592964824120654	1693517
2022-02-15	0.050567340897878746	0.015046867291563874	0.05451406018746919	-0.015786877158362127	0.050567340897878746	1633666
2022-02-16	0.009861469828598136	0.0036393519605539804	0.015496595444940045	-0.013735618689833314	0.009861469828598136	842865
2022-02-17	0.019065333643338764	-0.011508951406649558	0.03987444780283663	-0.011508951406649558	0.019065333643338764	924034
2022-02-18	0.016427104722792584	-0.014259639516313028	0.02441250285192791	-0.023956194387405823	0.016427104722792584	789597
2022-02-21	-0.02031425364758685	0.021997755331088754	0.021997755331088754	-0.023344556677889993	-0.02031425364758685	458073
2022-02-22	0.01672585634093245	-0.010768702027723816	0.028754725627219507	-0.015923931721846724	0.01672585634093245	480930
2022-02-23	0.11515492957746477	-0.0016901408450704866	0.15492957746478872	-0.0038309859154929964	0.11515492957746477	1633896
2022-02-24	-0.03536425179347277	-0.003940588056986972	0.007274931797514387	-0.050217237546731325	-0.03536425179347277	1081445
2022-02-25	0.02409133759296111	0.021263224049439627	0.05520058657169787	0.006703676547606584	0.02409133759296111	703762
2022-02-28	-0.002761583307763077	-0.00020456172650093097	0.010739490641300984	-0.015546691214073807	-0.002761583307763077	811657
2022-03-01	0.024615384615384674	0.013333333333333305	0.03169230769230773	-0.007384615384615373	0.024615384615384674	708702
2022-03-02	-0.005305305305305316	-0.0002002002002003026	0.004204204204204079	-0.03783783783783785	-0.005305305305305316	395677
2022-03-03	-0.04508402938512633	0.009660863439669857	0.02133440676260431	-0.05887088658548866	-0.04508402938512633	968719
2022-03-04	0.005374644325007958	-0.017599325534829822	0.029824006744651684	-0.023079355042680976	0.005374644325007958	826776
2022-03-07	-0.024318658280922507	-0.016142557651991678	-0.011530398322851241	-0.03710691823899377	-0.024318658280922507	630837
2022-03-08	0.042114310270734874	0.0010743446497637357	0.06360120326600775	-0.010421143102707336	0.042114310270734874	1031785
2022-03-09	0.010309278350515464	0.005051546391752524	0.04639175257731959	-0.029896907216494906	0.010309278350515464	1958136
2022-03-10	0.004081632653061282	0.04693877551020403	0.07010204081632658	-0.0012244897959184137	0.004081632653061282	1465970
2022-03-11	-0.05396341463414636	-0.06402439024390255	-0.04644308943089438	-0.15802845528455295	-0.05396341463414636	2604645
2022-03-14	-0.0008593833924159232	-0.043935975937265045	0.026426039316790134	-0.05983456869696001	-0.0008593833924159232	1764706
2022-03-15	-0.010859047414256586	-0.020427910977314327	0.024405977851843844	-0.03128695839157091	-0.010859047414256586	1326570
2022-03-16	0.0478260869565218	0.01804347826086953	0.06119565217391299	-0.03260869565217391	0.0478260869565218	1046778
2022-03-17	0.02074688796680498	0.03008298755186713	0.06639004149377584	0.014315352697095388	0.02074688796680498	1032483
2022-03-18	-0.030995934959349707	0.011178861788617827	0.011178861788617827	-0.05152439024390251	-0.030995934959349707	599009
2022-03-21	-0.028841111693759833	0.011116937598321996	0.011746198217094961	-0.03398007341373881	-0.028841111693759833	697424
2022-03-22	-0.034557235421166184	-0.0005399568034556929	0.011987041036717057	-0.034665226781857385	-0.034557235421166184	984146
2022-03-23	0.018903803131991026	0.00671140939597309	0.04138702460850099	0.00671140939597309	0.018903803131991026	574637
2022-03-24	-0.0174552640245911	-0.011966187287298313	-0.005159732133055208	-0.04402239543308821	-0.0174552640245911	660598
2022-03-25	-0.031061452513966494	0.003687150837988808	0.011061452513966423	-0.0335195530726257	-0.031061452513966494	506327
2022-03-28	0.014414206642066421	-0.008763837638376444	0.02237084870848706	-0.02559963099630995	0.014414206642066421	410402
2022-03-29	-0.004888030010230676	0.007047857224053706	0.011367511651699443	-0.015573490962828288	-0.004888030010230676	327381
2022-03-30	0.05985835046835726	0.007196710075394053	0.06442769019876628	0.007196710075394053	0.05985835046835726	803907
2022-03-31	-0.025652080189696006	-0.009484802759215299	-0.004957965078680836	-0.046561758999784514	-0.025652080189696006	797716
2022-04-01	-0.03694690265486729	0.001880530973451189	0.001880530973451189	-0.03761061946902661	-0.03694690265486729	700437
2022-04-06	-0.022513209280955754	-0.00470939581897538	-0.00470939581897538	-0.02963473466574774	-0.022513209280955754	347139
2022-04-07	-0.016216216216216165	-0.014336075205640411	0.022091656874265685	-0.02138660399529957	-0.016216216216216165	590736
2022-04-08	0.026875298614429048	0.010511227902532196	0.06485905398948885	-0.02018633540372668	0.026875298614429048	810368
2022-04-11	-0.009770850296615138	-0.005467023380248911	0.0011631964638826836	-0.03966499941840173	-0.009770850296615138	438360
2022-04-12	-0.012569012099142409	0.01221660989075539	0.01221660989075539	-0.036532362269470216	-0.012569012099142409	287151
2022-04-13	-0.03640256959314778	-0.01391862955032122	-0.0007137758743754731	-0.03640256959314778	-0.03640256959314778	292472
2022-04-14	0.14000000000000004	-0.005185185185185206	0.14987654320987656	-0.02629629629629624	0.14000000000000004	1515812
2022-04-15	-0.034654537578514215	-0.033896469568984296	-0.027073857483214208	-0.07320771063461128	-0.034654537578514215	1029743
2022-04-18	0.06192506170069549	-0.0024680278214045193	0.06416872335651783	-0.02109041956472959	0.06192506170069549	955278
2022-04-19	-0.02144517219522503	-0.010141559264736888	0.006549757025142664	-0.032114937671666934	-0.02144517219522503	387265
2022-04-20	-0.002159127712404066	-0.02223901543776317	0.02007988772535895	-0.02223901543776317	-0.002159127712404066	377062
2022-04-21	-0.014713837498647771	-0.020880666450286776	0.05593422049118238	-0.024559125824948718	-0.014713837498647771	603751
2022-04-22	0.012408037773141646	-0.026682771494454735	0.054134182496980425	-0.026682771494454735	0.012408037773141646	928231
2022-04-25	-0.0735357917570499	-0.021041214750542273	0.010412147505422926	-0.07809110629067248	-0.0735357917570499	798199
2022-04-26	-0.01662374151252636	0.02271130882697258	0.04717864668695857	-0.022477171622570846	-0.01662374151252636	483438
2022-04-27	0.09059523809523809	0.0	0.11904761904761904	-0.022619047619047688	0.09059523809523809	1002079
2022-04-28	-0.19059054688352794	-0.049448750136448	-0.02870865626023355	-0.1922279227158607	-0.19059054688352794	2251679
2022-04-29	0.027646662171274403	-0.0033715441672285905	0.058260283209709954	-0.044369521240728335	0.027646662171274403	1227713
2022-05-05	-0.037664041994750715	-0.0031496062992127176	0.006430446194225654	-0.047112860892388496	-0.037664041994750715	882878
2022-05-06	0.00995499795445253	-0.02318287194872498	0.04050184099277238	-0.0471839629074048	0.00995499795445253	664659
2022-05-09	-0.029165541452876	0.003105590062111855	0.005941128814474719	-0.0429381582500676	-0.029165541452876	468318
2022-05-10	0.07301808066759387	-0.018080667593880547	0.09095966620305969	-0.026425591098748338	0.07301808066759387	1313632
2022-05-11	0.07180816591056373	-0.0002592352559949479	0.09526895657809455	-0.0069993519118600935	0.07180816591056373	1574574
2022-05-12	0.04148022735518209	0.027935663320836888	0.06530414802273558	-0.012093360744951022	0.04148022735518209	1172842
2022-05-13	0.033441709242916805	0.015327450069670148	0.03913144449605191	-0.011031119368323303	0.033441709242916805	928868
2022-05-16	-0.021910112359550593	0.0	0.011235955056179775	-0.02460674157303368	-0.021910112359550593	799595
2022-05-17	0.04365307294658239	0.00011487650775422304	0.07179781734635267	-0.01654221711659963	0.04365307294658239	1210400
2022-05-18	-0.018602091359383576	0.008915795266923526	0.008915795266923526	-0.03170060539350573	-0.018602091359383576	1593393
2022-05-19	-0.001682368775235436	-0.00998205473306416	0.019403319874383176	-0.021085688649618614	-0.001682368775235436	1012014
2022-05-20	0.01954836535220756	0.010897651949219175	0.04156836310526894	-0.0037074486012807356	0.01954836535220756	1252175
2022-05-23	-0.016308539944903624	0.0	0.01223140495867768	-0.03019283746556468	-0.016308539944903624	767145
2022-05-24	-0.009745715245883168	0.0003360591464097809	0.022740002240394325	-0.019043351629886893	-0.009745715245883168	879527
2022-05-25	-0.019230769230769263	-0.009276018099547595	0.009502262443438792	-0.029411764705882446	-0.019230769230769263	820232
2022-05-26	-0.03114186851211076	-0.007958477508650492	0.007266435986159117	-0.04417531718569779	-0.03114186851211076	755427
2022-05-27	-0.01928571428571434	0.007142857142857075	0.022261904761904816	-0.02928571428571421	-0.01928571428571434	684614
2022-05-30	0.002670551104637034	-0.004612770089827573	0.019543578538480207	-0.016508861374119926	0.002670551104637034	684990
2022-05-31	0.008232445520581198	0.012953995157385078	0.02239709443099284	-0.03147699757869243	0.008232445520581198	982155
2022-06-01	0.014529298751200693	-0.0026416906820364897	0.047790585975024065	-0.0044428434197887196	0.014529298751200693	858317
2022-06-02	0.1149248431767074	-0.002012072434607666	0.13386199550242636	-0.01881879512368315	0.1149248431767074	1959951
2022-06-06	0.04225053078556267	0.0	0.07218683651804668	-0.006369426751592447	0.04225053078556267	2099401
2022-06-07	-0.01650030556121414	-0.005398248115705858	0.02098187003463015	-0.0458341821144836	-0.01650030556121414	1533408
2022-06-08	-0.016155758077879064	0.014913007456503704	0.024026512013255934	-0.042771333885666896	-0.016155758077879064	1023696
2022-06-09	-0.031052631578947398	-0.010421052631578893	0.0	-0.035789473684210586	-0.031052631578947398	571737
2022-06-10	-0.0043454644215099565	0.014231395980445436	0.02596414991852255	-0.007604562737642617	-0.0043454644215099565	679321
2022-06-13	-0.03436988543371528	-0.0031642116748500405	0.025095471903982508	-0.04637206764866339	-0.03436988543371528	1734761
2022-06-14	-0.037966101694915246	-0.011299435028248588	-0.007683615819209117	-0.06666666666666674	-0.037966101694915246	1734957
2022-06-15	0.007751937984496084	0.008691566831101654	0.03335682405449851	-0.010923185341790074	0.007751937984496084	1215575
2022-06-16	0.004428904428904542	-0.00011655011655001056	0.03671328671328678	-0.00617715617715619	0.004428904428904542	1256537
2022-06-17	-0.02030633557669993	-0.009863077280111493	-0.0006962172197725954	-0.03655140403805994	-0.02030633557669993	1345654
2022-06-20	0.04050692881677114	0.0066327134904653326	0.05614118204429699	-0.003790121994551787	0.04050692881677114	1381171
2022-06-21	0.003756402959590353	-0.00011383039271475134	0.010700056915196494	-0.03494593056346037	0.003756402959590353	1213815
2022-06-22	-0.026876842821501525	-0.0020412792016331004	-0.0020412792016331004	-0.03379451122703565	-0.026876842821501525	869787
2022-06-23	0.09824029833352747	-0.00850716699685356	0.10103717515441092	-0.018529308938352213	0.09824029833352747	1604735
2022-06-24	-0.011566213921901413	0.018675721561969495	0.018675721561969495	-0.034061969439728286	-0.011566213921901413	1230013
2022-06-27	0.002791196994095447	-0.0009661835748792636	0.03682232957595268	-0.01975308641975312	0.002791196994095447	1009549
2022-06-28	0.04485601113371157	-0.014880633765121514	0.05748849159618889	-0.031152981479498947	0.04485601113371157	1280281
2022-06-29	-0.034836065573770406	-0.0028688524590164055	0.03278688524590167	-0.03688524590163929	-0.034836065573770406	859015
2022-06-30	0.006050955414012666	0.0016985138004245923	0.02696390658174089	-0.009872611464968225	0.006050955414012666	787093
2022-07-01	0.028384509865991326	-0.0034821145932256866	0.06373324891843417	-0.0034821145932256866	0.028384509865991326	1203083
2022-07-04	-0.013749230453519282	-0.0017443053560433769	0.015801354401805936	-0.04391545249333047	-0.013749230453519282	1293813
2022-07-05	0.07948397836038286	0.012276321265085233	0.08073241781106939	-0.00010403662089060669	0.07948397836038286	1683397
2022-07-06	0.11218195836545874	-0.008288357748650726	0.1455281418658442	-0.020720894371626886	0.11218195836545874	2825327
2022-07-07	-0.028249566724436785	-0.003379549393414216	0.018197573656845704	-0.0721837088388216	-0.028249566724436785	1980429
2022-07-08	-0.019975031210986222	-0.0014267879436418458	0.009898341359015512	-0.029070804351703273	-0.019975031210986222	956686
2022-07-11	0.0015468607825294585	0.0	0.01346678798908089	-0.026296633303002734	0.0015468607825294585	771070
2022-07-12	-0.09212319433088023	-0.008812573816662114	0.06368674479876447	-0.09593894794221848	-0.09212319433088023	1558022
2022-07-13	-0.0023016111277894924	-0.01601120784549193	0.015510857600320194	-0.035825077554288126	-0.0023016111277894924	1204450
2022-07-14	0.052557673019057116	-0.003410230692076263	0.06318956870611832	-0.01534603811434304	0.052557673019057116	1071280
2022-07-15	0.01848675433581092	-0.008957499523537239	0.03201829616923956	-0.016580903373356156	0.01848675433581092	773361
2022-07-18	-0.037425149700598806	0.004116766467065847	0.008420658682634785	-0.04051272455089819	-0.037425149700598806	508388
2022-07-19	-0.026924572317262793	-0.00835925349922239	0.01584370139968905	-0.03907465007776046	-0.026924572317262793	808527
2022-07-20	0.051343522125661775	0.011787034262311525	0.09879132953750874	0.011787034262311525	0.051343522125661775	1053409
2022-07-21	0.07980997624703093	0.0	0.10432304038004754	0.0	0.07980997624703093	1138258
2022-07-22	-0.01970963484381882	0.029476462824461012	0.029476462824461012	-0.0318521777386714	-0.01970963484381882	725830
2022-07-25	-0.0027825150345570622	-0.013643299524279652	0.012745714029261303	-0.029710079885109077	-0.0027825150345570622	656119
2022-07-26	-0.02997299729972996	-0.01701170117011702	0.0	-0.050405040504050355	-0.02997299729972996	725826
2022-07-27	-0.005289041477219943	0.0	0.015032012619467428	-0.02004268349262315	-0.005289041477219943	454545
2022-07-28	0.03983208955223877	0.0	0.07080223880597018	0.0	0.03983208955223877	1150779
2022-07-29	0.013546245626626045	-0.00708710863909565	0.013546245626626045	-0.03543554319547863	0.013546245626626045	857165
2022-08-01	0.01876438307665065	-0.02283590015932022	0.05770932908479373	-0.04390157550008858	0.01876438307665065	1248636
2022-08-02	0.012684622067767229	-0.01737619461337967	0.06307558644656824	-0.026846220677671496	0.012684622067767229	1301322
2022-08-03	0.00025737817433082647	0.02479409746053535	0.0628860672614962	-0.013126286890871664	0.00025737817433082647	1431951
2022-08-04	0.020670726477399405	0.001115018440689557	0.04108414100694735	-0.010120936615490237	0.020670726477399405	1205894
2022-08-05	0.06386554621848735	0.008403361344537815	0.07142857142857142	-0.007310924369747937	0.06386554621848735	1700068
2022-08-08	-0.02843601895734593	0.07424960505529231	0.09620853080568727	-0.05086887835703	-0.02843601895734593	3025698
2022-08-09	0.04731707317073165	0.008048780487804837	0.056829268292683	-0.028130081300812956	0.04731707317073165	2760252
2022-08-10	0.05232106815711853	-0.028799875795683855	0.07669616519174038	-0.03532060239093306	0.05232106815711853	2326736
2022-08-11	-0.005606373561522506	-0.0027294187075833916	0.0376954853939214	-0.02544998524638528	-0.005606373561522506	1746626
2022-08-12	-0.059347181008902176	-0.004525222551928884	0.005044510385756516	-0.060459940652819025	-0.059347181008902176	1652267
2022-08-15	-0.014353312302839063	-0.0007097791798107525	0.023659305993690965	-0.0190851735015773	-0.014353312302839063	1085996
2022-08-16	-0.01944311089774369	-0.012481997119539144	0.022323571771483374	-0.027764442310769712	-0.01944311089774369	1695543
2022-08-17	0.008649530803753589	0.005467156262749912	0.018115055079559354	-0.012647898816809442	0.008649530803753589	1161076
2022-08-18	0.022490089798559997	0.0	0.04069250060674692	-0.006957365908907042	0.022490089798559997	1290822
2022-08-19	-0.050557797294089726	-0.009494422027059125	0.03647440462061872	-0.053880845003560426	-0.050557797294089726	1472651
2022-08-22	-0.009083333333333362	0.0	0.014833333333333342	-0.03008333333333333	-0.009083333333333362	1093109
2022-08-23	-0.014380624001345503	-0.00891430493650662	0.024976873265494904	-0.019594651417038082	-0.014380624001345503	896234
2022-08-24	-0.08310580204778165	-0.005034129692832794	-0.005034129692832794	-0.08694539249146756	-0.08310580204778165	1992932
2022-08-25	0.023915875674669716	0.013307277126372669	0.03443141634096411	-0.00800297785222408	0.023915875674669716	1298607
2022-08-26	-0.0548941197855131	-0.004816868126874499	0.007270744342452033	-0.05789330182677456	-0.0548941197855131	1202525
2022-08-29	0.048081546302529095	0.007308395037984471	0.11741513607077612	0.007212231945379364	0.048081546302529095	2301387
2022-08-30	-0.00963391136801539	-0.009083402146985916	0.016882282778236567	-0.025506927241031298	-0.00963391136801539	1128275
2022-08-31	-0.025569760978321206	0.00935705021308139	0.017231795441912168	-0.03548267556049656	-0.025569760978321206	1154288
2022-09-01	-0.017398745008556878	0.0077010838562463204	0.03156493629967668	-0.01787412055523873	-0.017398745008556878	668537
2022-09-02	0.0196419932268989	-0.010933720367682588	0.024189646831156267	-0.016448959845186153	0.0196419932268989	964017
2022-09-05	0.029796925412791806	-0.00835073068893524	0.0490605427974948	-0.03681913076485097	0.029796925412791806	1467270
2022-09-06	0.02746037596756362	0.0	0.03593807593070407	-0.01584961297456689	0.02746037596756362	1111345
2022-09-07	0.019910313901345282	0.008340807174887954	0.050852017937219746	0.0	0.019910313901345282	1217579
2022-09-08	0.0037812170242701973	-0.0017587055926838097	0.032272247625747465	-0.013366162504396728	0.0037812170242701973	1180971
2022-09-09	-0.04686815593517309	-0.0039421813403416805	0.0071835304424002905	-0.05291283399036361	-0.04686815593517309	2110373
2022-09-13	0.027757352941176434	-0.005882352941176476	0.07527573529411763	-0.007352941176470562	0.027757352941176434	1509153
2022-09-14	0.02486138436773387	-0.013861563226614177	0.02486138436773387	-0.015829010910391666	0.02486138436773387	1079254
2022-09-15	-0.04301919720767882	-0.0010471204188480833	0.0034904013961606084	-0.060122164048865626	-0.04301919720767882	1142909
2022-09-16	-0.0016412874988602792	-0.0077505243001733245	0.03464940275371567	-0.015136318045044192	-0.0016412874988602792	968322
2022-09-19	-0.026851767284683515	-0.0012786555849849353	0.03205772216640794	-0.04420495022376463	-0.026851767284683515	956159
2022-09-20	0.0030971374941341934	-0.002158610980760244	0.02290004692632565	-0.01220084467386201	0.0030971374941341934	777097
2022-09-21	-0.039951347305389184	-0.012911676646706545	9.356287425154488e-05	-0.04509730538922149	-0.039951347305389184	1219583
2022-09-22	0.029042003703342794	-0.013643894357275175	0.04073677029529292	-0.015203196569535156	0.029042003703342794	997589
2022-09-23	-0.022729425134956016	-0.0055876503456767064	0.012406477886163484	-0.03740884553461504	-0.022729425134956016	852968
2022-09-26	0.035468553154375394	-0.009497044287237175	0.048260490357592827	-0.013761023354976275	0.035468553154375394	947158
2022-09-27	0.03416003743565752	-0.0033692091717360735	0.04604585868039309	-0.00804866635470285	0.03416003743565752	661812
2022-09-28	-0.026696832579185547	0.003800904977375581	0.008687782805429808	-0.03285067873303163	-0.026696832579185547	519400
2022-09-29	0.04044630404463048	0.008833100883310114	0.04593212459321244	-0.012924221292422135	0.04044630404463048	790827
2022-09-30	-0.06952636282394996	0.003842716711349353	0.014209115281501244	-0.0741733690795354	-0.06952636282394996	790188
2022-10-10	-0.19986553976181332	-0.02890895121014219	-0.010756819054936655	-0.19996158278908957	-0.19986553976181332	1858327
2022-10-11	-0.1666066498619613	-0.006841915736406282	-0.004321209938782852	-0.18797263233705433	-0.1666066498619613	4623709
2022-10-12	0.03932017859714806	0.01195448653319888	0.03932017859714806	-0.03903211868068569	0.03932017859714806	3498439
2022-10-13	-0.03894124168514416	-0.017461197339245994	0.01593680709534376	-0.04822616407982248	-0.03894124168514416	4254993
2022-10-14	0.052343186733958325	0.04253785147801014	0.06214852198990631	-0.004902667627973889	0.052343186733958325	3552801
2022-10-17	0.03357084132639083	-0.014250479583447604	0.048232392436283855	-0.02562345848177589	0.03357084132639083	3707942
2022-10-18	-0.011931592204693166	-0.0003977197401564515	0.013389897918599904	-0.02731008882407533	-0.011931592204693166	2913695
2022-10-19	-0.013819938279887308	-0.009928887696229637	0.011807325909029859	-0.020260297866630955	-0.013819938279887308	1869197
2022-10-20	0.09931972789115642	-0.008707482993197287	0.14013605442176866	-0.016326530612244938	0.09931972789115642	5084403
2022-10-21	-0.027227722772277262	-0.03465346534653462	-0.005816831683168303	-0.08650990099009895	-0.027227722772277262	4819586
2022-10-24	-0.0008905852417301932	-0.02035623409669204	0.030534351145038243	-0.022264631043257	-0.0008905852417301932	3226441
2022-10-25	0.007895071947026672	0.0024194575321532883	0.024703934801986474	-0.019100980516999874	0.007895071947026672	2393362
2022-10-26	0.017182564750473774	-0.0011370814908402199	0.029690461149715654	-0.027163613392293184	0.017182564750473774	2200438
2022-10-27	0.0014904980747732	-0.005837784126195489	0.032790957645013045	-0.020245932182337716	0.0014904980747732	2599713
2022-10-28	0.03968746124271367	0.009301748728761008	0.0709413369713506	-0.006449212451940916	0.03968746124271367	4120350
2022-10-31	0.0436597876655135	0.00918525587498504	0.06763688417034476	0.00918525587498504	0.0436597876655135	3491784
2022-11-01	0.015773231226425988	-0.005600640073151159	0.020688078637558605	-0.011315578923305463	0.015773231226425988	2899105
2022-11-02	0.02385506920220536	0.01215258242376503	0.06447620119275334	0.00011252391133105552	0.02385506920220536	2880990
2022-11-03	0.06462248598747126	-0.013078360259369138	0.06517199692273884	-0.014177382129904298	0.06462248598747126	2853398
2022-11-04	-0.02549809022401155	-0.007948797357283061	0.0007226179415711074	-0.0433570764942707	-0.02549809022401155	2576115
2022-11-07	-0.00423728813559328	0.0	0.020127118644067705	-0.022881355932203504	-0.00423728813559328	2105482
2022-11-08	-0.006808510638297878	-0.00031914893617022484	0.016914893617021313	-0.018617021276595744	-0.006808510638297878	1516750
2022-11-09	-0.0329905741216795	-0.0038560411311053923	0.0	-0.03877463581833767	-0.0329905741216795	1699250
2022-11-10	-0.03300841825431994	-0.0013291980505095763	0.016836508639787286	-0.03976517501107669	-0.03300841825431994	1952576
2022-11-11	0.008018327605956504	0.03665521191294391	0.06437571592210772	0.005956471935853334	0.008018327605956504	1833300
2022-11-14	0.022386363636363624	0.0	0.028977272727272695	-0.03409090909090909	0.022386363636363624	1804662
2022-11-15	0.02634211403801272	-0.011225964210292377	0.052017339113037755	-0.018784039124152472	0.02634211403801272	2329470
2022-11-16	-0.016027723630062853	-0.011154429283084267	0.0055230669265756	-0.023933290015161444	-0.016027723630062853	1308327
2022-11-17	0.025533788245652733	-0.014968082764692928	0.04105216817081228	-0.025423728813559348	0.025533788245652733	2105814
2022-11-18	-0.06310367031551845	-0.006224511697789359	0.019210130929383902	-0.06310367031551845	-0.06310367031551845	2912990
2022-11-21	0.004581901489118049	-0.0034364261168384554	0.03642611683848805	-0.012600229095074392	0.004581901489118049	1874022
2022-11-22	-0.025997719498289634	-0.007981755986317021	0.013454960091219983	-0.03420752565564424	-0.025997719498289634	2210285
2022-11-23	0.0038632638726293408	-0.004214469679232023	0.010302036993678243	-0.03336455162725367	0.0038632638726293408	1707955
2022-11-24	-0.020291545189504313	-0.007580174927113769	0.007230320699708507	-0.026239067055393587	-0.020291545189504313	1523104
2022-11-25	-0.026782525889775026	0.0007142006903938586	0.024758957266992003	-0.02713962623497204	-0.026782525889775026	1489296
2022-11-28	-0.010518590998043045	-0.03375733855185916	0.012353228962817892	-0.039261252446184045	-0.010518590998043045	1493613
2022-11-29	-0.011124845488257177	0.013102595797280445	0.013102595797280445	-0.014833127317676177	-0.011124845488257177	1472609
2022-11-30	-0.013499999999999979	0.0	0.010749999999999992	-0.021250000000000036	-0.013499999999999979	1463049
2022-12-01	0.01811961479979717	0.013558033451596467	0.0372529143436391	0.002407501267105901	0.01811961479979717	1952379
2022-12-02	-0.006222775357809584	0.003111387678904792	0.012072184194150577	-0.01456129433727427	-0.006222775357809584	1469272
2022-12-05	-0.004007514088916634	0.0037570444583595666	0.012523481527864748	-0.010269254852849007	-0.004007514088916634	1485391
2022-12-06	0.016094555513642663	0.0046523324531623856	0.035584056330944275	0.00012573871495039754	0.016094555513642663	2275686
2022-12-07	-0.030070535824774244	-0.008786041331518476	-0.008786041331518476	-0.03551540650909547	-0.030070535824774244	2000108
2022-12-08	-0.013523858127073263	0.0028068384792038644	0.009186016841030861	-0.02794080122480222	-0.013523858127073263	2138635
2022-12-09	0.00814795654423189	0.006854630108639436	0.04371443352302134	0.006854630108639436	0.00814795654423189	2235020
2022-12-12	0.033483001924310446	0.0001282873636945594	0.04913406029506091	-0.021167415009621625	0.033483001924310446	2361041
2022-12-13	-0.01737835153922549	0.004220456802383359	0.012909632571995929	-0.02072989076464749	-0.01737835153922549	1509087
2022-12-14	0.04699343102577058	0.0674583122789288	0.1154623547246084	0.03954017180394151	0.04699343102577058	5080258
2022-12-15	0.05272683397683404	0.006515444015444091	0.07673745173745174	-0.01882239382239385	0.05272683397683404	4169701
2022-12-16	-0.016618911174785134	-0.008595988538681949	0.000573065902578764	-0.03381088825214903	-0.016618911174785134	2945509
2022-12-19	-0.056526806526806465	-0.020396270396270396	-0.010722610722610743	-0.06177156177156174	-0.056526806526806465	2536299
2022-12-20	0.007164916615194543	-0.010623841877702277	0.027794935145151328	-0.010623841877702277	0.007164916615194543	1706526
2022-12-21	-0.027719857721084325	-0.012633386483503019	-0.00036796271311175194	-0.04341960014718516	-0.027719857721084325	1372318
2022-12-22	-0.025482528068626165	0.005424498549262103	0.008578276775577228	-0.03267314242462457	-0.025482528068626165	1228696
2022-12-23	-0.030679611650485494	-0.014498381877022713	-0.003236245954692557	-0.04440129449838197	-0.030679611650485494	1466037
2022-12-26	0.038461538461538596	-0.008547008547008555	0.041533119658119656	-0.014289529914529824	0.038461538461538596	1365786
2022-12-27	0.02507716049382701	-0.00012860082304533328	0.030092592592592452	-0.021990740740740842	0.02507716049382701	1409412
2022-12-28	-0.02935641701166716	-0.012921841676075612	-0.00025090954710821757	-0.03638188433069868	-0.02935641701166716	1224964
2022-12-29	0.011632415664986318	-0.01512214036448238	0.028951790099521712	-0.01512214036448238	0.011632415664986318	1188935
2022-12-30	0.020825348153826622	0.02964098632937278	0.04356713938929361	0.011626421361952355	0.020825348153826622	1474839
2023-01-03	0.01564455569461827	-0.008760951188986267	0.022027534418022413	-0.026408010012515637	0.01564455569461827	1814516
2023-01-04	0.02218114602587797	0.07221195317313615	0.09550215650030806	0.006284658040665322	0.02218114602587797	3902456
2023-01-05	-0.0031344183242918034	-0.0162748643761303	0.009644364074743787	-0.02218203737191083	-0.0031344183242918034	2560389
2023-01-06	-0.014874833716289806	0.0031442737936873276	0.013423630426895627	-0.0204377796589672	-0.014874833716289806	2342400
2023-01-09	0.011048367296832872	0.007856616744414444	0.03965136263196666	0.002577952369261085	0.011048367296832872	1878619
2023-01-10	0.006313744536182565	0.005220981058766475	0.0254978144730451	-0.004492472073822299	0.006313744536182565	1855037
2023-01-11	-0.003740347490347518	0.0038610038610039504	0.04802123552123557	-0.003740347490347518	-0.003740347490347518	2227006
2023-01-12	-0.014654232772193215	-0.003027734043841589	-0.003027734043841589	-0.023252997456703253	-0.014654232772193215	1476170
2023-01-13	0.010939036381514264	0.001720747295968542	0.011922320550639121	-0.004916420845624455	0.010939036381514264	1016931
2023-01-16	0.03197568389057745	-0.007902735562310099	0.048996960486322204	-0.0125227963525836	0.03197568389057745	2722362
2023-01-17	0.01307728557964184	-0.002120640904806699	0.029217719132893546	-0.002591894439208281	0.01307728557964184	1847936
2023-01-18	-0.007442725898360282	0.0010466333294569534	0.006163507384579616	-0.012559599953482945	-0.007442725898360282	1163267
2023-01-19	0.021675454012888208	-0.00117164616285875	0.026127709431751658	-0.006444053895723459	0.021675454012888208	1626963
2023-01-20	-0.002408256880734036	-0.0011467889908257857	0.00447247706422019	-0.010321100917431257	-0.002408256880734036	1173817
2023-01-30	-0.008851592137027199	0.01253017588228536	0.017013449821818648	-0.019427520404644186	-0.008851592137027199	1685764
2023-01-31	-0.006958942240779336	0.001275806077476217	0.01484574344699607	-0.015077708188355337	-0.006958942240779336	1492693
2023-02-01	0.014015416958654386	-0.006073347348750411	0.019271198318149864	-0.006073347348750411	0.014015416958654386	1877469
2023-02-02	0.025109421792213857	0.010711817553559167	0.05056438608615527	0.007947477539737525	0.025109421792213857	3011733
2023-02-03	-0.005393258426966337	-0.007865168539325874	0.004157303370786568	-0.026853932584269668	-0.005393258426966337	1618497
2023-02-06	-0.003615002259376335	-0.005874378671486625	0.004066877541798458	-0.014798915499322213	-0.003615002259376335	1280233
2023-02-07	-0.012925170068027217	0.0011337868480724978	0.00770975056689334	-0.024149659863945686	-0.012925170068027217	1701125
2023-02-08	-0.006432345508844501	0.005053985756949204	0.014128187456926303	-0.012175511141741353	-0.006432345508844501	1227703
2023-02-09	0.0582658959537573	-0.005086705202312113	0.05953757225433533	-0.007976878612716736	0.0582658959537573	2657628
2023-02-10	-0.024470176971815697	-0.007100720996285838	-0.00043696744592534685	-0.03157089796810138	-0.024470176971815697	1830298
2023-02-13	0.007838745800671924	-0.004255319148936119	0.016349384098544324	-0.01343784994400899	0.007838745800671924	1686799
2023-02-14	-0.012666666666666673	0.0	0.018555555555555575	-0.02333333333333327	-0.012666666666666673	2073720
2023-02-15	0.019356290794508204	-0.0006752194463200797	0.021494485707855015	-0.008777852802160716	0.019356290794508204	3421639
2023-02-16	-0.038971075292559075	-0.0030911901081916663	0.0013247957606536162	-0.05310223007286379	-0.038971075292559075	3074705
2023-02-17	-0.04307869040781161	-0.0067777139574957315	0.005858701895462437	-0.04307869040781161	-0.04307869040781161	2477055
2023-02-20	0.018967587034813906	-0.0036014405762304583	0.022689075630252107	-0.009603841536614612	0.018967587034813906	1557912
2023-02-21	0.003652214891611714	-0.0011781338360037032	0.017436380772855843	-0.006715362865221409	0.003652214891611714	1219277
2023-02-22	0.014086160347458656	-0.007512618851977938	0.030637398755722498	-0.007512618851977938	0.014086160347458656	1653157
2023-02-23	-0.0028938534552610255	0.0	0.006250723463363888	-0.005671952772311551	-0.0028938534552610255	1282522
2023-02-24	0.002321801718133304	0.004295333178546605	0.020315765033666125	-0.008590666357093045	0.002321801718133304	1708863
2023-02-27	-0.03752605976372491	-0.003937919851748939	-0.003937919851748939	-0.05246699096594858	-0.03752605976372491	3542939
2023-02-28	-0.002406738868832595	0.0009626955475332432	0.010469314079422438	-0.015403128760529497	-0.002406738868832595	1630994
2023-03-01	0.005790108564535461	0.0022919179734619747	0.005790108564535461	-0.0068757539203860955	0.005790108564535461	1257665
2023-03-02	0.0046773806668265845	0.0005996641880548258	0.026625089949628197	0.00023986567522199848	0.0046773806668265845	1579680
2023-03-03	0.03987107556404445	0.02172615494807219	0.055270383192073655	0.020651784648442213	0.03987107556404445	4173130
2023-03-06	0.04924807714384119	-0.0012627712088164325	0.06991160601538289	-0.01274250947078406	0.04924807714384119	6263452
2023-03-07	-0.0368708971553611	-0.008205689277899343	-0.0005470459518600806	-0.039168490153173	-0.0368708971553611	3092491
2023-03-08	0.016698852663864578	0.003975917300920076	0.03476087697375897	-0.0003407929115074536	0.016698852663864578	2686354
2023-03-09	0.021117318435754196	-0.00011173184357547616	0.046368715083798945	-0.003687150837988808	0.021117318435754196	4666266
2023-03-10	-0.016084910821752913	-0.008534850640113811	0.0328263486158223	-0.025057446110077757	-0.016084910821752913	5189305
2023-03-13	0.010564946619217114	-0.005671708185053438	0.02302046263345188	-0.01890569395017797	0.010564946619217114	3472948
2023-03-14	0.05821503246395941	-0.008143501705733565	0.07626279300099034	-0.01650709805216243	0.05821503246395941	5803637
2023-03-15	-0.014975041597337747	-0.0016638935108152725	0.01705490848585691	-0.01705490848585691	-0.014975041597337747	3682986
2023-03-16	-0.011929898648648601	-0.008657094594594524	0.029349662162162175	-0.02333192567567561	-0.011929898648648601	2988046
2023-03-17	0.009723261032161519	0.015065712148733802	0.036114969548028585	-0.005235602094240934	0.009723261032161519	3754685
2023-03-20	0.037037037037037035	-0.0007407407407406686	0.05513227513227507	-0.014814814814814874	0.037037037037037035	4477341
2023-03-21	-0.010714285714285685	-0.009897959183673458	-0.002040816326530641	-0.02438775510204082	-0.010714285714285685	2400048
2023-03-22	-0.02011346054667357	0.0025786487880350697	0.00835482207323365	-0.02650850954100059	-0.02011346054667357	2710341
2023-03-23	0.008000000000000054	-0.019263157894736826	0.013368421052631536	-0.03600000000000002	0.008000000000000054	4481256
2023-03-24	-0.06223893065998337	-0.007832080200501253	0.000313283208020062	-0.06390977443609026	-0.06223893065998337	4809571
2023-03-27	0.006681514476614795	-0.006013363028953141	0.015590200445434362	-0.02538975501113587	0.006681514476614795	3768821
2023-03-28	-0.014823008849557558	-0.004867256637168273	0.005862831858407092	-0.021017699115044308	-0.014823008849557558	2037361
2023-03-29	0.046934650797215274	-0.0030316640467100385	0.07332135638895128	-0.004042218728946771	0.046934650797215274	5963531
2023-03-30	0.003861003861003855	-0.003861003861003855	0.012441012441012558	-0.022093522093521965	0.003861003861003855	3446268
2023-03-31	0.024465811965812035	-0.00010683760683750968	0.030662393162393213	-0.01410256410256403	0.024465811965812035	3656898
2023-04-03	0.06111169047867347	0.03243299614141203	0.08228178120763376	0.01679007195745124	0.06111169047867347	7006561
2023-04-04	0.01405405405405412	0.0019656019656019937	0.07911547911547909	-0.005995085995085989	0.01405405405405412	7428596
2023-04-06	0.05640628028687723	0.0006784260515603137	0.09517348323318466	-0.0003876720294631348	0.05640628028687723	7550829
2023-04-07	0.018073394495412835	-0.0009174311926604984	0.03669724770642202	-0.019449541284403713	0.018073394495412835	5754102
2023-04-10	-0.03667657925565462	0.0012616022348382497	0.02829593583851492	-0.03901955483463998	-0.03667657925565462	4776882
2023-04-11	-0.005144995322731631	0.0028063610851262596	0.03629560336763326	-0.028811973807296654	-0.005144995322731631	5664331
2023-04-12	-0.0032910202162669895	0.0010343206393982082	0.017395392571697307	-0.021156558533145277	-0.0032910202162669895	4399730
2023-04-13	-0.026603773584905597	-0.0074528301886793045	0.018867924528301886	-0.02924528301886787	-0.026603773584905597	4338200
2023-04-14	0.1340376041868579	0.027330878077146667	0.1407249466950959	0.009110292692382222	0.1340376041868579	9240554
2023-04-17	-0.008717203657807112	0.0007691650286299393	0.06828476198615498	-0.0198273651824631	-0.008717203657807112	8335643
2023-04-18	0.01034571945857404	-0.006810931976894492	0.016466936804897067	-0.03465816018622292	0.01034571945857404	4203408
2023-04-19	-0.006058537417868366	0.0003413260517109502	0.049236282959296836	-0.016298318969195296	-0.006058537417868366	5719322
2023-04-20	0.08610920329670331	-0.025583791208791243	0.11177884615384612	-0.02884615384615384	0.08610920329670331	7916300
2023-04-21	-0.08505256501462338	-0.022448818275235184	-0.004505572682001481	-0.08955813769662475	-0.08505256501462338	6150242
2023-04-24	-0.0017278617710583398	-0.009762419006479442	0.02090712742980563	-0.025485961123110176	-0.0017278617710583398	4546411
2023-04-25	-0.0005192557334487432	0.009086975335352637	0.046906101254868035	-0.04759844223279965	-0.0005192557334487432	5217498
2023-04-26	-0.044332842670360986	-0.003117153000259758	0.011169798250930871	-0.0632955234219412	-0.044332842670360986	4657019
2023-04-27	0.02582223430279962	0.0401377185829482	0.13083265380085166	0.01023828939023281	0.02582223430279962	6974790
2023-04-28	0.045751633986928164	0.01731142907613503	0.0660660660660661	0.0015015015015015167	0.045751633986928164	6075109
2023-05-04	-0.060304054054054056	-0.026520270270270273	-0.003716216216216317	-0.09628378378378383	-0.060304054054054056	5344941
2023-05-05	-0.0346935106956678	-0.001258313859428371	0.01743663490922162	-0.043681466834441844	-0.0346935106956678	3931304
2023-05-08	-0.03193668528864066	-0.003817504655493583	0.01675977653631282	-0.03789571694599634	-0.03193668528864066	3589986
2023-05-09	-0.03029720111570651	0.0012503606809656195	0.019717226122920047	-0.037318457247282825	-0.03029720111570651	3894563
2023-05-10	-0.010117040269787702	-0.007637373536996589	0.004165840111089087	-0.0410632810950207	-0.010117040269787702	4050093
2023-05-11	0.001803607214428926	0.012024048096192414	0.027054108216432896	-0.00501002004008016	0.001803607214428926	2304175
2023-05-12	0.017103420684136766	0.005201040208041568	0.05021004200840164	0.005201040208041568	0.017103420684136766	3530474
2023-05-15	0.04258039138558362	-0.012193922706264087	0.0443504769397188	-0.013570655915035848	0.04258039138558362	2571727
2023-05-16	0.030088662516506298	-0.0019807583474815483	0.04376532729673647	-0.020845123561592096	0.030088662516506298	3162615
2023-05-17	0.016390440435857582	-0.0024723010713304278	0.021701309403900786	-0.009980770991667332	0.016390440435857582	2730702
2023-05-18	-0.015315315315315341	-0.0003603603603604167	0.009009009009009009	-0.02054054054054055	-0.015315315315315341	2108751
2023-05-19	-0.006312900274473904	0.00640439158279966	0.029277218664226924	-0.007319304666056699	-0.006312900274473904	1564118
2023-05-22	0.00662922382837675	0.01279808489089403	0.026608967866678948	-0.019059018506583123	0.00662922382837675	1819844
2023-05-23	-0.010793011982072557	-0.009421018933504081	0.01170767401445167	-0.02341534802890334	-0.010793011982072557	1280884
2023-05-24	0.021729079981507114	-0.0013869625520111482	0.06472491909385113	-0.012852519648636158	0.021729079981507114	3470830
2023-05-25	0.027692307692307714	-0.004253393665158361	0.029683257918552048	-0.010497737556561056	0.027692307692307714	2307448
2023-05-26	-0.002025361042620676	0.0	0.014882000704473385	-0.013737231419513933	-0.002025361042620676	1892777
2023-05-29	0.048266125474278644	0.005911938586429028	0.05797229330274426	0.003088326127239112	0.048266125474278644	3703122
2023-05-30	0.005892255892255917	-0.015151515151515128	0.022895622895622886	-0.025252525252525252	0.005892255892255917	2516506
2023-05-31	-0.013221757322175717	-0.0041841004184100415	0.004016736401673673	-0.02493723849372388	-0.013221757322175717	1824135
2023-06-01	0.0005936227951152745	-0.005342605156037953	0.021879240162822236	-0.011787652645861606	0.0005936227951152745	2245038
2023-06-02	-0.007288753284176621	8.475294516488785e-05	0.011865412323078276	-0.025256377659123568	-0.007288753284176621	2230265
2023-06-05	0.043626739520191235	0.028771450525057668	0.06719030137454116	0.024588064543669512	0.043626739520191235	2906198
2023-06-06	-0.033622382198952874	-0.0051537958115182875	0.0004908376963350972	-0.0363219895287958	-0.033622382198952874	2106323
2023-06-07	-0.016761195293320832	-0.00025395750444426595	0.018454245322949352	-0.023448742910352968	-0.016761195293320832	2874872
2023-06-08	0.004735256134309058	0.007318123116659443	0.01575548859233748	-0.020146362462333218	0.004735256134309058	3187333
2023-06-09	0.0591259640102827	0.005141388174807149	0.08363324764353033	-0.007712082262210845	0.0591259640102827	6439191
2023-06-12	0.036003236245954834	-0.003964401294498341	0.04336569579288037	-0.011974110032362378	0.036003236245954834	3909238
2023-06-13	-0.010386567746973935	-0.004295197188598292	0.0003904724716906126	-0.02147598594299113	-0.010386567746973935	2248439
2023-06-14	-0.015703914141414102	0.0028409090909090867	0.01704545454545452	-0.025331439393939344	-0.015703914141414102	2073675
2023-06-15	-0.010823378497554785	-0.005852641706085176	0.00881904914615565	-0.02349073999839659	-0.010823378497554785	1605452
2023-06-16	-0.01629113308477866	-0.002350461987356071	0.009158696709353296	-0.022856216566704435	-0.01629113308477866	2270316
2023-06-19	-0.01277086594710399	-0.0001647853670594894	0.0018950317211830746	-0.027601548982450427	-0.01277086594710399	2627664
2023-06-20	-0.021699215489901474	-0.0025037556334501516	0.008012018027040628	-0.03138040393924212	-0.021699215489901474	2487253
2023-06-21	-0.04333731445145878	0.003753625661149955	0.003753625661149955	-0.04453164988909741	-0.04333731445145878	2386550
2023-06-26	0.010165864098448373	-0.012841091492776865	0.030586766541822654	-0.02487961476725527	0.010165864098448373	2875215
2023-06-27	-0.01827330508474583	0.004590395480225953	0.023393361581920954	-0.021804378531073434	-0.01827330508474583	1734791
2023-06-28	0.013398075712615854	0.00422623864760375	0.05206366333962779	-0.0018883193957377373	0.013398075712615854	2573079
2023-06-29	-0.01703637976929904	-0.006211180124223627	0.015084294587400203	-0.023957409050576778	-0.01703637976929904	2087317
2023-06-30	-0.003430222061743956	-0.004874526087741526	0.031142805560570527	-0.020581332370463994	-0.003430222061743956	2452262
2023-07-03	0.002807971014492645	0.012499999999999957	0.025181159420289864	-0.0075181159420290985	0.002807971014492645	1821364
2023-07-04	0.029175322915725808	0.006593803631108337	0.03775630024388047	9.032607713851609e-05	0.029175322915725808	2235350
2023-07-05	-0.04335615236089168	-0.005441460417763775	0.017904160084254925	-0.047130068457082716	-0.04335615236089168	2310672
2023-07-06	0.0033027522935779765	-0.006880733944954129	0.009174311926605505	-0.009174311926605505	0.0033027522935779765	1322275
2023-07-07	-0.0018288222384784459	-0.010241404535479193	0.0073152889539136534	-0.010241404535479193	-0.0018288222384784459	1033583
2023-07-10	0.014474166361304492	-0.001465738365701691	0.018688164162697016	-0.005954562110663169	0.014474166361304492	914721
2023-07-11	-0.002709048221058309	-0.0055083980494852755	0.009842875203178648	-0.015712479682138295	-0.002709048221058309	1269198
2023-07-12	-0.06555595798623683	-0.003984063745019899	0.004165157551611807	-0.0853857298080405	-0.06555595798623683	3842037
2023-07-13	0.00019379844961236453	0.017248062015503888	0.017248062015503888	-0.011627906976744214	0.00019379844961236453	1913074
2023-07-14	0.0017438480914552105	-0.0012594458438286713	0.021023057546987033	-0.00813795776012404	0.0017438480914552105	1421091
2023-07-17	-0.02088974854932312	0.0	0.005512572533849063	-0.02282398452611218	-0.02088974854932312	1261759
2023-07-18	0.008099565389174312	0.0031608060055314836	0.02815092848676421	0.000592651126037162	0.008099565389174312	1201986
2023-07-19	0.0058788947677836005	-0.005486968449931435	0.014109347442680753	-0.005486968449931435	0.0058788947677836005	1040391
2023-07-20	-0.002142996298460928	0.0076953048899279786	0.010033119033703498	-0.008279758425871754	-0.002142996298460928	929780
2023-07-21	-0.02323311206559933	-0.009176103084732504	-0.003709488481062041	-0.033287778211636046	-0.02323311206559933	1375029
2023-07-24	-0.013491904857085834	-0.0005996402158705004	0.007295622626424185	-0.015590645612632443	-0.013491904857085834	952074
2023-07-25	0.03322864957957655	0.022692736298247484	0.038597913078715455	0.001620909735589209	0.03322864957957655	1197114
2023-07-26	0.005490734385724113	-0.004804392587508529	0.024610255907441956	-0.008334150406902583	0.005490734385724113	1190165
2023-07-27	-0.031106777181862486	-0.005460750853242343	0.002242808386153135	-0.03325207215992196	-0.031106777181862486	1237003
2023-07-28	0.008554750402576432	0.011272141706924362	0.019927536231884098	-0.0052334943639291065	0.008554750402576432	1035546
2023-07-31	0.03063566510328318	-0.0019958088015167015	0.041413032631473966	-0.002295180121744235	0.03063566510328318	1520213
2023-08-01	-0.0036793183578620785	0.0	0.011715724244771434	-0.010747482571649878	-0.0036793183578620785	1069257
2023-08-02	0.01603498542274044	0.0009718172983478552	0.02866861030126325	-0.011078717201166186	0.01603498542274044	1428449
2023-08-03	0.006886657101865126	-0.00047824007651838505	0.021999043519846936	-0.011286465805834459	0.006886657101865126	1554608
2023-08-04	-0.01301415407998471	-0.005889617174883541	0.0020898641588296654	-0.02108862923909945	-0.01301415407998471	1357346
2023-08-07	0.00654475457170349	0.010587102983638057	0.019441770933589952	-0.005774783445620871	0.00654475457170349	1621759
2023-08-08	0.01749856569133676	0.0021036527060623337	0.03174603174603182	-0.0004781028877414148	0.01749856569133676	1378392
2023-08-09	-0.003665069072455602	-0.005168687153462994	0.0032891645522038207	-0.017949440842026095	-0.003665069072455602	949700
2023-08-10	0.02631578947368427	0.0	0.039426523297491106	0.0	0.02631578947368427	1678245
2023-08-11	-0.0032166161198420046	0.00036761327083900414	0.010752688172043025	-0.015255950739821675	-0.0032166161198420046	1374672
2023-08-14	0.012170385395537595	-0.024525170569795286	0.017425779089065098	-0.026645768025078377	0.012170385395537595	1378776
2023-08-15	-0.0006376389141920877	0.001275277828384046	0.027600655857168893	-0.008289305884496233	-0.0006376389141920877	2349751
2023-08-16	-0.05386929176920971	-9.114939385644796e-05	0.02059976301157602	-0.05414273995077931	-0.05386929176920971	2124658
2023-08-17	0.04749518304431606	-0.0019267822736031104	0.04894026974951829	-0.0019267822736031104	0.04749518304431606	2301757
2023-08-18	-0.03274165363745059	0.016554768693092956	0.0189460130598731	-0.036052607376069176	-0.03274165363745059	1657039
2023-08-21	0.0012360939431396354	-0.001141009793667439	0.018446324997622873	-0.006180469715698447	0.0012360939431396354	800103
2023-08-22	-0.03912630579297237	0.004748338081671415	0.014150047483380904	-0.07644824311490976	-0.03912630579297237	2328185
2023-08-23	-0.021051591223562063	-0.010772880015813434	-0.0024708440403241744	-0.026487448112275217	-0.021051591223562063	819983
2023-08-24	0.013831398283695149	0.011307420494699693	0.024734982332155507	-0.008177688036345304	0.013831398283695149	1283221
2023-08-25	-0.017625970922127025	-0.004182433778131863	0.0023899621589324326	-0.023999203345946987	-0.017625970922127025	1026548
2023-08-28	0.025646224024328444	0.09477952356817024	0.09477952356817024	0.019462747085656235	0.025646224024328444	1534028
2023-08-29	0.054951571456809525	0.0	0.06532911642617117	-0.017691243328721153	0.054951571456809525	1699524
2023-08-30	0.03428892636312546	0.021172943601274172	0.05208918868278061	0.0013115982761851281	0.03428892636312546	2140505
2023-08-31	0.026811594202898494	-0.0009057971014493526	0.038768115942028995	-0.02554347826086963	0.026811594202898494	2535957
2023-09-01	0.0004410726887790857	-0.0007939308398024295	0.019495412844036643	-0.011115031757233638	0.0004410726887790857	1589418
2023-09-04	0.007935808129794601	0.0007935808129794852	0.012080063486465079	-0.01772330482320775	0.007935808129794601	1600393
2023-09-05	-0.01259732306884785	0.0	0.003936663459014984	-0.023270055113288397	-0.01259732306884785	1500919
2023-09-06	0.01949145034110028	-0.0007973775139541367	0.025959067954283623	-0.0031009125542660453	0.01949145034110028	1643938
2023-09-07	-0.038845919874858775	-0.009298687755279337	-0.000695228991048912	-0.03971495611366988	-0.038845919874858775	1619209
2023-09-08	-0.012115732368896829	0.006148282097649249	0.016003616636528124	-0.02667269439421328	-0.012115732368896829	1551137
2023-09-11	0.016108365367014377	0.0	0.024803221673073344	-0.008603331502837378	0.016108365367014377	1359442
2023-09-12	-0.004413619167717483	0.008737164474869384	0.013150783642586993	-0.009187533777697677	-0.004413619167717483	841952
2023-09-13	0.002261829367592509	-0.004614131909888765	0.013299556681443942	-0.01836605446485118	0.002261829367592509	939352
2023-09-14	-0.02690016248420296	0.0	0.008936631160859314	-0.03303845459469215	-0.02690016248420296	1083163
2023-09-15	0.02690166975881267	0.007606679035250532	0.02690166975881267	-0.004916512059369213	0.02690166975881267	1147543
2023-09-18	-0.037308039747064224	-0.019963866305329793	-0.0028003613369467235	-0.04218608852755196	-0.037308039747064224	1469445
2023-09-19	-0.010978699446373159	0.0035657314441213256	0.008445153420287189	-0.013793750586468978	-0.010978699446373159	1170507
2023-09-20	-0.02504743833017078	-0.003795066413662293	0.002656546489563578	-0.029411764705882432	-0.02504743833017078	1159796
2023-09-21	-0.021019852082522487	-0.007395873880887555	-0.002043596730245309	-0.026080186843129686	-0.021019852082522487	1089159
2023-09-22	0.054274353876739644	0.007256461232604414	0.054274353876739644	-0.00894632206759435	0.054274353876739644	1001314
2023-09-25	-0.026965868376390718	-0.019422968131246485	-0.016688666792381634	-0.04129737884216477	-0.026965868376390718	1047127
2023-09-26	-0.01647286821705429	-0.011627906976744214	0.007848837209302347	-0.01647286821705429	-0.01647286821705429	875696
2023-09-27	0.006896551724137959	0.006699507389162629	0.009556650246305408	-0.004334975369458106	0.006896551724137959	712675
2023-09-28	0.15244618395303325	0.00782778864970643	0.19853228962817995	0.002935420743639894	0.15244618395303325	3516912
2023-10-09	-0.013839361521480688	-0.019358125318390228	-0.008320597724571268	-0.03812192222788245	-0.013839361521480688	1907711
2023-10-10	0.018252260008609474	-0.0004304778303918327	0.030133448127421435	-0.008523461041756428	0.018252260008609474	2287307
2023-10-11	0.0016064936163016634	0.0	0.007017840534370494	-0.010738141540542792	0.0016064936163016634	1545800
2023-10-12	0.020091170015195087	0.0011818335303055932	0.0339355056559177	-0.00734425122404179	0.020091170015195087	2065529
2023-10-13	-0.009433962264150948	-0.014978483945713359	-0.0034756703078450985	-0.027143330023171142	-0.009433962264150948	1466134
2023-10-16	0.006432748538011662	-0.004344193817877995	0.010776942355889657	-0.014954051796157112	0.006432748538011662	1530412
2023-10-17	-0.0029052876234746767	-0.0016601643562712944	0.012617249107661625	-0.023823358512492773	-0.0029052876234746767	1328095
2023-10-18	-0.017732267732267812	-0.007908757908757932	0.008075258075258065	-0.019730269730269766	-0.017732267732267812	1315734
2023-10-19	-0.012543435884396896	-0.004068141367912449	0.017035341978133785	-0.01686583608780401	-0.012543435884396896	1500905
2023-10-20	-0.0028323749034417497	-0.002918204445970332	0.021371556089605996	-0.005149772551712372	-0.0028323749034417497	1563210
2023-10-23	-0.009726286796350573	0.0015493200206575365	0.015579273541056878	-0.018763986916853218	-0.009726286796350573	1134234
2023-10-24	0.06953498478922208	0.01607996523250768	0.06996957844415469	0.0015645371577575561	0.06953498478922208	2097158
2023-10-25	-0.0491670052824055	-0.0004063388866314275	-0.0004063388866314275	-0.05079236082893133	-0.0491670052824055	1898897
2023-10-26	0.05991452991452996	-0.004017094017094007	0.06999999999999998	-0.01017094017094015	0.05991452991452996	2205202
2023-10-27	-0.00749939521006376	-0.003709378275945552	0.00540279009757279	-0.028465446334972996	-0.00749939521006376	1457852
2023-10-30	-0.02096197595060122	-0.016980825479363044	-0.014787130321741901	-0.05313617159571005	-0.02096197595060122	2636340
2023-10-31	0.0	0.00721991701244817	0.019087136929460558	-0.020580912863070573	0.0	1539596
2023-11-01	-0.020829875518672242	0.000414937759336076	0.028215767634854817	-0.03319502074688797	-0.020829875518672242	1665514
2023-11-02	-0.014323247732858698	0.0	0.007543012119671164	-0.014577506568353242	-0.014323247732858698	881173
2023-11-03	0.011177987962166786	0.0	0.018056749785038767	-0.0015477214101461102	0.011177987962166786	900259
2023-11-06	-0.010374149659863937	0.006802721088435471	0.010969387755102094	-0.03826530612244898	-0.010374149659863937	1517116
2023-11-07	-0.0012888812510739945	-0.0028355387523629344	0.01056882625880739	-0.012716961677264048	-0.0012888812510739945	1064028
2023-11-08	0.01720726146433795	0.006624795663770076	0.040006882904585664	8.60363073216115e-05	0.01720726146433795	2191203
2023-11-09	-0.03417068425949426	-0.002791169753869562	0.011925907130169978	-0.03577772139051005	-0.03417068425949426	1429075
2023-11-10	-0.008669760924774454	8.757334267453469e-05	0.013836588142569387	-0.016551361765478594	-0.008669760924774454	1604133
2023-11-13	0.019081272084805624	0.006890459363957607	0.026148409893992877	-0.006183745583038894	0.019081272084805624	1310963
2023-11-14	0.03051317614424407	-0.001473647711511804	0.03051317614424407	-0.008928571428571438	0.03051317614424407	1794640
2023-11-15	-0.012533647375504667	0.005131224764468367	0.005551816958277346	-0.01581426648721396	-0.012533647375504667	1087892
2023-11-16	-0.02947440156742477	0.0	0.0	-0.02947440156742477	-0.02947440156742477	866398
2023-11-17	0.007724041077854783	0.0038620205389273913	0.009830597735451507	-0.006407443166856876	0.007724041077854783	848989
2023-11-20	-0.007490636704119845	0.010364950788258843	0.023430014807072533	-0.010974653775803546	-0.007490636704119845	1337596
2023-11-21	-0.011671785870996036	-0.0013163668275559955	0.006406318560772303	-0.011671785870996036	-0.011671785870996036	886611
2023-11-22	-0.02947966613390168	-0.00017758835020431746	0.00781388740898593	-0.02947966613390168	-0.02947966613390168	944809
2023-11-23	0.016925892040256255	0.009149130832570906	0.02360475754803292	-0.0038426349496797963	0.016925892040256255	994568
2023-11-24	-0.00044984255510581526	8.996851102106077e-05	0.019883040935672457	-0.01034637876743145	-0.00044984255510581526	762800
2023-11-27	0.02484248424842489	-0.00621062106210619	0.03330333033303333	-0.007740774077407736	0.02484248424842489	962001
2023-11-28	-0.004830493588617576	0.00017565431231333234	0.005269629369400969	-0.015194098015106306	-0.004830493588617576	1020073
2023-11-29	-0.015709116582825887	-0.0027358573824022795	0.014297061159650556	-0.02021004324419739	-0.015709116582825887	1349773
2023-11-30	0.027436564153142672	0.0033174930511970283	0.027436564153142672	-0.0316506769479064	0.027436564153142672	1836156
2023-12-01	-0.03351077755476048	-0.009512173837158595	-0.004712453093638243	-0.04625185443755997	-0.03351077755476048	1626263
2023-12-04	-0.02139954853273142	-0.0031602708803611223	0.0028893905191872972	-0.028532731376975137	-0.02139954853273142	1138530
2023-12-05	-0.012732976563941645	-0.003506181952389698	0.008488651042627807	-0.012732976563941645	-0.012732976563941645	950814
2023-12-06	-0.0058878504672896775	0.007102803738317805	0.007102803738317805	-0.014018691588785047	-0.0058878504672896775	1000504
2023-12-07	0.02378490175801449	0.003854470245369903	0.026511234370593148	-0.01099934191971422	0.02378490175801449	1522057
2023-12-08	0.021854912764003632	-0.002387511478420616	0.021854912764003632	-0.014692378328742043	0.021854912764003632	2623139
2023-12-11	-0.0016175413371675668	-0.01599568655643423	-8.986340762046294e-05	-0.020219266714593818	-0.0016175413371675668	1332278
2023-12-12	-0.0039603960396039405	0.0018901890189019618	0.013771377137713783	-0.01305130513051295	-0.0039603960396039405	915302
2023-12-13	-0.015362371227182387	-0.005964214711729592	0.004608711368154755	-0.015452738116753965	-0.015362371227182387	818919
2023-12-14	-0.0011013215859029951	-0.00018355359765047743	0.01505139500734215	-0.012481644640234943	-0.0011013215859029951	853739
2023-12-15	-0.012679162072767453	0.0033076074972436553	0.012311650128629212	-0.01855935317897841	-0.012679162072767453	897676
2023-12-18	-0.021403312860599266	0.001861157640052139	0.001861157640052139	-0.024008933556672236	-0.021403312860599266	770717
2023-12-19	0.016831494864967766	0.0024724229745150734	0.019684290604792768	-0.008368200836820041	0.016831494864967766	857107
2023-12-20	-0.00776208734686255	0.009632469840082173	0.009725988964743216	-0.008603759468811388	-0.00776208734686255	577508
2023-12-21	0.0037700282752121178	-0.007540056550424102	0.006126295947219658	-0.013195098963242145	0.0037700282752121178	629461
2023-12-22	-0.014084507042253521	0.005258215962441336	0.005258215962441336	-0.015962441314554016	-0.014084507042253521	660361
2023-12-25	-0.009523809523809525	-0.00371428571428572	0.009523809523809525	-0.013333333333333388	-0.009523809523809525	504719
2023-12-26	-0.03596153846153841	-0.004807692307692308	-9.615384615389535e-05	-0.0575961538461538	-0.03596153846153841	1383356
2023-12-27	0.025234390584480362	0.005784959106323541	0.03610612407739867	0.003091960901655576	0.025234390584480362	1093615
2023-12-28	0.007393715341959246	-0.0047670006810001855	0.01527385932483698	-0.017414145344877965	0.007393715341959246	1514185
2023-12-29	0.008305166586190241	0.0	0.02076291646547567	-0.018734910671173326	0.008305166586190241	1810897
2024-01-02	-0.024997605593333968	0.0027775117325927233	0.0027775117325927233	-0.025955368259745176	-0.024997605593333968	1024890
2024-01-03	-0.004518664047151216	-0.0014734774066796805	0.010805500982318356	-0.01866404715127693	-0.004518664047151216	1073491
2024-01-04	-0.011150582198539665	-0.0016775212157095095	0.004539175054272683	-0.017071245312808406	-0.011150582198539665	608431
2024-01-05	-0.01407045205069351	0.007683863885839839	0.009879253567508324	-0.017064165252968704	-0.01407045205069351	612341
2024-01-08	-0.029655870445344054	-0.008097165991902806	0.011133603238866483	-0.031072874493927056	-0.029655870445344054	938065
2024-01-09	-0.01950558047355799	0.00198185042244704	0.013872952957129427	-0.02565974757484101	-0.01950558047355799	964426
2024-01-10	0.014893617021276655	0.021170212765957392	0.05893617021276602	0.014893617021276655	0.014893617021276655	1588079
2024-01-11	0.00911949685534581	-0.0001048218029350641	0.018343815513626835	-0.008595387840670937	0.00911949685534581	1062729
2024-01-12	-0.002804612028669326	0.0014542432741248632	0.0166199231328556	-0.0033239846265710315	-0.002804612028669326	778967
2024-01-15	0.005000000000000042	-0.009583333333333352	0.020625000000000043	-0.016250000000000025	0.005000000000000042	747111
2024-01-16	0.004042288557213936	-0.002072968490878968	0.024875621890547175	-0.015339966832504187	0.004042288557213936	974645
2024-01-17	-0.04924125116135036	-0.005264787860018634	0.0012387736141219194	-0.04924125116135036	-0.04924125116135036	1335501
2024-01-18	0.005754614549402836	-0.00347448425624314	0.009554831704668944	-0.026492942453854484	0.005754614549402836	1240123
2024-01-19	-0.003562560725466893	0.0009716074705819218	0.02072762603908023	-0.004750080967289191	-0.003562560725466893	1033197
2024-01-22	-0.05417118093174431	-0.002166847237269803	0.003466955579631716	-0.05579631635969655	-0.05417118093174431	1279439
2024-01-23	0.04753722794959915	0.0008018327605957318	0.05899198167239411	0.0	0.04753722794959915	1597566
2024-01-24	-0.01257517769272833	0.007873154729360293	0.01137233460907591	-0.03324220885729914	-0.01257517769272833	1153625
2024-01-25	0.03322259136212625	0.0	0.036655592469545986	-0.012181616832779562	0.03322259136212625	1273735
2024-01-26	-0.11682743837084664	-0.054662379421221804	-0.054662379421221804	-0.12400857449088953	-0.11682743837084664	3723502
2024-01-29	-0.01929611650485441	-0.00012135922330103295	0.04344660194174755	-0.021844660194174893	-0.01929611650485441	2240753
2024-01-30	-0.03452543002103708	-0.004826135379284749	0.006063605989357689	-0.03477292414305163	-0.03452543002103708	1356103
2024-01-31	-0.006408613176108691	-0.014867982568572118	0.021404768008203047	-0.016021532940271727	-0.006408613176108691	1598537
2024-02-01	0.003611971104231181	-0.0038699690402476416	0.03005675954592361	-0.03237874097007212	0.003611971104231181	1626277
2024-02-02	-0.04832904884318755	0.008997429305912633	0.008997429305912633	-0.07750642673521853	-0.04832904884318755	1872544
2024-02-05	-0.01404646137223131	-0.00054024851431667	0.009454349000540095	-0.07077255537547283	-0.01404646137223131	2078740
2024-02-06	0.09547945205479451	0.0136986301369863	0.09547945205479451	-0.022602739726027474	0.09547945205479451	2452562
2024-02-07	0.07577841690633991	-0.007127672877328913	0.08390646492434672	-0.00800300112542204	0.07577841690633991	3297020
2024-02-08	0.01383238405207483	-0.006160641636638395	0.08845751482041148	-0.00650935720097643	0.01383238405207483	2451476
2024-02-19	-0.0057326301307039675	0.033593212565925325	0.0374914010548039	-0.0254528777803256	-0.0057326301307039675	2228136
2024-02-20	-0.010608856088560905	-0.007264760147601424	-0.0013837638376384288	-0.02559963099630995	-0.010608856088560905	1336279
2024-02-21	0.005827505827505828	-0.0038461538461538264	0.02855477855477859	-0.012703962703962745	0.005827505827505828	1708247
2024-02-22	-0.008111239860950206	0.004403244495944492	0.006952491309385962	-0.018539976825028903	-0.008111239860950206	1803287
2024-02-23	0.008878504672897256	0.014018691588785081	0.014018691588785081	-0.017640186915887746	0.008878504672897256	1768470
2024-02-26	0.0061371005094951496	0.002200092635479362	0.016211208893006087	-0.007989810097267227	0.0061371005094951496	1995383
2024-02-27	0.05823454943031422	-0.00943721947289685	0.06019104615030503	-0.0113937161928875	0.05823454943031422	2781213
2024-02-28	-0.053289831430125126	-0.0018488308863512963	0.00413268080478516	-0.05448613376835242	-0.053289831430125126	2590619
2024-02-29	0.12843193566915573	0.039632395175186706	0.12843193566915573	0.03618609994256181	0.12843193566915573	4652360
2024-03-01	-0.02015677491601348	-0.012521632902372024	0.003155858698971824	-0.04122976687366382	-0.02015677491601348	3569112
2024-03-04	0.0037402597402597343	-0.0024935064935064405	0.016935064935064886	-0.01818181818181818	0.0037402597402597343	2385698
2024-03-05	-0.025463202567021982	-0.0009315805817203541	-0.00020701790704891855	-0.03105268605734396	-0.025463202567021982	2106932
2024-03-06	0.0009559214020179415	-0.0002124269782263434	0.018374933616569195	-0.0218799787573022	0.0009559214020179415	1770898
2024-03-07	-0.011778438030560267	0.008064516129032313	0.04223259762309003	-0.012308998302207096	-0.011778438030560267	2015741
2024-03-08	-0.00483195533125726	0.0015032749919467474	0.026522065929346063	-0.005690969612369818	-0.00483195533125726	2758780
2024-03-11	0.024816573154941703	-0.007337073802330673	0.027298230470435766	-0.01575312904618049	0.024816573154941703	2065325
2024-03-12	0.003158559696778239	0.0002105706464518427	0.022320488523899666	-0.0032638450200042353	0.003158559696778239	1460196
2024-03-13	-0.010075566750629806	0.009865659109991579	0.01679261125104948	-0.012804366078925261	-0.010075566750629806	1334172
2024-03-14	-0.01261662425784561	-0.009754028837998172	0.0023324851569127766	-0.027035623409669182	-0.01261662425784561	1211177
2024-03-15	-0.0028991731987543868	0.0027917964136154314	0.0028991731987545394	-0.020616342746698182	-0.0028991731987543868	1417194
2024-03-18	0.0008615119534783361	-0.0006461339651087904	0.0036614258022830432	-0.029722162395003287	0.0008615119534783361	2428877
2024-03-19	-0.027221863567893276	0.0	0.0019367333763719262	-0.027329459866580506	-0.027221863567893276	1835158
2024-03-20	-0.00011060723371298425	-0.0033182170113925137	0.011171330605021625	-0.005751576153080367	-0.00011060723371298425	1139355
2024-03-21	0.029092920353982248	0.01780973451327433	0.05420353982300875	0.001991150442477794	0.029092920353982248	3836918
2024-03-22	0.01279157261098568	-0.00032247662044502997	0.050306352789422686	-0.00032247662044502997	0.01279157261098568	4286372
2024-03-25	-0.06601570791763955	-0.00021226915729140333	-0.00021226915729140333	-0.07652303120356606	-0.06601570791763955	4083129
2024-03-26	-0.01818181818181812	0.001704545454545519	0.018863636363636326	-0.02488636363636361	-0.01818181818181812	2316372
2024-03-27	-0.030324074074074125	-0.0005787037037038353	0.006365740740740707	-0.03159722222222227	-0.030324074074074125	1733425
2024-03-28	0.0099068990212461	0.0027452852709477678	0.03222726187634284	0.0027452852709477678	0.0099068990212461	1765180
2024-03-29	0.025883465311428884	-0.006027656305401313	0.03982980735137696	-0.00862782177047635	0.025883465311428884	1689935
2024-04-01	0.005299539170507004	0.011059907834101474	0.018087557603686723	0.0	0.005299539170507004	1218863
2024-04-02	-0.017877607151042887	-0.006876002750401198	-0.0009168003667201271	-0.03013981205592493	-0.017877607151042887	1341658
2024-04-03	-0.012252042007001133	-0.004550758459743297	0.013302217036172702	-0.014585764294049008	-0.012252042007001133	1384998
2024-04-08	-0.021854695806261173	-0.00023626698168942978	0.0204370939161251	-0.024808033077377535	-0.021854695806261173	1317627
2024-04-09	0.002415458937198102	-0.009178743961352548	0.006038647342995169	-0.01425120772946851	0.002415458937198102	1293006
2024-04-10	-0.02662650602409631	0.0	0.008313253012048166	-0.02951807228915666	-0.02662650602409631	1063165
2024-04-11	-0.012006436440153645	-0.003589553162520191	0.00928332714444857	-0.017328877336304067	-0.012006436440153645	1075289
2024-04-12	-0.010022550739163083	0.002255073916311787	0.01202706088699584	-0.011400651465798004	-0.010022550739163083	878131
2024-04-15	0.036573019488737035	0.0122753733232093	0.054036952670210206	0.006200961781827501	0.036573019488737035	1898586
2024-04-16	-0.0242949578806006	0.0015871078012453872	0.011598095470638541	-0.027591258698571493	-0.0242949578806006	1684638
2024-04-17	0.03691191191191195	0.012762762762762713	0.03691191191191195	-0.009009009009008995	0.03691191191191195	1773200
2024-04-18	-0.01049837094244002	-0.008084952334982522	0.0077229395438638895	-0.01460118257511775	-0.01049837094244002	1395038
2024-04-19	-0.051463414634146325	-0.011097560975609714	-0.0031707317073171354	-0.051463414634146325	-0.051463414634146325	1700704
2024-04-22	0.04024170737978909	-0.006171252249935767	0.04782720493700179	-0.009771149395731616	0.04024170737978909	1734555
2024-04-23	0.00568532937832169	0.0027190705722407475	0.019404276356445524	-0.00877518230132238	0.00568532937832169	1205978
2024-04-24	0.0036868624800294597	0.0007373724960059269	0.01695956740813562	-0.004178444144033469	0.0036868624800294597	1401688
2024-04-25	-0.0028162115832007346	0.0028162115832007346	0.013591281988490259	-0.012244398187829068	-0.0028162115832007346	1063027
2024-04-26	0.03634577603143428	0.0004911591355599982	0.037205304518664065	-0.005402750491159108	0.03634577603143428	1887176
2024-04-29	-0.006042654028436079	-0.04028436018957352	0.004739336492890894	-0.04822274881516596	-0.006042654028436079	3110621
2024-04-30	-0.022410299201335027	-0.004291333889617349	0.005960185957801884	-0.02443676242698769	-0.022410299201335027	1808121
2024-05-06	0.008535544445799154	0.017314961590050013	0.022924033654432328	-0.0019509815876113984	0.008535544445799154	1600360
2024-05-07	-0.03820577922863012	-0.004352557127312289	0.0009672349171806615	-0.04485551928424609	-0.03820577922863012	2308832
2024-05-08	-0.015839094908862237	-0.006913890634820832	0.008799497171590231	-0.018478944060339394	-0.015839094908862237	1524555
2024-05-09	0.028228381657938353	-0.0001277302337463931	0.04061821433133213	-0.0001277302337463931	0.028228381657938353	1973261
2024-05-10	-0.03291925465838516	0.0006211180124223249	0.004968944099378952	-0.03602484472049697	-0.03291925465838516	2119826
2024-05-13	-0.01233140655105965	-0.0057803468208091026	0.009120102761721361	-0.01785484906872191	-0.01233140655105965	1213029
2024-05-14	0.009494082455455898	0.014956431265444214	0.024450513720899927	-0.00013005592404740688	0.009494082455455898	1166531
2024-05-15	-0.02009791290904409	-0.0015459933006957555	0.004766812677144941	-0.025895387786652988	-0.02009791290904409	1094634
2024-05-16	0.023139626610570483	0.012095713910071018	0.023139626610570483	-0.00407572968708917	0.023139626610570483	1233227
2024-05-17	0.015548702133127834	-0.009894628630172143	0.01747622719095366	-0.015034695451040704	0.015548702133127834	1165999
2024-05-20	-0.00733898519549536	-0.0016449449576109762	0.01898013412628116	-0.011894217385802831	-0.00733898519549536	1421194
2024-05-21	-0.005226258763543615	-0.00471637985978336	0.0042065009560229225	-0.010070108349267129	-0.005226258763543615	887006
2024-05-22	0.0057662737057917555	0.0066632496155817015	0.009994874423372461	-0.009482316760635687	0.0057662737057917555	947566
2024-05-23	-0.012613071728882597	-0.00012740476493809284	0.008281309720983638	-0.012613071728882597	-0.012613071728882597	1046652
2024-05-24	-0.033806451612903285	0.0	0.003612903225806466	-0.03393548387096768	-0.033806451612903285	1119663
2024-05-27	0.028178418803418797	0.003338675213675214	0.030582264957265043	-0.030849358974359007	0.028178418803418797	1703104
2024-05-28	-0.01155994284972075	0.0011689829848032657	0.0231198856994415	-0.01155994284972075	-0.01155994284972075	1722743
2024-05-29	-0.018002628120893434	0.00039421813403418056	0.007884362680683423	-0.021287779237844816	-0.018002628120893434	1306063
2024-05-30	0.010303760203398848	-0.0076274588518668186	0.019670814933761525	-0.011641910879165053	0.010303760203398848	1934531
2024-05-31	0.005562913907284791	-0.00013245033112589558	0.007947019867549594	-0.010066225165562982	0.005562913907284791	1634074
2024-06-03	0.03635405690200218	0.008956796628029408	0.04978925184404638	0.008693361433087415	0.03635405690200218	3328773
2024-06-04	0.004321301474326248	0.016141331977630857	0.016141331977630857	-0.014997458057956364	0.004321301474326248	1687153
2024-06-05	0.008605416350291153	-0.00025310048089086334	0.02214629207795495	-0.004555808656036439	0.008605416350291153	2100140
2024-06-06	-0.010037641154328697	0.004265997490589754	0.02245922208281044	-0.010037641154328697	-0.010037641154328697	1990755
2024-06-07	0.008111533586818764	0.004562737642585544	0.02458808618504433	-0.003422053231939293	0.008111533586818764	1725923
2024-06-11	0.039351269801357745	0.002137289414131097	0.03972843852149857	-0.0003771687201408239	0.039351269801357745	3353766
2024-06-12	0.013668803677271022	0.003991774525220737	0.027216644490141526	-0.005685254626829549	0.013668803677271022	3622571
2024-06-13	0.038782816229116945	0.014200477326968946	0.06622911694510737	0.014200477326968946	0.038782816229116945	5042269
2024-06-14	-0.04882251579551982	-0.004595060310166473	-0.0019529006318208123	-0.04882251579551982	-0.04882251579551982	5428936
2024-06-17	0.031159420289855053	0.009420289855072478	0.043115942028985596	0.002415458937198102	0.031159420289855053	2950195
2024-06-18	0.0029280862028578125	0.0	0.01428906066994611	-0.0069102834387443106	0.0029280862028578125	2033902
2024-06-19	-0.008758612635758497	0.00607263809412601	0.01284596519911256	-0.023122737358402312	-0.008758612635758497	1622231
2024-06-20	0.0038878416588124212	0.0014137606032045777	0.03204524033930253	-0.0044769085768142725	0.0038878416588124212	2055824
2024-06-21	0.012674568712592567	-0.00833235535735235	0.01901185306888868	-0.02593592301373071	0.012674568712592567	1908565
2024-06-24	-0.0314057248812146	-0.0062579673195040705	0.014022482327036663	-0.032912272569243284	-0.0314057248812146	2001823
2024-06-25	-0.040440296721703704	0.005025125628140724	0.0059822924144532184	-0.049294089495094576	-0.040440296721703704	1727041
2024-06-26	0.01184538653366587	0.004738154613466277	0.017456359102244284	-0.008104738154613537	0.01184538653366587	1588978
2024-06-27	0.014664202094885984	-0.004682686383241031	0.02267406038200849	-0.02144177449168218	0.014664202094885984	2059682
2024-06-28	0.026354141365071675	-0.009958707796939609	0.02987612339081848	-0.01590964294389121	0.026354141365071675	1661656
2024-07-01	0.00828304342681326	0.00425985090521831	0.017631049579931307	-0.023784167554135663	0.00828304342681326	1344844
2024-07-02	-0.006924069944842028	0.0	0.013848139889684391	-0.013730782771974974	-0.006924069944842028	1013588
2024-07-03	0.037225242259513014	-0.00437248877333969	0.03970692507681398	-0.012290238714252022	0.037225242259513014	1553732
2024-07-04	-0.007747521932323033	-0.0007975390224449491	0.012760624359120482	-0.011051612168166787	-0.007747521932323033	1386438
2024-07-05	-0.013319554483867225	0.004592949822023096	0.004707773567573735	-0.03835113101389371	-0.013319554483867225	1567576
2024-07-08	0.0020947282671941415	0.0005818689631094746	0.0265332247177934	-0.005004073082741846	0.0020947282671941415	1414862
2024-07-09	0.032284287539194066	-0.00011613053071658479	0.03658111717570556	-0.001509696899314777	0.032284287539194066	1570308
2024-07-10	-0.02182472719091009	0.006637417032287134	0.006637417032287134	-0.022162222972212833	-0.02182472719091009	1174913
2024-07-11	0.01219091431857392	0.010925819436457767	0.021276595744680785	-0.006555491661874725	0.01219091431857392	1349075
2024-07-12	0.008976252698556892	-0.0024997159413702856	0.016361777070787384	-0.017157141233950745	0.008976252698556892	1038708
2024-07-15	0.017229729729729745	0.003040540540540496	0.028378378378378335	0.0022522522522522843	0.017229729729729745	1161965
2024-07-16	0.0042067972987932635	-0.005203144027454875	0.004981733643307903	-0.01893058784456984	0.0042067972987932635	1424061
2024-07-17	0.019733215742476093	-0.003968691434240982	0.02800132289714482	-0.018741042883915652	0.019733215742476093	2041951
2024-07-18	0.015459459459459533	-0.010594594594594638	0.02291891891891897	-0.017513513513513563	0.015459459459459533	1949142
2024-07-19	-0.00979452783988078	-0.00979452783988078	0.006068348770360834	-0.02267646119450665	-0.00979452783988078	1771774
2024-07-22	0.021395548865713307	0.008278679711858897	0.021395548865713307	-0.0023653370605311135	0.021395548865713307	1692699
2024-07-23	-0.059368421052631584	-0.0002105263157894318	0.005263157894736842	-0.06315789473684211	-0.059368421052631584	1770843
2024-07-24	-0.026410026857654426	0.0	0.0049239033124440215	-0.035586392121754615	-0.026410026857654426	1544448
2024-07-25	-0.009425287356321761	-0.011264367816092	0.006436781609195428	-0.014482758620689713	-0.009425287356321761	921460
2024-07-26	0.01879786493385925	0.0030169412856810266	0.02761661638431185	-0.0015084706428406783	0.01879786493385925	836968
2024-07-29	-0.010592255125284654	0.0022779043280182557	0.02482915717539871	-0.01469248291571745	-0.010592255125284654	1085452
2024-07-30	0.02371359502705194	0.0012662599286289793	0.028318176585702702	-0.02900886381950052	0.02371359502705194	1240369
2024-07-31	0.02102777465422231	-0.010795007309119621	0.025525694366355513	-0.010907455301923007	0.02102777465422231	1831696
2024-08-01	0.013215859030837036	-0.0039647577092510955	0.026431718061674072	-0.0064977973568282315	0.013215859030837036	1619654
2024-08-02	-0.025978260869565225	-0.016304347826086956	0.005326086956521684	-0.02728260869565223	-0.025978260869565225	1192234
2024-08-05	-0.03292043298738983	-0.0071420600379422	0.004352192835621031	-0.033813190492132585	-0.03292043298738983	1244866
2024-08-06	0.017193630279252355	0.017424417262866435	0.023540272328640737	-0.0004615739672281565	0.017193630279252355	845299
2024-08-07	0.03550765740215536	-0.004310833806012588	0.06057855927396471	-0.009075439591605347	0.03550765740215536	1797474
2024-08-08	0.05828220858895698	0.040644171779141036	0.07361963190184048	0.017528483786152436	0.05828220858895698	3663305
2024-08-09	-0.011076604554865354	0.0217391304347827	0.02484472049689447	-0.014699792960662397	-0.011076604554865354	1910876
2024-08-12	-0.014027007222861964	-0.009735161729299767	0.0233434523186434	-0.01810949439966507	-0.014027007222861964	1515056
2024-08-13	0.0002123367661110099	0.008387302261386625	0.012103195668329977	-0.024312559719715385	0.0002123367661110099	1575644
2024-08-14	-0.020167710434136413	0.007111771574142891	0.01369281392633485	-0.02027385627852666	-0.020167710434136413	1005628
2024-08-15	0.004766547502979068	0.007041490629400839	0.012999675008124828	-0.0086664500054165	0.004766547502979068	1433321
2024-08-16	-0.01272237196765506	0.018760107816711537	0.018760107816711537	-0.014339622641509415	-0.01272237196765506	825968
2024-08-19	-0.0018565032215789835	0.00502347930544947	0.010702195042044381	-0.015944086491208844	-0.0018565032215789835	979969
2024-08-20	-0.01849015317286665	0.003610503282275692	0.006564551422319412	-0.020459518599562413	-0.01849015317286665	698512
2024-08-21	-0.010032326385018298	-0.001226173224835575	0.016609073681863887	-0.01872700925203425	-0.010032326385018298	1048993
2024-08-22	-0.0034905979056412823	0.00011259993243993813	0.01148519310888409	-0.013399391960364798	-0.0034905979056412823	687440
2024-08-23	-0.005649717514124294	0.004293785310734412	0.004293785310734412	-0.02598870056497172	-0.005649717514124294	928634
2024-08-26	-0.002727272727272669	-0.00034090909090910384	0.017954545454545435	-0.006818181818181754	-0.002727272727272669	830294
2024-08-27	-0.005241567912488696	-0.0035323609845032164	0.011850501367365452	-0.009343664539653684	-0.005241567912488696	678552
2024-08-28	0.015578465063001139	0.0012600229095074392	0.017869415807560164	-0.001603665521191301	0.015578465063001139	874661
2024-08-29	0.004060455673358893	-0.004398826979472147	0.01883600270697047	-0.008684863523573156	0.004060455673358893	851009
2024-08-30	0.027634239496742395	-0.003033026286227769	0.028982251179510206	-0.003033026286227769	0.027634239496742395	1765430
2024-09-02	-0.05662439877568875	-0.008526453869698306	-0.003498032356799381	-0.05706165282028857	-0.05662439877568875	1347042
2024-09-03	-0.03348783314020858	-0.0028968713789107765	0.0112398609501738	-0.036037079953650054	-0.03348783314020858	1351347
2024-09-04	0.003476801342764732	-0.007433161491427771	0.01906246253446833	-0.01930224193741757	0.003476801342764732	989474
2024-09-05	-0.0032258064516128555	0.012544802867383478	0.016606929510155324	-0.016726403823178086	-0.0032258064516128555	882995
2024-09-06	-0.014023732470334432	0.0	0.017020256502456997	-0.014742898238043915	-0.014023732470334432	623294
2024-09-09	-0.003160709944079809	-0.004376367614879643	0.014344760515438761	-0.012885971310478996	-0.003160709944079809	591514
2024-09-10	0.011097560975609714	0.00024390243902434173	0.01560975609756099	-0.001829268292682996	0.011097560975609714	571121
2024-09-11	-0.0010855144132191944	-0.009769629718972408	0.0071161500422144905	-0.013388011096369551	-0.0010855144132191944	627655
2024-09-12	-0.012195121951219403	0.0036223134508574185	0.007123883120019361	-0.012315865732914709	-0.012195121951219403	537057
2024-09-13	0.00024446889133352914	-0.0022002200220022834	0.020779855763354147	-0.0037892678156704837	0.00024446889133352914	878669
2024-09-18	-0.007698887938408841	0.006110228522546743	0.01955273127214968	-0.01845289013809123	-0.007698887938408841	765996
2024-09-19	-0.004187192118226643	0.008374384236453111	0.01748768472906406	-0.012807881773399091	-0.004187192118226643	909591
2024-09-20	-0.009151620084095905	0.0019787286668315187	0.006183527083848627	-0.014098441751174877	-0.009151620084095905	668079
2024-09-23	-0.030703944083874286	0.00024962556165746404	0.007114328507239056	-0.03632051922116838	-0.030703944083874286	1293539
2024-09-24	0.04880247231522027	0.005794488797321695	0.05446819469482364	0.004378058202420852	0.04880247231522027	1273333
2024-09-25	0.003683241252301991	0.012891344383057056	0.029834254143646318	0.001596071209330822	0.003683241252301991	1246054
2024-09-26	0.034495412844036615	-0.0017125382262997012	0.03718654434250772	-0.01651376146788984	0.034495412844036615	1253265
2024-09-27	0.06397067518032412	0.020219936147570155	0.0642071656615822	0.017618540853730748	0.06397067518032412	945008
2024-09-30	0.17237163814180917	0.05834629917759502	0.17581684818848625	0.044676594798844144	0.17237163814180917	3368362
2024-10-08	0.20001895914304682	0.20001895914304682	0.20001895914304682	0.13868613138686142	0.20001895914304682	5297892
2024-10-09	0.0030018168891697244	7.899518129386922e-05	0.10585354293388108	-0.05039892566553448	0.0030018168891697244	6928709
2024-10-10	-0.04000945105142946	0.031739781050641895	0.03410254390800987	-0.0812002835315429	-0.04000945105142946	4600620
2024-10-11	-0.062269259168102414	-0.005578800557880112	0.005086553449831853	-0.09754696857822627	-0.062269259168102414	3108559
2024-10-14	0.017060367454068266	0.0398950131233596	0.0398950131233596	-0.050743657042869615	0.017060367454068266	2913242
2024-10-15	-0.03561290322580646	-0.002322580645161256	0.014709677419354784	-0.036989247311827934	-0.03561290322580646	2494688
2024-10-16	-0.04022834715904027	-0.035590045491035546	-0.003211131924003206	-0.043796271519043764	-0.04022834715904027	1923210
2024-10-17	-0.024907063197025955	0.007899628252788183	0.01998141263940526	-0.02583643122676581	-0.024907063197025955	2330068
2024-10-18	0.08091879527258859	-0.003049942813572316	0.15792985131528778	-0.008196721311475405	0.08091879527258859	4849202
2024-10-21	0.02222026276342483	0.017899656114981052	0.08006348646503834	-0.020280398553919384	0.02222026276342483	5328296
2024-10-22	-0.04080048305011648	-0.01233502975933759	-0.008022082291037753	-0.05348054860691799	-0.04080048305011648	3352321
2024-10-23	-0.020503597122302167	-0.010611510791366968	0.006115107913668998	-0.029586330935251853	-0.020503597122302167	3149332
2024-10-24	-0.011935365405802397	-0.007803892765332432	0.006151303709144342	-0.020381931692985668	-0.011935365405802397	2266258
2024-10-25	0.013473332094406138	0.003995539862479024	0.0328005946850028	-0.008548596915071564	0.013473332094406138	3182391
2024-10-28	-0.009810213624277924	0.0	0.0011918951132301244	-0.021270743559182115	-0.009810213624277924	2272827
2024-10-29	-0.023148148148148147	-0.0093518518518519	0.009259259259259259	-0.02444444444444445	-0.023148148148148147	2540401
2024-10-30	-0.009383886255924121	-0.00540284360189567	0.01232227488151656	-0.018009478672985836	-0.009383886255924121	2040819
2024-10-31	0.02009377093101133	0.00775045450196142	0.031384556501770175	-0.006793608267151544	0.02009377093101133	3364037
2024-11-01	-0.039302129256167315	-0.012756777037801327	0.0004689991558014929	-0.03948972891848789	-0.039302129256167315	2892103
2024-11-04	0.024897480960749827	0.0007810974419058611	0.03739504003124388	-0.005272407732864736	0.024897480960749827	2183911
2024-11-05	0.0393445746403734	-0.004382204439363568	0.0393445746403734	-0.009050204820424911	0.0393445746403734	3928059
2024-11-06	-0.006782768102658065	0.0005499541704858137	0.03116406966086165	-0.019248395967002698	-0.006782768102658065	4301159
2024-11-07	0.039128829826504195	-0.007013658176448921	0.03986710963455156	-0.009782207456626082	0.039128829826504195	3178493
2024-11-08	0.02735346358792196	0.040852575488454786	0.08969804618117237	0.0246891651865009	0.02735346358792196	5728102
2024-11-11	0.06327800829875513	0.019190871369294593	0.07710926694329173	0.013744813278008205	0.06327800829875513	6371615
2024-11-12	-0.04048780487804881	-0.008130081300813009	0.0052032520325203295	-0.048699186991869876	-0.04048780487804881	4465867
2024-11-13	0.0019488222335197762	-0.008049483138451134	0.0199118793424844	-0.012963904422979166	0.0019488222335197762	3029578
2024-11-14	-0.03145877378435517	-0.010570824524312896	0.014376321353065564	-0.0358562367864693	-0.03145877378435517	2621717
2024-11-15	-0.052300707238278135	-0.0029686545010041334	0.008469396664629345	-0.053435781018073905	-0.052300707238278135	2776694
2024-11-18	0.005896443707388986	0.0	0.03639211350654126	-0.010963700018426496	0.005896443707388986	2639543
2024-11-19	0.050100751053306455	0.005861879465103374	0.05330646638578487	0.0015570617329180023	0.050100751053306455	2658135
2024-11-20	0.0013083296990840949	-0.00043610989969482223	0.01744439598778892	-0.014391626689925911	0.0013083296990840949	2208761
2024-11-21	-0.0016550522648083425	-0.006968641114982554	0.022212543554006946	-0.010452961672473893	-0.0016550522648083425	2066610
2024-11-22	-0.02373265858127562	0.00226856295262198	0.024081668266294435	-0.03402844428932908	-0.02373265858127562	2593229
2024-11-25	-0.0005362409509339733	0.0009831084100455753	0.027795155956743225	-0.023147734381982334	-0.0005362409509339733	2045085
2024-11-26	-0.028436018957345904	0.0007153715460967388	0.0120718948403828	-0.02906196906018063	-0.028436018957345904	1781484
2024-11-27	0.01279337321675104	-0.0013805798435343366	0.017027151403589454	-0.01969627243442246	0.01279337321675104	2112994
2024-11-28	0.009723736822973401	0.0044529262086513526	0.03407851690294438	-0.003544165757906221	0.009723736822973401	2183739
2024-11-29	0.043920439204392	0.00522005220052199	0.04725047250472505	-0.0032400324003239982	0.043920439204392	2768343
2024-12-02	-0.002931287179929211	0.005000431071644093	0.005086645400465587	-0.015432364859039505	-0.002931287179929211	2360138
2024-12-03	-0.013229571984435806	0.0029399048854300835	0.011673151750972713	-0.022049286640726428	-0.013229571984435806	2224726
2024-12-04	-0.019102698913424525	0.014721345951629798	0.0191026989134244	-0.022169645986680697	-0.019102698913424525	2223759
2024-12-05	-0.010720028586742923	-0.005717348579596217	-0.0012506700017866764	-0.024388065034840128	-0.010720028586742923	1605753
2024-12-06	0.017247607007404832	-0.006501715730539994	0.020317861657937513	-0.015712479682138295	0.017247607007404832	1805315
2024-12-09	-0.02077230359520642	-0.005770084332001825	0.008344429649356394	-0.02432312472259218	-0.02077230359520642	1485472
2024-12-10	0.008068171516634942	0.043423080409754254	0.052488441664400254	0.0031728764391260474	0.008068171516634942	2269320
2024-12-11	0.022392086330935205	0.0008992805755395172	0.041906474820143855	-0.0017985611510791622	0.022392086330935205	2390347
2024-12-12	-0.01583252704723368	0.007124637171255188	0.007124637171255188	-0.02357287360365901	-0.01583252704723368	1712758
2024-12-13	-0.03342568594154969	-0.0034855661810706995	-0.0034855661810706995	-0.03342568594154969	-0.03342568594154969	2359745
2024-12-16	-0.026537216828479007	-0.008599167822468856	-0.0007397133610727	-0.03365695792880259	-0.026537216828479007	1688735
2024-12-17	0.001424772036474218	-0.0020896656534954297	0.009118541033434591	-0.006458966565349609	0.001424772036474218	1174826
2024-12-18	0.0006639476429858026	0.019539030636441128	0.019539030636441128	-0.0002845489898510968	0.0006639476429858026	1388990
2024-12-19	-0.005213270142180068	-0.01232227488151656	0.007488151658767832	-0.01232227488151656	-0.005213270142180068	1654000
2024-12-20	0.011719866603144393	-0.004287756074321132	0.027060505002382117	-0.007527393997141555	0.011719866603144393	2846459
2024-12-23	-0.02053117347899799	-0.00169523450744026	0.005368242606893889	-0.026841213034469846	-0.02053117347899799	2320860
2024-12-24	0.018653846153846132	0.018942307692307682	0.019615384615384677	-0.005384615384615406	0.018653846153846132	1747016
2024-12-25	-0.022937511799131515	-0.008400981687747788	0.004153294317538208	-0.0313384934868793	-0.022937511799131515	1875205
2024-12-26	0.008404985025601297	-9.660902328282403e-05	0.017776060284030424	-0.0024152255820693654	0.008404985025601297	1614626
2024-12-27	0.0032573289902280457	0.0059398352174746556	0.028453726767579988	-0.0035447403717186275	0.0032573289902280457	2533906
2024-12-30	-0.006398013750954944	-0.006779984721161132	0.005061115355233013	-0.01757066462948819	-0.006398013750954944	1831988
2024-12-31	-0.038923594425756824	0.004517059106198932	0.007015857760692013	-0.038923594425756824	-0.038923594425756824	1744019
