2022-08-24	-0.03296703296703297	0.007142857142857205	0.013736263736263736	-0.042637362637362584	-0.03296703296703297	6318546
2022-08-25	-0.01937499999999998	0.010795454545454579	0.016931818181818124	-0.06812500000000005	-0.01937499999999998	6960698
2022-08-26	-0.017903702416130735	-0.02653687930934592	0.0342430036502694	-0.0439770554493308	-0.017903702416130735	5311867
2022-08-29	0.02595870206489679	-0.016755162241887927	0.029498525073746312	-0.019469026548672632	0.02595870206489679	3454472
2022-08-30	0.017826336975273114	-0.010638297872340392	0.02374928119608968	-0.018976423231742444	0.017826336975273114	3534865
2022-08-31	-0.02824858757062147	-0.003107344632768426	0.005649717514124294	-0.0479661016949153	-0.02824858757062147	2986030
2022-09-01	-0.055232558139534885	-0.005755813953488425	-0.0029651162790697147	-0.055232558139534885	-0.055232558139534885	4675153
2022-09-02	0.028923076923076853	-0.003076923076923077	0.04584615384615378	-0.003076923076923077	0.028923076923076853	3210110
2022-09-05	-0.025119617224880316	0.024940191387559905	0.05083732057416268	-0.025119617224880316	-0.025119617224880316	3467294
2022-09-06	-0.024539877300613498	-0.009202453987730062	-0.005521472392638072	-0.049079754601226995	-0.024539877300613498	4314756
2022-09-07	0.0025157232704402874	-0.010691823899370997	0.027610062893081676	-0.010691823899370997	0.0025157232704402874	2858251
2022-09-08	-0.015056461731493134	0.0026976160602258897	0.013174404015056426	-0.020639899623588406	-0.015056461731493134	1505945
2022-09-09	0.09554140127388536	0.006369426751592357	0.1022292993630574	0.006369426751592357	0.09554140127388536	4080671
2022-09-13	-0.040697674418604654	-0.009883720930232492	0.006976744186046446	-0.04255813953488368	-0.040697674418604654	2419196
2022-09-14	0.05563636363636368	-0.00909090909090909	0.07078787878787883	-0.011454545454545372	0.05563636363636368	2640578
2022-09-15	-0.031232058789757707	0.0047651854403489725	0.00889884028016984	-0.043058904581467446	-0.031232058789757707	1891386
2022-09-16	0.019319663387459943	0.0015408320493065716	0.03330567737347401	-0.010193196633874593	0.019319663387459943	1969877
2022-09-19	-0.038953488372092955	0.0	0.005813953488372093	-0.046569767441860414	-0.038953488372092955	1248467
2022-09-20	0.0037507562008468	0.00024198427102233537	0.020326678765880127	-0.010647307924984991	0.0037507562008468	894114
2022-09-21	0.006268081002893084	-0.008739151398264157	0.017839922854387708	-0.023625843780134933	0.006268081002893084	1213012
2022-09-22	-0.008684714901772982	-0.004551988500239694	-0.00011978917105899755	-0.020723526593196023	-0.008684714901772982	597806
2022-09-23	-0.04005800253761099	0.002960546190562559	0.03196181499607287	-0.042353936318047194	-0.04005800253761099	1297836
2022-09-26	0.007238167170191375	-0.022532729103725984	0.03222557905337364	-0.022532729103725984	0.007238167170191375	1201028
2022-09-27	0.12478910204336686	0.022433293757420505	0.14353558707742298	-0.01256014497281754	0.12478910204336686	3553044
2022-09-28	-0.027777777777777776	-0.002000000000000076	0.02155555555555553	-0.044444444444444446	-0.027777777777777776	3465649
2022-09-29	0.053314285714285786	0.005714285714285714	0.07714285714285714	-0.008285714285714221	0.053314285714285786	3221813
2022-09-30	-0.01481039440134551	0.003526284381272594	0.030163294092117255	-0.02077795258503777	-0.01481039440134551	2413241
2022-10-10	0.030837004405286313	0.03524229074889871	0.09801762114537452	0.0	0.030837004405286313	3258949
2022-10-11	-0.01725427350427345	0.00876068376068384	0.022863247863247872	-0.03739316239316239	-0.01725427350427345	2303374
2022-10-12	-0.012338968310050607	-0.010816981029515732	-0.010708267652334614	-0.046583682122085086	-0.012338968310050607	1639342
2022-10-13	0.0594386351128234	-0.010511832691249294	0.08574573472757299	-0.012713263621353893	0.0594386351128234	3282242
2022-10-14	0.11625974025974023	0.0	0.13246753246753246	-0.007272727272727302	0.11625974025974023	4947629
2022-10-17	-0.046211839166046195	0.0	0.0	-0.07753164556962024	-0.046211839166046195	8357059
2022-10-18	-0.02176140522078546	-0.02415223225176867	-0.010246401561356401	-0.06303976579653568	-0.02176140522078546	5859272
2022-10-19	0.002493889969574542	-0.013915906030226048	0.012419572048481124	-0.032320814005686156	0.002493889969574542	3596291
2022-10-20	-0.011493109109905976	-0.01482660828896969	0.038708393452410575	-0.02980247773521075	-0.011493109109905976	3351857
2022-10-21	-0.0016609623515200951	-0.0014596335816389192	0.009009462452184376	-0.028890678477954543	-0.0016609623515200951	2656860
2022-10-24	0.01915805394504669	-0.005495336526342341	0.047290143685404566	-0.01361230148726992	0.01915805394504669	3589562
2022-10-25	-0.031906999752659	-0.005194162750432903	0.02240910215186743	-0.03957457333663121	-0.031906999752659	3240187
2022-10-26	0.022227899846704258	0.013694430250383275	0.0556463975472663	0.002248339294839028	0.022227899846704258	3085862
2022-10-27	-0.019845038740314916	0.006098475381154705	0.014696325918520358	-0.022744313921519675	-0.019845038740314916	2173194
2022-10-28	-0.02590779273765816	-0.00198898408812737	0.022541819665442612	-0.03712770297837618	-0.02590779273765816	2551125
2022-10-31	0.10209424083769633	0.0020418848167538554	0.1256544502617801	5.235602094236076e-05	0.10209424083769633	4661974
2022-11-01	-0.007125890736342043	-0.004893111638954875	0.030878859857482184	-0.035629453681710214	-0.007125890736342043	2644817
2022-11-02	0.0026315789473684756	-0.009569377990430622	0.04239234449760772	-0.012918660287081286	0.0026315789473684756	1985276
2022-11-03	0.004008589835361369	-0.007396802672393277	0.016463851109520346	-0.01932712956335009	0.004008589835361369	1321484
2022-11-04	-0.012738248015589993	0.002899377346832139	0.007082085650458716	-0.02248205713199292	-0.012738248015589993	1469812
2022-11-07	-0.02667180203167888	0.006210582061528054	0.009339945115786421	-0.042848201819845	-0.02667180203167888	2712619
2022-11-08	-0.010733541079289645	-0.002374239501409654	-0.00014838996883811219	-0.0354652025523074	-0.010733541079289645	1973054
2022-11-09	-0.0047499999999999435	4.999999999995453e-05	0.017249999999999942	-0.016599999999999965	-0.0047499999999999435	1277626
2022-11-10	-0.021351419241396632	-0.0002511931675458999	0.012157749309218726	-0.025370509922130174	-0.021351419241396632	1584374
2022-11-11	0.02156057494866524	0.02669404517453793	0.050308008213552274	0.007597535934291529	0.02156057494866524	2323072
2022-11-14	0.005025125628140704	0.005025125628140704	0.02542713567839197	-0.035175879396984924	0.005025125628140704	1707942
2022-11-15	-0.023199999999999932	0.004849999999999994	0.004849999999999994	-0.03049999999999997	-0.023199999999999932	2115331
2022-11-16	-0.03455159705159705	0.008241195741195665	0.008241195741195665	-0.04222972972972973	-0.03455159705159705	2641611
2022-11-17	0.02804729335666185	-0.01298976724457885	0.029107682519484545	-0.01298976724457885	0.02804729335666185	1943847
2022-11-18	-0.010417741103661733	0.030015471892728175	0.07266632284682828	-0.010830324909747262	-0.010417741103661733	3653409
2022-11-21	-0.00979779028559514	-0.00979779028559514	-0.000469043151969999	-0.03585574317281632	-0.00979779028559514	987094
2022-11-22	-0.024263157894736914	0.0	0.007631578947368361	-0.03094736842105261	-0.024263157894736914	848755
2022-11-23	0.026484707913048307	0.0005933437617995234	0.02885808296024609	-0.01769243217001981	0.026484707913048307	1550549
2022-11-24	0.014135575407251695	0.003678402522333098	0.019442984760903774	-0.008617971623752049	0.014135575407251695	1052620
2022-11-25	-0.00036271309394280327	-0.00015544846883258788	0.007668791129073992	-0.019845587854293033	-0.00036271309394280327	837897
2022-11-28	0.0038357868546548264	0.0003110097449720209	0.021044992743105964	-0.009952311839104227	0.0038357868546548264	1377170
2022-11-29	-0.033357430548383804	0.0017040173499949008	0.00681606939997931	-0.03382216255292773	-0.033357430548383804	1595345
2022-11-30	-0.009081196581196521	0.0016025641025641634	0.010576923076923175	-0.020673076923076798	-0.009081196581196521	1052839
2022-12-01	0.005822102425876078	0.010080862533692747	0.016172506738544475	-0.0026954177897574125	0.005822102425876078	1103782
2022-12-02	-0.002411834065816363	0.0003215778754420294	0.008950584199806986	-0.011469610890770794	-0.002411834065816363	826565
2022-12-05	0.014344812765271671	0.00827378713802177	0.015150701122871075	-0.006071025627249748	0.014344812765271671	824147
2022-12-06	0.028072033898304993	-0.002966101694915266	0.03543432203389829	-0.010275423728813547	0.028072033898304993	1192131
2022-12-07	-0.021123132405976273	-0.005615662029881522	0.0293663060278208	-0.025244719216898536	-0.021123132405976273	1796437
2022-12-08	-0.039052631578947304	0.006210526315789509	0.006210526315789509	-0.043684210526315846	-0.039052631578947304	2338021
2022-12-09	-0.07454266622850264	0.013254463796691792	0.015992989374520688	-0.07454266622850264	-0.07454266622850264	5509122
2022-12-12	0.0030182872699295194	0.0	0.01757708468958986	-0.014322069006332412	0.0030182872699295194	2748530
2022-12-13	-0.024663677130044716	0.003068208638187457	0.005428369129100873	-0.028203917866414924	-0.024663677130044716	1422597
2022-12-14	0.015426497277676848	0.0009074410163338007	0.02722323049001815	-0.004779189352692199	0.015426497277676848	1233455
2022-12-15	-0.008698242478403385	0.00911528150134049	0.00911528150134049	-0.011021745606195975	-0.008698242478403385	726101
2022-12-16	0.004687781717651308	-0.0006610974217199665	0.009495762966524506	-0.011358855700462687	0.004687781717651308	653078
2022-12-19	0.0049051863372616	0.001854399712867155	0.010827301549321065	-0.01363881079140995	0.0049051863372616	749813
2022-12-20	-0.007917137924876555	-0.005833680576224883	0.0030358949937495734	-0.015953330555390242	-0.007917137924876555	574672
2022-12-21	0.03324132965318608	0.0010200408016321609	0.045481819272770986	-0.002040081603264151	0.03324132965318608	1364098
2022-12-22	0.0006387921022068156	-5.807200929146867e-05	0.0017421602787457107	-0.015679442508710735	0.0006387921022068156	629231
2022-12-23	0.01619174743195399	-0.001334803551738087	0.033021879171261086	-0.010446288665776864	0.01619174743195399	993402
2022-12-26	0.004797258709308986	0.0017133066818961244	0.014848657909765816	-0.014848657909765816	0.004797258709308986	522895
2022-12-27	-0.0059111060588836655	-0.005342730476298726	0.00784358303967259	-0.036262362168921196	-0.0059111060588836655	910009
2022-12-28	0.0037164093767867675	0.0005145797598627983	0.016466552315608892	-0.007547169811320716	0.0037164093767867675	613167
2022-12-29	0.020677869552833923	0.002563372258615714	0.03036172030760458	-0.003133010538308239	0.020677869552833923	902879
2022-12-30	-0.012278156044201457	0.0	0.008483089630539021	-0.01328273244781781	-0.012278156044201457	620750
2023-01-03	0.021132331336874276	0.0	0.036840320940219294	0.0	0.021132331336874276	1122074
2023-01-04	0.01792828685258969	0.00431606905710492	0.023517042939353697	-0.003984063745019914	0.01792828685258969	752487
2023-01-05	-0.012502717982170099	-0.005164166123070325	0.007719069362904911	-0.03234398782343997	-0.012502717982170099	1010795
2023-01-06	-0.029010238907849886	-0.007211273808213158	-0.004238687658262745	-0.03666189584938895	-0.029010238907849886	1254877
2023-01-09	-0.004762174726458275	5.6692556267471666e-05	0.006292873745677271	-0.010431430353194484	-0.004762174726458275	911922
2023-01-10	0.029336371404158228	0.007120478496154941	0.03674166904015943	-0.002506408430646526	0.029336371404158228	1048470
2023-01-11	-0.026342003320420537	-0.004427227448810089	0.010348644161593827	-0.030326508024349698	-0.026342003320420537	914403
2023-01-12	-0.022507673070364942	-0.0021598272138228683	0.002444015005115419	-0.025179038308514305	-0.022507673070364942	769201
2023-01-13	0.011745551808349868	0.0012792185137806657	0.018606814745900785	-0.0035469240609372326	0.011745551808349868	870234
2023-01-16	0.06839080459770118	0.0	0.09195402298850575	-0.002241379310344749	0.06839080459770118	2490258
2023-01-17	-0.014631522323830009	0.007853684776761743	0.007853684776761743	-0.02786444324905867	-0.014631522323830009	932587
2023-01-18	-0.01670488044546349	-0.0008734578010699672	0.004421880117916816	-0.017359973796266005	-0.01670488044546349	662124
2023-01-19	0.03431045969353768	0.0016655562958027034	0.04863424383744165	0.0	0.03431045969353768	1315343
2023-01-20	0.000966183574879111	0.006441223832528119	0.01325818572195383	-0.006870638754696731	0.000966183574879111	815732
2023-01-30	-0.013888888888888907	0.007936507936508035	0.01619476619476625	-0.01742814242814243	-0.013888888888888907	876648
2023-01-31	-0.010821686878024803	-0.004296046549567633	0.011474250910870704	-0.012561857632280026	-0.010821686878024803	650351
2023-02-01	0.018251786695986767	-0.0005497526113248725	0.01869158878504676	-0.004233095107201815	0.018251786695986767	796928
2023-02-02	-0.004535147392290268	-0.006586761688802499	0.009610193283662678	-0.014685239175035088	-0.004535147392290268	625477
2023-02-03	0.030480529341577203	-0.0032541490400260025	0.03319232020826556	-0.00341685649202731	0.030480529341577203	1354212
2023-02-06	0.0011052631578947786	-0.005631578947368385	0.00884210526315793	-0.021526315789473702	0.0011052631578947786	734953
2023-02-07	-0.045528626255191613	-0.011040428999526808	0.006624257399716055	-0.04905104884075502	-0.045528626255191613	1283169
2023-02-08	-0.0036904434040210183	-0.0030294684659873936	0.002919305976315071	-0.006774993114844495	-0.0036904434040210183	550319
2023-02-09	0.010504201680672301	-0.0040358248562582365	0.018354710305174663	-0.007463511720477633	0.010504201680672301	745775
2023-02-10	0.03840682788051215	0.0012036327825801448	0.08250355618776678	-0.00393916183389867	0.03840682788051215	1972390
2023-02-13	-0.018387776606954735	-0.007376185458377269	0.006322444678609002	-0.030031612223393133	-0.018387776606954735	1184442
2023-02-14	-5.367398421979982e-05	0.003649830926949744	0.003649830926949744	-0.017497718855670606	-5.367398421979982e-05	976620
2023-02-15	-0.013902308105206674	-0.007514761137949574	-0.004347826086956534	-0.016478797638218044	-0.013902308105206674	715300
2023-02-16	-0.004463556692613476	0.0004899025638234359	0.011594360677154185	-0.008818246148821537	-0.004463556692613476	985409
2023-02-17	-0.021925747717207015	0.00431953633331522	0.008748428016840849	-0.022199136092733197	-0.021925747717207015	1046851
2023-02-20	-0.034492397137745906	-0.00044722719141314897	0.004025044722719135	-0.04544946332737028	-0.034492397137745906	2045723
2023-02-21	-0.009900990099009946	0.0	0.01210121012101212	-0.014648833304383076	-0.009900990099009946	1375003
2023-02-22	-0.0019883040935672713	-0.005263157894736875	0.009356725146198798	-0.02222222222222229	-0.0019883040935672713	1982319
2023-02-23	-0.004922067268252686	0.0033985702566507237	0.017051447322161004	-0.012598148365170548	-0.004922067268252686	1110876
2023-02-24	-0.005299729124955869	-0.001825462254151468	0.00683076198327639	-0.014839241549876233	-0.005299729124955869	1287649
2023-02-27	0.01290551740468865	0.009353540137343196	0.01699029126213595	-0.007814349988160036	0.01290551740468865	1199390
2023-02-28	-0.0180596142606663	-0.0005844535359438592	0.01110461718293399	-0.023085914669783686	-0.0180596142606663	1134661
2023-03-01	-0.014344384262841478	0.0011308850663650839	0.004642580798761986	-0.017558478661984338	-0.014344384262841478	1598523
2023-03-02	-0.027958937198067607	-0.0006038647342994826	0.005132850241545859	-0.03079710144927533	-0.027958937198067607	2218083
2023-03-03	-0.004783500031061752	0.00565322730943652	0.020065850779648318	-0.00565322730943652	-0.004783500031061752	1358837
2023-03-06	0.04338327091136091	0.004993757802746638	0.049313358302122384	0.0006242197253434628	0.04338327091136091	1990569
2023-03-07	-0.03972479808555199	-0.003589590188453451	0.0020939276099311652	-0.04098115465151058	-0.03972479808555199	1606757
2023-03-08	0.009158307893589178	-6.230141424204664e-05	0.017568998816273267	-0.00623014142421033	0.009158307893589178	902363
2023-03-09	-0.003704161007531759	-0.007346585998271378	0.004877145326583655	-0.011606371156932927	-0.003704161007531759	694084
2023-03-10	0.0007435865658694048	-0.005452968149708734	0.019457181806915448	-0.009294832073367208	0.0007435865658694048	1518010
2023-03-13	0.009040247678018625	-0.006191950464396285	0.019071207430340634	-0.006191950464396285	0.009040247678018625	1346604
2023-03-14	0.01865488463426603	-0.005891016200294599	0.02270495827196851	-0.008775159548355466	0.01865488463426603	1402817
2023-03-15	-0.010542168674698794	0.0028915662650601795	0.0030120481927710845	-0.018072289156626505	-0.010542168674698794	1227312
2023-03-16	-0.02514459665144594	-0.008340943683409464	0.00024353120243526358	-0.02581430745814313	-0.02514459665144594	1302564
2023-03-17	-0.020921808643517326	0.005495878091431398	0.010991756182862796	-0.020921808643517326	-0.020921808643517326	1386859
2023-03-20	-0.033297186961791146	6.378771448613194e-05	6.378771448613194e-05	-0.04318428270715066	-0.033297186961791146	2395101
2023-03-21	0.09323655559221375	0.00032992411745287327	0.10392609699769052	0.00019795447047179897	0.09323655559221375	3744695
2023-03-22	-0.021004345726702185	-0.004406084017383016	0.01599468855625305	-0.052390149686142	-0.021004345726702185	2746611
2023-03-23	-0.024969173859432696	0.0	0.0	-0.03329223181257693	-0.024969173859432696	1550936
2023-03-24	-0.0145431552323744	0.01536515965855205	0.030034777110338286	-0.020866266202971932	-0.0145431552323744	1677574
2023-03-27	0.0392685274302214	-0.005453962143086265	0.05229387231312163	-0.023419955085017683	0.0392685274302214	2597467
2023-03-28	-0.012471445329382047	-0.0010495770821756345	0.012533185157745269	-0.01636105451626848	-0.012471445329382047	1195706
2023-03-29	-0.014504532666458226	0.006564551422319547	0.02219443576117544	-0.025758049390434364	-0.014504532666458226	1401200
2023-03-30	-0.014337372327602557	0.00025375880225840286	0.019222229271077848	-0.0196663071750301	-0.014337372327602557	1551183
2023-03-31	-0.007272961318143757	0.0	0.009203836004376693	-0.01525391002123965	-0.007272961318143757	1271013
2023-04-03	-0.014911825726141152	0.0	0.00473288381742732	-0.023599585062240757	-0.014911825726141152	2228395
2023-04-04	0.03330261945504806	-0.0025009872318019974	0.04278004475450836	-0.005331051730946441	0.03330261945504806	2649257
2023-04-06	0.029936305732484004	-6.369426751586564e-05	0.0373248407643313	-0.007006369426751556	0.029936305732484004	2730357
2023-04-07	0.012368583797155226	0.00661719233147818	0.029066171923314888	-0.0038961038961038683	0.012368583797155226	2152121
2023-04-10	-0.02357971899816729	0.001099572388515619	0.00427611484422735	-0.028833231521075132	-0.02357971899816729	1725016
2023-04-11	-0.020645645645645715	-0.0008758758758759684	0.011699199199199227	-0.03153153153153148	-0.020645645645645715	1472508
2023-04-12	-0.004088411907499594	6.388143605480597e-05	0.008560112431327479	-0.01456496742046762	-0.004088411907499594	995298
2023-04-13	0.019178960872353948	0.00032071840923658077	0.037716484926234736	-0.007953816549069974	0.019178960872353948	1653325
2023-04-14	-0.002769211404116041	0.0003146831141041688	0.019258606583170763	-0.01812574737239597	-0.002769211404116041	1670946
2023-04-17	0.017355632691700852	0.0059324708109813684	0.02543389081729253	-0.00012622278321225503	0.017355632691700852	1325756
2023-04-18	-0.0233250620347394	0.003722084367245799	0.003722084367245799	-0.030583126550868353	-0.0233250620347394	1295462
2023-04-19	-0.009082825203252076	-0.0027947154471544573	6.351626016254386e-05	-0.015497967479674782	-0.009082825203252076	1057953
2023-04-20	-0.02890840330748023	-6.409845522717073e-05	0.00012819691045452364	-0.03627972565861161	-0.02890840330748023	2911437
2023-04-21	-0.004620462046204545	0.00019801980198020551	0.006600660066006601	-0.009900990099009901	-0.004620462046204545	1625183
2023-04-24	-0.03514588859416453	-6.631299734760827e-05	0.003514588859416453	-0.04734748010610089	-0.03514588859416453	1975602
2023-04-25	-0.015807560137457124	0.00845360824742261	0.00845360824742261	-0.03436426116838488	-0.015807560137457124	1359657
2023-04-26	0.01117318435754206	-0.004189944134078173	0.03701117318435762	-0.014455307262569786	0.01117318435754206	1119889
2023-04-27	0.04385359116022095	0.0008287292817677909	0.04475138121546954	-0.0024861878453039613	0.04385359116022095	1576000
2023-04-28	-0.035924578233542885	-0.021501819384717166	-0.0018524644392987173	-0.05398610651670523	-0.035924578233542885	2178000
2023-05-04	0.003980236069173844	-0.011734833928081306	0.00844084545704083	-0.013107329124348041	0.003980236069173844	704033
2023-05-05	0.014354066985645893	0.0003417634996581199	0.023103212576896754	-0.02200956937799042	0.014354066985645893	1088784
2023-05-08	-0.017115902964959514	0.007412398921832846	0.009433962264150981	-0.02809973045822113	-0.017115902964959514	1311049
2023-05-09	-0.010352392705334014	0.0069244481009186265	0.0069244481009186265	-0.018510900863842154	-0.010352392705334014	785268
2023-05-10	0.012192587461032347	-0.005403533079321103	0.02189123657776236	-0.01143055074471774	0.012192587461032347	810520
2023-05-11	-0.003148312914927164	-0.0005475326808569742	0.016631305181027844	-0.007597015946889422	-0.003148312914927164	1023681
2023-05-12	-0.007140405080672791	-0.0010298661174047764	0.0021970477171300595	-0.014074836937864823	-0.007140405080672791	600023
2023-05-15	0.0065002420302883454	0.0014521817301706625	0.008574787359103662	-0.009058847935827412	0.0065002420302883454	681250
2023-05-16	-0.017313637925111713	-0.0002748196496050873	0.0020611473720369834	-0.018344211611130305	-0.017313637925111713	803211
2023-05-17	0.0022372928756204517	-0.00013983080472635274	0.0053834859819618976	-0.002307208277983727	0.0022372928756204517	402435
2023-05-18	-0.020579002441576483	0.001046389954656475	0.0038367631670736756	-0.02155563306592259	-0.020579002441576483	1040245
2023-05-19	0.00035612535612523466	0.004059829059829011	0.01125356125356114	-0.015028490028490125	0.00035612535612523466	811385
2023-05-22	0.0030615877536490344	0.005268778924884365	0.020576717693129333	-0.00234959060163748	0.0030615877536490344	806038
2023-05-23	-0.0016325951164110574	0.000851788756388448	0.012776831345826316	-0.0026973310618966175	-0.0016325951164110574	636321
2023-05-24	-0.021685033771773988	-0.004550302168503482	0.0015641663704230278	-0.021685033771773988	-0.021685033771773988	923394
2023-05-25	-0.006468023255813854	-0.004360465116279029	0.0	-0.018749999999999885	-0.006468023255813854	847130
2023-05-26	0.007241606319947192	0.00014629507717052014	0.015873015873015782	-0.018067442030575663	0.007241606319947192	1077887
2023-05-29	-0.01597676107480021	0.0	0.007988380537400312	-0.019607843137254822	-0.01597676107480021	898846
2023-05-30	0.0003690036900369843	-0.002878228782287722	0.007084870848708546	-0.00693726937269371	0.0003690036900369843	516303
2023-05-31	0.000590188122463918	-0.0033198081888603246	0.014902250092216759	-0.004131316857248264	0.000590188122463918	615764
2023-06-01	0.01784266017842672	0.001105950011059542	0.020275750202757504	-0.008331490083314868	0.01784266017842672	912686
2023-06-02	0.0033321260412892393	-0.00036218761318371147	0.009779065555957945	-0.008620065193770355	0.0033321260412892393	797803
2023-06-05	0.012706663778788676	0.009963179553822796	0.017616056602411362	-0.0032488628979856233	0.012706663778788676	971276
2023-06-06	-0.03642974263919593	-0.0019248592001141385	-0.0019248592001141385	-0.04113495401725251	-0.03642974263919593	1335765
2023-06-07	-0.015981059485054724	-0.00451316957679776	0.004957087895827285	-0.027153003847292006	-0.015981059485054724	902582
2023-06-08	-0.015413533834586551	-0.003684210526315858	0.008195488721804537	-0.022556390977443608	-0.015413533834586551	992093
2023-06-09	0.04467353951890052	0.0	0.053837342497136405	-0.0002290950744559079	0.04467353951890052	1739035
2023-06-12	0.004897660818713358	-0.006286549707602438	0.015204678362572981	-0.010233918128655012	0.004897660818713358	769941
2023-06-13	-0.012293591329017224	-0.004437331781479488	0.004219102349603641	-0.030552120462646312	-0.012293591329017224	1199405
2023-06-14	0.009868905582560048	0.0006628369421122655	0.017822948887906816	7.364854912351528e-05	0.009868905582560048	547788
2023-06-15	0.009334889148191373	0.002771295215869278	0.011303967327887857	-0.0070740956826137605	0.009334889148191373	675808
2023-06-16	0.013583815028901701	0.0	0.029263005780346695	-0.0046965317919075555	0.013583815028901701	1165729
2023-06-19	-0.010906757912745944	-0.0071285999429712005	0.00784145993726828	-0.016253207869974345	-0.010906757912745944	730231
2023-06-20	-0.012612612612612612	0.004684684684684725	0.014774774774774856	-0.014702702702702646	-0.012612612612612612	661534
2023-06-21	-0.023576642335766347	0.0019708029197081037	0.007153284671532772	-0.02678832116788312	-0.023576642335766347	889367
2023-06-26	0.016296628541526338	-0.005756148613291547	0.024893473873065588	-0.005830903790087471	0.016296628541526338	823138
2023-06-27	0.027583670467083488	-0.00029422581831549865	0.04685546156675252	-0.003310040456049935	0.027583670467083488	1159029
2023-06-28	-0.028775948460987702	-0.0014316392269147363	0.007158196134574088	-0.03700787401574795	-0.028775948460987702	1231251
2023-06-29	0.02749115566037728	-0.005675117924528377	0.06132075471698108	-0.008770636792452813	0.02749115566037728	1211856
2023-06-30	-0.010042321210817056	-0.00294096549745353	0.009038089089735248	-0.01728713865576355	-0.010042321210817056	925415
2023-07-03	0.0028258821824506545	-0.002318672559959374	0.006014056952394845	-0.013839576842257784	0.0028258821824506545	594659
2023-07-04	0.011488439306358405	0.0007225433526011149	0.01625722543352601	-0.013005780346820891	0.011488439306358405	882844
2023-07-05	0.027216229730695065	0.0	0.04650332166583321	0.0	0.027216229730695065	1697341
2023-07-06	-0.008553546592489695	-0.004798331015299011	0.0014603616133517352	-0.020514603616133636	-0.008553546592489695	808610
2023-07-07	0.010661429473241286	-0.0006312688503893064	0.027354983516868946	-0.006733534404152203	0.010661429473241286	1152438
2023-07-10	0.0009022138940939375	-0.003608855576375947	0.00631549725865776	-0.012561593448539124	0.0009022138940939375	608027
2023-07-11	-0.01781999722645953	-6.933851060872906e-05	0.003258909998613222	-0.02038552211898487	-0.01781999722645953	644063
2023-07-12	0.00035298270384739107	-0.0022590893046240254	0.0065654782915637614	-0.005859512883868778	0.00035298270384739107	503979
2023-07-13	-0.011291460832745197	-0.002822865208186149	0.008327452364149661	-0.012702893436838272	-0.011291460832745197	988486
2023-07-14	-0.013990007137758801	0.0017844396859386154	0.005067808708065724	-0.014989293361884329	-0.013990007137758801	658372
2023-07-17	-0.014767627045026729	0.004415810047777716	0.006153177935427992	-0.01874909512089167	-0.014767627045026729	715860
2023-07-18	0.0014695077149156288	-0.00146950771491542	0.008523144746509894	-0.00146950771491542	0.0014695077149156288	308220
2023-07-19	-0.008804108584005994	0.0	0.002567865003668337	-0.009537784299339774	-0.008804108584005994	411937
2023-07-20	-0.0006661732050333339	0.006439674315322018	0.008142116950407063	-0.0019985196150997912	-0.0006661732050333339	471625
2023-07-21	0.011036219539293454	7.40685875121793e-05	0.0162210206651359	7.40685875121793e-05	0.011036219539293454	511324
2023-07-24	0.02564102564102564	0.054212454212454256	0.06080586080586089	0.02344322344322336	0.02564102564102564	1939539
2023-07-25	0.00721428571428565	7.142857142850646e-05	0.01857142857142853	-0.005857142857142808	0.00721428571428565	970934
2023-07-26	0.04297567548400825	-0.0009219204311750618	0.05666264803914623	-0.0035458478122119	0.04297567548400825	2776462
2023-07-27	-0.013734956143332984	-6.799483239267631e-05	0.009723261032161602	-0.016250764941864327	-0.013734956143332984	1525106
2023-07-28	0.0033781454670801835	0.0	0.012064805239572561	-0.009582902447432021	0.0033781454670801835	1399330
2023-07-31	-0.024391919747148435	0.0031606431221657826	0.0061151573450598795	-0.03222481791947229	-0.024391919747148435	1797636
2023-08-01	-0.02317064582012832	-0.003450947249806388	-0.0002817099795761706	-0.02450876822311443	-0.02317064582012832	1630306
2023-08-02	-0.012040374909877345	0.0007930785868782527	0.009372746935832815	-0.012256669069935031	-0.012040374909877345	1055662
2023-08-03	-0.003137998978325964	-0.007516602203896965	0.009195066773699124	-0.01087353134350149	-0.003137998978325964	1200963
2023-08-04	-0.009077598828696784	0.0030014641288433133	0.009370424597364577	-0.020278184480234128	-0.009077598828696784	1244101
2023-08-07	-0.010047281323877168	-0.0002955082742318296	0.008126477541371116	-0.018912529550827437	-0.010047281323877168	1553472
2023-08-08	0.008134328358208981	-0.0037313432835820895	0.011194029850746268	-0.007388059701492605	0.008134328358208981	772073
2023-08-09	0.00629210156192164	-0.004367458731216251	0.009253090532237768	-0.004367458731216251	0.00629210156192164	827457
2023-08-10	-0.006767691628659611	-0.003236722083272015	7.356186552884292e-05	-0.013461821391790378	-0.006767691628659611	677276
2023-08-11	-0.01251666419789659	-0.0009628203229153005	0.00577692193749075	-0.01459043104725225	-0.01251666419789659	752429
2023-08-14	-0.014175354383859706	-0.00045001125028127406	0.005100127503187417	-0.018825470636766064	-0.014175354383859706	832733
2023-08-15	0.021074254412659848	0.012629336579427851	0.031116859403530154	0.001445526475958595	0.021074254412659848	901366
2023-08-16	0.0021607927874226366	-0.009015721630280962	0.01110200432158543	-0.02391774085388576	0.0021607927874226366	1044169
2023-08-17	-0.013531598513011101	-0.005130111524163552	-0.004014869888475777	-0.018661710037174654	-0.013531598513011101	860632
2023-08-18	-0.01100391920410015	0.006707868555923925	0.014094060898402204	-0.012662044015676867	-0.01100391920410015	983715
2023-08-21	-0.04740131077579637	-0.0016765736930345898	0.010897729004724941	-0.06256668190824564	-0.04740131077579637	2022422
2023-08-22	-0.128	-0.07760000000000002	-0.03760000000000002	-0.16	-0.128	17165383
2023-08-23	-0.03669724770642202	0.015504587155963282	0.01743119266055051	-0.03779816513761472	-0.03669724770642202	5064651
2023-08-24	-0.00933333333333337	0.0012380952380951949	0.014190476190476142	-0.028285714285714275	-0.00933333333333337	3786415
2023-08-25	0.003653143626225819	-0.003076331474716335	0.03441645837338972	-0.004902903287829176	0.003653143626225819	4232725
2023-08-28	-0.013505747126436884	0.0728927203065134	0.07624521072796929	-0.0164750957854406	-0.013505747126436884	5645756
2023-08-29	0.04961646761821536	-0.009515486940479559	0.05835518011457428	-0.009515486940479559	0.04961646761821536	5887262
2023-08-30	0.01563367252543952	-0.005365402405180373	0.021184088806660558	-0.010175763182238616	0.01563367252543952	4072244
2023-08-31	0.004371982876400307	-0.007013389197559069	0.02113125056926854	-0.010838874214409435	0.004371982876400307	3447890
2023-09-01	-0.016686315407635707	-0.0026299084066381795	0.0020857894259545115	-0.022399564704815442	-0.016686315407635707	2367239
2023-09-04	-0.003504565157244394	0.0	0.009222539887485013	-0.007654708106612676	-0.003504565157244394	3064071
2023-09-05	-0.010550670985654795	-0.002961591855622334	-0.0005552984729292205	-0.018972697825080955	-0.010550670985654795	2791845
2023-09-06	0.01019549153493596	-0.003835001403049262	0.021419885885324164	-0.00851183238237767	0.01019549153493596	3323317
2023-09-07	-0.011111111111111138	0.0005555555555555766	0.0018518518518518782	-0.0259259259259259	-0.011111111111111138	2883300
2023-09-08	-0.00646067415730335	-0.007116104868913772	0.007490636704119823	-0.008520599250936298	-0.00646067415730335	1602459
2023-09-11	0.021298652341909387	-0.0008481764206955369	0.028178305531995053	-0.0008481764206955369	0.021298652341909387	2758975
2023-09-12	-0.02565285595644552	0.001199593983574748	0.001199593983574748	-0.026667897019470338	-0.02565285595644552	3044463
2023-09-13	9.470593806223037e-05	9.470593806223037e-05	0.005682356283738936	-0.013164125390662	9.470593806223037e-05	2339185
2023-09-14	-0.014204545454545456	-0.00028409090909091986	0.0018939393939394209	-0.01893939393939394	-0.014204545454545456	1828724
2023-09-15	0.021133525456292056	0.0038424591738713326	0.03304514889529311	0.0	0.021133525456292056	3026634
2023-09-18	0.007714016933207972	-0.006585136406397017	0.03461900282220138	-0.009125117591721533	0.007714016933207972	3594052
2023-09-19	-0.010455563853622148	0.004294249439880449	0.008121732636295653	-0.023618371919342802	-0.010455563853622148	2933059
2023-09-20	-0.015283018867924571	-0.0023584905660377358	-9.43396226415577e-05	-0.017641509433962307	-0.015283018867924571	1860418
2023-09-21	-0.009388771795362998	-0.0019160758766046048	0.0020118796704350255	-0.012741904579421329	-0.009388771795362998	1460449
2023-09-22	0.022340425531914777	0.002901353965183725	0.022630560928433165	-0.013539651837524232	0.022340425531914777	2269033
2023-09-25	-0.006716488506290736	0.0	0.0	-0.01305458329391728	-0.006716488506290736	1751562
2023-09-26	-0.012857142857142803	0.0007619047619047457	0.003238095238095271	-0.014095238095238133	-0.012857142857142803	1951831
2023-09-27	0.032127351664254684	0.0021225277375783776	0.03868789194404236	-0.004341534008683095	0.032127351664254684	4037446
2023-09-28	-0.02701439521405871	9.347541596551603e-05	0.00028042624789681377	-0.03084688726864832	-0.02701439521405871	3526536
2023-10-09	-0.008550293015659531	-0.0010567777884522955	0.006724949562878306	-0.016908444615236863	-0.008550293015659531	2512514
2023-10-10	-0.012596899224806174	0.003875968992247979	0.0053294573643410574	-0.017829457364341116	-0.012596899224806174	2364641
2023-10-11	0.031010794896957766	0.0019627085377820278	0.038076545632973455	-0.0009813542688911533	0.031010794896957766	4513416
2023-10-12	0.043213401865600534	-0.0007614696363982324	0.04987626118408524	-0.005330287454787762	0.043213401865600534	5770497
2023-10-13	-0.02390510948905101	-0.005474452554744474	-0.002828467153284563	-0.027828467153284648	-0.02390510948905101	2908547
2023-10-16	-0.02607964105440275	-0.0016825574873808825	0.008506262852869663	-0.0325294447560292	-0.02607964105440275	2830733
2023-10-17	0.034648238794510025	0.0051828390440541924	0.04501391688261827	-0.00028793550244746266	0.034648238794510025	2975026
2023-10-18	-0.01669758812615953	-0.0074211502782931095	-9.276437847857982e-05	-0.03061224489795916	-0.01669758812615953	2359032
2023-10-19	0.0014150943396226952	-0.007830188679245268	0.013962264150943433	-0.021509433962264162	0.0014150943396226952	2205523
2023-10-20	0.026754592557701264	-0.004333490343853113	0.034385303815355546	-0.005652378709373608	0.026754592557701264	4706529
2023-10-23	0.010826681346912623	-0.006239104505000391	0.029085237177722743	-0.01761629507294249	0.010826681346912623	4271773
2023-10-24	0.0430244168103839	0.007261504946900219	0.04747208859036039	-0.004175365344467713	0.0430244168103839	5781345
2023-10-25	0.0009572709076668648	0.0007832216517274686	0.009485684448699011	-0.016099556174397307	0.0009572709076668648	3051763
2023-10-26	0.012693444618327316	-0.00886802295252996	0.012867327421318067	-0.025821596244131446	0.012693444618327316	3083002
2023-10-27	0.001888736263736254	-0.00832760989010988	0.01442307692307686	-0.010302197802197826	0.001888736263736254	2791706
2023-10-30	0.028191945158526067	-0.009768637532133681	0.032562125107112226	-0.01885175664095975	0.028191945158526067	4085844
2023-10-31	-0.005250437536461334	-0.0082506875572964	0.007583965330444294	-0.01425118759896653	-0.005250437536461334	2997204
2023-11-01	-0.028150134048257367	-0.002932305630026762	-0.0005864611260053047	-0.03761729222520103	-0.028150134048257367	2669857
2023-11-02	-0.00612068965517236	0.007758620689655222	0.007758620689655222	-0.01293103448275862	-0.00612068965517236	1617967
2023-11-03	0.012750455373406182	-0.00034695116662335196	0.021771185705611856	-0.010235059415387342	0.012750455373406182	2279116
2023-11-06	0.03579993148338466	0.012161699212058938	0.042480301473107177	0.007194244604316454	0.03579993148338466	2963961
2023-11-07	0.004216967091119606	0.002645940135604493	0.008433934182239094	-0.014966098892012588	0.004216967091119606	2902767
2023-11-08	0.012762453684643862	0.002881844380403411	0.024536846438863762	-0.00699876492383704	0.012762453684643862	4026208
2023-11-09	-0.009756097560975632	0.0	0.011382113821138257	-0.01780487804878047	-0.009756097560975632	2212863
2023-11-10	0.0	-0.010591133004926043	0.004844006568144528	-0.014285714285714244	0.0	2048492
2023-11-13	-0.010098522167487717	0.0	0.004761904761904748	-0.015599343185550013	-0.010098522167487717	1562669
2023-11-14	0.01832960106162402	0.00016587874263921567	0.019573691631417547	-0.003566392966741251	0.01832960106162402	1897851
2023-11-15	-0.0014660368138133802	0.013845903241570312	0.013845903241570312	-0.00423521746212735	-0.0014660368138133802	2175611
2023-11-16	0.00040783034257758054	-0.003262642740619833	0.0032626427406199487	-0.014681892332789537	0.00040783034257758054	1630718
2023-11-17	0.017611088463106373	-0.006278026905829679	0.02217692621280064	-0.006278026905829679	0.017611088463106373	2128400
2023-11-20	0.021312394840157012	0.0	0.026520310872526258	-0.005848890313276211	0.021312394840157012	2991079
2023-11-21	-0.0013336471326586782	0.00023534949399859682	0.007295834313956279	-0.013101121832588073	-0.0013336471326586782	2798403
2023-11-22	0.015003927729772278	0.0	0.021838177533385825	-0.010054988216810692	0.015003927729772278	3700728
2023-11-23	-0.0016252612026933515	-0.0016252612026933515	0.003250522405386483	-0.006810618373190894	-0.0016252612026933515	1959149
2023-11-24	0.006279069767441878	0.0	0.008604651162790803	-0.008139534883720908	0.006279069767441878	2885364
2023-11-27	-0.006239889068638797	0.021338879901394422	0.041753331792619884	-0.0293505893228565	-0.006239889068638797	7350708
2023-11-28	0.038139534883720835	-0.003875968992248062	0.043100775193798464	-0.007751937984496124	0.038139534883720835	8035889
2023-11-29	0.02770310633213865	-0.006869772998805164	0.039949223416965524	-0.010603345280764544	0.02770310633213865	9337229
2023-11-30	0.039017656034294884	0.004068880331323129	0.05492988447286204	-0.009445615054857102	0.039017656034294884	13292522
2023-12-01	0.0041258741258741495	-0.0007692307692308646	0.0076223776223776464	-0.03440559440559432	0.0041258741258741495	9005940
2023-12-04	0.014973187547879418	-0.016783898600181046	0.030224946026882117	-0.03126958701859467	0.014973187547879418	8966160
2023-12-05	-0.010429532043364966	-0.0036366131466996094	0.007135995608618032	-0.027034444901880044	-0.010429532043364966	9732948
2023-12-06	0.040077659131881854	-0.00013867702121765518	0.040077659131881854	-0.0036056025516572614	0.040077659131881854	10484638
2023-12-07	-0.024066666666666757	-0.006666666666666667	0.0398666666666666	-0.028933333333333356	-0.024066666666666757	18694769
2023-12-08	0.02520663979780058	0.00020493203087643377	0.08832570530773966	-0.013252271330008867	0.02520663979780058	28230370
2023-12-11	-0.018456823027718616	-0.0049307036247335356	0.002731876332622578	-0.04124466950959505	-0.018456823027718616	11312738
2023-12-12	-0.03957640350281727	0.011947593510284371	0.014255651347498434	-0.047043649446745	-0.03957640350281727	10421758
2023-12-13	-0.006997455470737777	-0.01201583262651957	0.006290641786825098	-0.017387616624257703	-0.006997455470737777	6513267
2023-12-14	-0.030251263435119937	0.0032742543953304826	0.009893942629368541	-0.03267136450992955	-0.030251263435119937	6042824
2023-12-15	-0.015707574867880318	-0.0004403992953611441	0.008000587199060506	-0.017248972401644323	-0.015707574867880318	4812473
2023-12-18	0.0059656972408651116	-0.0007457121551080859	0.017002237136465332	-0.014914243102162566	0.0059656972408651116	4127431
2023-12-19	-0.0032616753150481667	-0.0037064492216456633	0.010229799851741998	-0.011860637509266081	-0.0032616753150481667	4253222
2023-12-20	-0.0005949724825227763	0.002751747731667444	0.017626059794734528	-0.010486390004462267	-0.0005949724825227763	3875172
2023-12-21	0.007367167733293713	-0.0014139008781068442	0.01056704866795666	-0.00989730614674791	0.007367167733293713	3094619
2023-12-22	-0.0031764792790131254	-0.0036197089458521762	0.00672231661372532	-0.009898795892738446	-0.0031764792790131254	2867897
2023-12-25	0.014895509115162226	-0.002964280420927862	0.0188231806728916	-0.010597302504817007	0.014895509115162226	3146959
2023-12-26	-0.0006571741511498722	0.0	0.008981380065717548	-0.007813070463672824	-0.0006571741511498722	2565201
2023-12-27	-0.006283793657752547	-0.004091772614350448	0.008037410492474018	-0.012567587315505094	-0.006283793657752547	2599616
2023-12-28	-0.0007352941176470171	-0.005882352941176554	0.007352941176470588	-0.014705882352941176	-0.0007352941176470171	2739857
2023-12-29	0.00816777041942594	-0.00573951434878588	0.014790286975717371	-0.006328182487122984	0.00816777041942594	2338207
2024-01-02	0.019268666520692028	-0.003649368659221955	0.02846507554193129	-0.007517699437997235	0.019268666520692028	2937455
2024-01-03	0.023487289652703195	-0.004439670605084172	0.035445757250268446	-0.011457214464733221	0.023487289652703195	3301947
2024-01-04	0.020149723640943085	0.0004897502273839864	0.02070943818652473	-0.00230882250052482	0.020149723640943085	2844841
2024-01-05	-0.04169810026747145	-0.005555174542212484	0.0009601536245798392	-0.04608737397983677	-0.04169810026747145	3676350
2024-01-08	-0.011665354612466868	-0.015172117655478252	-0.0010734988907176502	-0.03721462821155077	-0.011665354612466868	2900135
2024-01-09	0.019478638667632137	-0.00724112961622013	0.03070238957277342	-0.012454742939898617	0.019478638667632137	2360341
2024-01-10	-0.02798494211236592	0.0	0.0012074721215996585	-0.03146530293344683	-0.02798494211236592	1900153
2024-01-11	-0.0025575447570332067	-0.004165144318596954	0.017318231640482313	-0.008257215929850167	-0.0025575447570332067	2054525
2024-01-12	-0.03443223443223435	0.002197802197802281	0.009157509157509158	-0.04461538461538464	-0.03443223443223435	2791090
2024-01-15	-0.0002276176024279297	-0.011380880121396054	0.008118361153262466	-0.021244309559939386	-0.0002276176024279297	1835340
2024-01-16	0.007285421567883277	0.0	0.00933444638385057	-0.014039614479775538	0.007285421567883277	1858650
2024-01-17	-0.009869660212461405	0.0	0.004068409553228513	-0.016424320048218026	-0.009869660212461405	1923202
2024-01-18	-0.00022827575711460311	-0.009283214122660166	0.004413331304215588	-0.04040480900928313	-0.00022827575711460311	2987427
2024-01-19	0.021995585661009325	-0.005175431920237297	0.03470583758276888	-0.017048481619605607	0.021995585661009325	2802985
2024-01-22	0.004840631516234776	-0.006478999106344985	0.01266011319630614	-0.01295799821268997	0.004840631516234776	3121000
2024-01-23	-0.013859038019713959	-0.006892462758467404	0.004224412658415424	-0.03498110131179129	-0.013859038019713959	2376306
2024-01-24	0.029234931609799987	-0.0004509243950097871	0.03111378325567403	-0.0041334736209229775	0.029234931609799987	2772385
2024-01-25	0.011975173420956662	-0.005841548010222585	0.01854691493245725	-0.013070463672873255	0.011975173420956662	2044501
2024-01-26	-0.010751136445631063	-0.010029583664045131	0.005195180027418997	-0.02164658344757919	-0.010751136445631063	2138990
2024-01-29	0.0005835156819840446	0.007293946024799417	0.01641137855579869	-0.007002188183807498	0.0005835156819840446	1818791
2024-01-30	-0.010351363172474237	-0.00269718617874329	0.009403703163726433	-0.026097098702434846	-0.010351363172474237	1966989
2024-01-31	-0.006482027106658777	-0.00928108426635232	0.00029463759575736937	-0.03520919269298763	-0.006482027106658777	2448346
2024-02-01	-0.001112099644128156	-0.013864175563463853	0.008229537366548145	-0.021352313167259752	-0.001112099644128156	1816815
2024-02-02	0.02004008016032077	0.0008164477102353867	0.024270763749721744	-0.005418243895197727	0.02004008016032077	2920711
2024-02-05	0.044531761624099574	0.004147566033617064	0.04998908535254314	-0.025831332314632985	0.044531761624099574	4792710
2024-02-06	-0.003483106931382793	0.0	0.01079763148728654	-0.018599791013584225	-0.003483106931382793	4011650
2024-02-07	0.026634044040545278	0.003005941978329104	0.041593848304788454	-0.010066410346032839	0.026634044040545278	5427571
2024-02-08	-0.01416314857687602	0.0008171047255888337	0.006060193381451629	-0.05352035952607935	-0.01416314857687602	4656947
2024-02-19	-0.005387484459179453	-0.01160381268130962	0.014781047105953767	-0.029562094211907728	-0.005387484459179453	4486001
2024-02-20	-0.009722222222222262	-0.008263888888888873	0.0027777777777778173	-0.014930555555555594	-0.009722222222222262	2085122
2024-02-21	-0.0003506311360447612	-0.004137447405329617	0.007573632538569513	-0.013394109396914423	-0.0003506311360447612	2669736
2024-02-22	-0.01578393546124167	-0.007015082427218519	0.002455278849526442	-0.021536303051561005	-0.01578393546124167	2291996
2024-02-23	-0.0021382751247327964	0.000498930862437585	0.008481824661439754	-0.007840342124020119	-0.0021382751247327964	1914497
2024-02-26	-0.005214285714285641	0.006285714285714253	0.007142857142857143	-0.005214285714285641	-0.005214285714285641	2167327
2024-02-27	0.005241617002943848	-0.0022976951245783123	0.005816040784088477	-0.02498743447978759	0.005241617002943848	3000629
2024-02-28	0.011714285714285616	0.007142857142857143	0.03207142857142864	0.0040000000000000166	0.011714285714285616	3792723
2024-02-29	0.004659700649534207	-0.004447896074555179	0.005365715899463565	-0.022168878847783017	0.004659700649534207	3591497
2024-03-01	-0.026704146170063326	-0.0035137034434293743	-0.002037947997189181	-0.03689388615600843	-0.026704146170063326	3294951
2024-03-04	0.004765342960288784	-0.009963898916967476	0.009891696750902559	-0.012490974729241803	0.004765342960288784	2855086
2024-03-05	0.024001149755676944	-0.0019402127048003036	0.0318338603046853	-0.004814601897096777	0.024001149755676944	4840934
2024-03-06	-0.009824561403508812	0.00021052631578948166	0.007368421052631659	-0.012140350877192911	-0.009824561403508812	2820245
2024-03-07	-0.010276399716513031	-0.001559177888022671	0.005031892274982339	-0.012756909992912707	-0.010276399716513031	2138798
2024-03-08	-0.013605442176870788	0.0017901897601145722	0.0017901897601145722	-0.020336555674901564	-0.013605442176870788	1924203
2024-03-11	0.0018148820326678765	0.0009437386569872628	0.013938294010889201	-0.005735027223230433	0.0018148820326678765	2345266
2024-03-12	0.010289855072463678	-0.0030434782608694745	0.012173913043478311	-0.0030434782608694745	0.010289855072463678	2256739
2024-03-13	-0.006527040596757973	-0.0030124802754266785	0.00035862860421755397	-0.010185052359776127	-0.006527040596757973	1444782
2024-03-14	0.016894087069525693	0.01653310230308296	0.02324741895891993	0.003537650711140056	0.016894087069525693	3207880
2024-03-15	-0.006034788782392576	-0.001774937877174299	0.028682996095136616	-0.014696485623003148	-0.006034788782392576	3355998
2024-03-18	-0.004571428571428474	0.0017857142857142857	0.0029999999999999107	-0.0070714285714286364	-0.004571428571428474	2153387
2024-03-19	-0.018943742824339943	-0.0022244546498278004	0.00315729047072329	-0.01980482204362815	-0.018943742824339943	2539836
2024-03-20	-0.003218256290228187	-0.004169104739613759	0.0037302516091280787	-0.008777062609713199	-0.003218256290228187	1557076
2024-03-21	-0.012547695920164427	0.0	0.002568241855004361	-0.023627825066040498	-0.012547695920164427	1898951
2024-03-22	-0.015382328899457481	-0.004087092219662502	0.0015605261202348813	-0.01664561194917129	-0.015382328899457481	2272101
2024-03-25	0.0009056603773585249	-0.0036981132075472383	0.005811320754717058	-0.013811320754717075	0.0009056603773585249	1869982
2024-03-26	0.011762931684512156	-0.0001508068164681815	0.016437942995023425	-0.004147187452872955	0.011762931684512156	1920994
2024-03-27	-0.012520494857653948	7.452675510501494e-05	0.005887613653301475	-0.014085556714860744	-0.012520494857653948	1445529
2024-03-28	-0.010339622641509469	-0.004000000000000009	0.007169811320754631	-0.01735849056603782	-0.010339622641509469	2371919
2024-03-29	-0.010142606573629103	0.00045756119881035825	0.004194310989094879	-0.020819034545870432	-0.010142606573629103	1579377
2024-04-01	-0.012788906009245184	-0.020801232665639574	0.0	-0.021571648690292843	-0.012788906009245184	2094620
2024-04-02	-0.010535351958794913	0.0	0.005384735445606572	-0.022475417512096002	-0.010535351958794913	2292620
2024-04-03	0.005994163577569137	-0.0013407997476141786	0.008518021926019389	-0.014117832636643316	0.005994163577569137	2002754
2024-04-08	-0.019208153665229346	-0.007761662093296706	0.0087808702469619	-0.019835358682869474	-0.019208153665229346	1732066
2024-04-09	0.005595523581135115	-0.0011191047162270229	0.01254996003197448	-0.014788169464428413	0.005595523581135115	1429801
2024-04-10	0.0022257551669316467	0.005087440381558033	0.01923688394276631	-0.0027821939586645016	0.0022257551669316467	1514060
2024-04-11	-0.015704314720812216	-0.006662436548223377	0.0033312182741116886	-0.015704314720812216	-0.015704314720812216	1335600
2024-04-12	-0.005076551168412534	0.0	0.005237711522965397	-0.006768734891216674	-0.005076551168412534	1211681
2024-04-15	0.017494128128290244	0.0033206446910180334	0.038470883615453144	0.00024297400178181856	0.017494128128290244	2272442
2024-04-16	-0.04003820743452998	-0.004935126960120913	0.001353179972936414	-0.04879407784764782	-0.04003820743452998	2929840
2024-04-17	0.01343283582089556	0.004228855721393077	0.021890547263681597	-0.004975124378109406	0.01343283582089556	2115199
2024-04-18	0.005481917853051888	-0.0008181966944853078	0.019800360006545586	-0.00785468826705935	0.005481917853051888	2247116
2024-04-19	-0.012531532264626954	0.005452030270974056	0.007486369924322579	-0.013101147367564485	-0.012531532264626954	1287523
2024-04-22	0.013349814585908568	0.012772970745776773	0.01994231561598683	-0.011124845488257061	0.013349814585908568	1344117
2024-04-23	0.028136943970074067	-0.008782629909734068	0.030820525331381687	-0.008782629909734068	0.028136943970074067	2366990
2024-04-24	-0.005932136360041129	-0.003954757573360753	0.0029265206042868807	-0.008937752115795377	-0.005932136360041129	1191292
2024-04-25	0.013605983450031776	-0.0012730744748568649	0.018220878421387587	-0.013208147676639168	0.013605983450031776	1691444
2024-04-26	0.013423345631525188	-0.003139963890415305	0.017976293272627415	-0.013580343826046032	0.013423345631525188	2118915
2024-04-29	0.027110766847405113	-0.000929512006196782	0.033927188226181224	-0.006274206041828058	0.027110766847405113	3295740
2024-04-30	-0.00030165912518847696	-0.005429864253393657	0.012066365007541435	-0.005429864253393657	-0.00030165912518847696	1988213
2024-05-06	-0.004375377187688688	0.010787567893783998	0.017350633675316925	-0.008826191913096077	-0.004375377187688688	2362789
2024-05-07	0.019093802091226023	0.0010607667828459978	0.024018790725867677	0.0010607667828459978	0.019093802091226023	2375939
2024-05-08	-0.03293680297397775	0.002825278810408888	0.0037174721189591076	-0.03293680297397775	-0.03293680297397775	2160812
2024-05-09	0.005381717536711133	0.004997309141231689	0.019297301453063884	-0.009148919812408686	0.005381717536711133	2024094
2024-05-10	0.00565879024241019	0.0025999847059723436	0.011470520761642579	-0.008947006194081333	0.00565879024241019	1430209
2024-05-13	0.024028590981674373	0.0	0.02691810508706578	-0.007375864953235487	0.024028590981674373	2683033
2024-05-14	0.007499814361030812	-0.0008168114650626363	0.04277121853419485	-0.0011880894037276052	0.007499814361030812	4271466
2024-05-15	-0.018278301886792588	-0.003464033018867916	0.007149174528301878	-0.018278301886792588	-0.018278301886792588	1785384
2024-05-16	-0.008558558558558457	0.00037537537537546075	0.010585585585585774	-0.009159159159159151	-0.008558558558558457	1892066
2024-05-17	-0.02089959109495677	0.003331818870210493	0.0040890504316219295	-0.024079963652885103	-0.02089959109495677	2244030
2024-05-20	-0.01832946635730862	0.001778808971384298	0.0024748646558390808	-0.028615622583140113	-0.01832946635730862	3096412
2024-05-21	0.0035452611675725883	0.0005514850705112517	0.008429843220672757	-0.008351059639171213	0.0035452611675725883	1859235
2024-05-22	0.0014130946773434356	0.0	0.0047888208509970125	-0.006515936567750026	0.0014130946773434356	1210914
2024-05-23	-0.0033709626842270838	0.00031357792411407996	0.007133897773596712	-0.005801191596111705	-0.0033709626842270838	1173741
2024-05-24	0.002517108471643258	-0.006450090458585646	0.00605679225989153	-0.006450090458585646	0.002517108471643258	1281672
2024-05-27	-0.009493919183993785	-0.00015692428403292288	0.003923107100823852	-0.01686936053354261	-0.009493919183993785	1416991
2024-05-28	-0.009505703422053141	-0.0011089987325728816	0.003406210392902462	-0.020437262357414436	-0.009505703422053141	1180303
2024-05-29	-0.0015195137555983039	-0.00031989763275756756	0.01247600767754309	-0.0075175943698017585	-0.0015195137555983039	980560
2024-05-30	0.00953143772527042	0.0002402883460152274	0.01321585903083705	-0.00592711253504201	0.00953143772527042	1128276
2024-05-31	0.013963821009203355	0.0036496350364963004	0.013963821009203355	0.0010314185972706716	0.013963821009203355	1450988
2024-06-03	-0.039906103286384935	-0.014006259780907606	0.0	-0.051643192488262865	-0.039906103286384935	2841254
2024-06-04	-0.008394458027709871	-0.0005704971475143227	0.012469437652811746	-0.009127954360228235	-0.008394458027709871	1920092
2024-06-05	0.0002465685871620049	0.0002465685871620049	0.008465521492561856	-0.01060244924796586	0.0002465685871620049	2106827
2024-06-06	-0.004026294165981998	-0.0023829087921118015	0.0024650780608052353	-0.008874281018898918	-0.004026294165981998	1510404
2024-06-07	0.0011550202128537297	-0.003382559194785881	0.016747793086379022	-0.010972692022110373	0.0011550202128537297	1850504
2024-06-11	-0.0011536876802637048	-0.001318500206015629	0.001977750309023561	-0.02620519159456113	-0.0011536876802637048	3039222
2024-06-12	-0.04347826086956519	0.007260127052223494	0.014767758435772679	-0.04628330995792426	-0.04347826086956519	4663166
2024-06-13	-0.03312057961014321	0.0	8.625150940145865e-05	-0.03829567017422803	-0.03312057961014321	7062884
2024-06-14	0.008028545941124048	0.0	0.01775200713648536	-0.01088314005352363	0.008028545941124048	11597873
2024-06-17	-0.002654867256637143	-0.003982300884955777	-0.00017699115044244267	-0.021238938053097397	-0.002654867256637143	4247808
2024-06-18	0.0038154392191658616	0.0015084294587400329	0.0069210292812777385	-0.005767524401064824	0.0038154392191658616	2486268
2024-06-19	0.02528065057897993	0.0	0.0337664633607355	-0.004242906390877661	0.02528065057897993	3558105
2024-06-20	-0.0008621432882144523	0.004396930769894	0.02586429864643504	-0.0009483576170359465	-0.0008621432882144523	3487422
2024-06-21	0.010268357925619103	-0.007248252653378233	0.015618258693588767	-0.0075934075416342695	0.010268357925619103	1845836
2024-06-24	-0.021950802869832534	-0.0015374103177314025	0.006832934745473157	-0.022292449607106246	-0.021950802869832534	2372312
2024-06-25	-0.0019212295869356288	0.002794515762815415	0.010392105492970026	-0.010304776875382123	-0.0019212295869356288	2580646
2024-06-26	-0.001837431096333957	-0.0027123982850643298	0.007524717823081629	-0.009537142357161636	-0.001837431096333957	1636409
2024-06-27	-0.025859046283309983	0.00026297335203367056	0.0003506311360449356	-0.029102384291725045	-0.025859046283309983	1789167
2024-06-28	-0.012867812471879715	-8.998470260047607e-05	0.010438225501664814	-0.012867812471879715	-0.012867812471879715	2669594
2024-07-01	-0.0202370100273473	0.0011850501367365127	0.0030082041932543145	-0.03372835004557888	-0.0202370100273473	3075287
2024-07-02	-0.012839598064756323	0.0011164867882395826	0.0011164867882395826	-0.01600297729810196	-0.012839598064756323	1846865
2024-07-03	-0.01121583411875587	-0.0009425070688029625	0.006597549481621139	-0.01573986804901025	-0.01121583411875587	1770574
2024-07-04	-0.012677533123629762	-0.002001715756362537	0.0038127919168811906	-0.01744352301973118	-0.012677533123629762	1553823
2024-07-05	0.04286541803436955	-0.0045375555126472185	0.04914076076462641	-0.005502992855763595	0.04286541803436955	3229830
2024-07-08	-0.03619700055545266	-0.0020366598778003967	-0.0012034808368820169	-0.03878911312719865	-0.03619700055545266	2180977
2024-07-09	0.008740754970704031	-0.007684180194025523	0.014311785611372538	-0.01719335318413223	0.008740754970704031	2250656
2024-07-10	0.0009521995810322655	0.0	0.015996952961340762	-0.010474195391353974	0.0009521995810322655	1332668
2024-07-11	0.021594368340943644	0.03633942161339415	0.03814687975646871	0.011796042617960377	0.021594368340943644	2627453
2024-07-12	-0.006797653412794524	-0.0013036595586181261	0.008473787131017754	-0.014060899525095495	-0.006797653412794524	1827695
2024-07-15	-0.011250703168948085	-0.0052503281455091155	0.00028126757922371215	-0.01837614850928177	-0.011250703168948085	1342720
2024-07-16	-0.002655035084392063	-0.0035084392186610124	0.014413047600986254	-0.004361843352929962	-0.002655035084392063	1788750
2024-07-17	0.017208594789883895	-0.000570450656018276	0.021582049819357255	-0.010268111808328697	0.017208594789883895	2611565
2024-07-18	0.034021871202916165	-0.0063557341807644885	0.040938405458454154	-0.012991868398915793	0.034021871202916165	4095214
2024-07-19	0.021422760553195377	0.0	0.029919551658682115	-0.005152309500135526	0.021422760553195377	3743011
2024-07-22	0.029203539823008825	0.0	0.051858407079646014	0.0	0.029203539823008825	4260425
2024-07-23	-0.025967325881341326	0.0017196904557179953	0.0017196904557179953	-0.026311263972484972	-0.025967325881341326	2292727
2024-07-24	-0.010063559322033903	-0.005914548022598885	0.003972457627118669	-0.0191560734463277	-0.010063559322033903	1598425
2024-07-25	0.0	-0.00570715177456751	0.009006598894239388	-0.011949349028000744	0.0	1188864
2024-07-26	0.03665061530230069	-0.001159265204208984	0.05002675227394328	-0.001159265204208984	0.03665061530230069	2757738
2024-07-29	-0.0028387096774193403	0.000516129032258084	0.013075268817204267	-0.007483870967741974	-0.0028387096774193403	2560635
2024-07-30	-0.00966183574879231	0.009144237405106989	0.009144237405106989	-0.014665286404416864	-0.00966183574879231	1782010
2024-07-31	0.012630662020905948	0.0016550522648083425	0.02064459930313593	-0.004094076655052255	0.012630662020905948	2879017
2024-08-01	-0.03526881720430103	0.002150537634408602	0.0025806451612902983	-0.04086021505376344	-0.03526881720430103	2871602
2024-08-02	0.010254123941150169	-0.00534997770842629	0.03147570218457424	-0.00534997770842629	0.010254123941150169	2605664
2024-08-05	0.00900264783759926	-0.011473962930273585	0.028331862312444906	-0.012356575463371504	0.00900264783759926	2563941
2024-08-06	0.03271518544436677	0.009534639608117595	0.04942267319804064	0.0061231630510847	0.03271518544436677	3325055
2024-08-07	0.01033372861256987	-0.0005082161612739478	0.01448416059630691	-0.008470269354565475	0.01033372861256987	2027871
2024-08-08	-0.009892689470154316	-0.003353454057679457	0.0029342723004694357	-0.01676727028839705	-0.009892689470154316	1269969
2024-08-09	-0.025148179508890763	0.005334462320067821	0.006350550381033023	-0.03725656223539366	-0.025148179508890763	2811924
2024-08-12	0.0026057500217146826	-0.0011291583427429468	0.01059671675497263	-0.009293841744115289	0.0026057500217146826	1538503
2024-08-13	-0.0012128562765312358	0.0032054058736895982	0.0032054058736895982	-0.011695399809408372	-0.0012128562765312358	1171698
2024-08-14	0.00173475583311639	-0.006418596582531087	0.011189175123601283	-0.00771966345736838	0.00173475583311639	1026882
2024-08-15	-0.007706294917308863	0.0	0.01896268075158033	-0.011689323750974062	-0.007706294917308863	1736423
2024-08-16	-0.031413612565444976	-0.004188481675392581	0.003315881326352615	-0.03726003490401393	-0.031413612565444976	2706351
2024-08-19	-0.03540540540540547	0.007207207207207181	0.007927927927927887	-0.038918918918918854	-0.03540540540540547	2880601
2024-08-20	-0.002521714766040871	-0.005043429532081742	0.002241524236480892	-0.01316895488932471	-0.002521714766040871	1604456
2024-08-21	-0.014232209737827678	-0.002153558052434494	0.01329588014981275	-0.016573033707865132	-0.014232209737827678	1431089
2024-08-22	0.005224164133738575	0.003514437689969648	0.00930851063829791	-0.010543313069908808	0.005224164133738575	1551464
2024-08-23	0.006614381555324604	0.0	0.010866483983747573	-0.019181706510441286	0.006614381555324604	1583225
2024-08-26	-0.01060734065521445	-0.0029099784098376258	0.008166713601802352	-0.01398667042147747	-0.01060734065521445	1554191
2024-08-27	-0.013662239089184174	-0.003510436432637614	0.00664136622390881	-0.02371916508538899	-0.013662239089184174	1782732
2024-08-28	-0.00971527510580984	-0.0082724124663332	0.008849557522123911	-0.013466717968449322	-0.00971527510580984	1301901
2024-08-29	0.010976202039825113	0.0003885381253034681	0.021466731423020823	-0.006508013598834402	0.010976202039825113	1514937
2024-08-30	0.01566102997694077	0.0027863182167564013	0.027863182167563467	-0.007686395080707121	0.01566102997694077	3234562
2024-09-02	-0.014284362879576113	-0.01617633147289749	0.0037839371866427557	-0.03187967079746467	-0.014284362879576113	3736858
2024-09-03	-0.011708253358925133	-0.0033589251439540167	0.02591170825335895	-0.012667946257197768	-0.011708253358925133	2843122
2024-09-04	-0.00029131870266072186	0.00019421246844043524	0.009613517187803407	-0.01349776655661294	-0.00029131870266072186	1875141
2024-09-05	0.009713453132588635	9.713453132579801e-05	0.01165614375910639	-0.0027197668771248287	0.009713453132588635	1640471
2024-09-06	-0.011544011544011572	9.62000962000087e-05	0.012217412217412179	-0.011544011544011572	-0.011544011544011572	1288866
2024-09-09	-0.038345498783454966	-0.00048661800486615237	0.0072992700729927005	-0.04126520681265202	-0.038345498783454966	3299270
2024-09-10	-0.006578281550450417	0.004655399251087883	0.004655399251087883	-0.026717943527983002	-0.006578281550450417	2353995
2024-09-11	-0.00550122249388745	0.0	0.01416055419722902	-0.009779951100244435	-0.00550122249388745	2220622
2024-09-12	-0.012907191149354692	0.004814587174759259	0.006965785699651635	-0.014751075599262422	-0.012907191149354692	1921241
2024-09-13	0.012038190120381867	0.0005188875051888456	0.012038190120381867	-0.012245745122457375	0.012038190120381867	2274286
2024-09-18	-0.044298605414273926	0.0006152584085316066	0.0008203445447087603	-0.05660377358490562	-0.044298605414273926	3012761
2024-09-19	0.006974248927038535	0.00429184549356214	0.01502145922746772	-0.009656652360515083	0.006974248927038535	2417259
2024-09-20	0.011188066062866398	0.00063931806073524	0.012040490143846668	-0.012999467234949377	0.011188066062866398	1764086
2024-09-23	-0.022023182297154935	-0.0014752370916754538	0.0033719704952580943	-0.022023182297154935	-0.022023182297154935	2014604
2024-09-24	0.05915310850123903	0.012067665122292905	0.06227777179183279	0.003986639370757511	0.05915310850123903	3752298
2024-09-25	0.016174974567650085	0.007324516785350955	0.029501525940997007	0.007222787385554506	0.016174974567650085	3191252
2024-09-26	0.0534588046851537	0.0	0.05616177795575132	-0.006907598358193991	0.0534588046851537	3340263
2024-09-27	0.09246412619975282	0.01682029839399407	0.12097310652855639	0.01577496911527128	0.09246412619975282	3918020
2024-09-30	0.1134307585247043	0.035142658315936035	0.11778009742519144	0.01765831593597774	0.1134307585247043	10363202
2024-10-08	0.09015624999999994	0.1875	0.1875	0.04320312500000001	0.09015624999999994	16498992
2024-10-09	-0.0955281639673212	-0.03160384119248959	0.01741436147341269	-0.097893077253834	-0.0955281639673212	12458892
2024-10-10	-0.012360351794627907	0.024007606370335277	0.0695665953569449	-0.0254338008081768	-0.012360351794627907	9189271
2024-10-11	-0.040673886883273225	0.026875250701965458	0.026875250701965458	-0.04628961091054962	-0.040673886883273225	5062883
2024-10-14	-0.003846797123264708	0.0006690081953503788	0.00894798461281157	-0.042482020404749944	-0.003846797123264708	6446598
2024-10-15	-0.04734721289456011	-0.001511081262592401	-0.001511081262592401	-0.04734721289456011	-0.04734721289456011	5589405
2024-10-16	-0.014011279520620402	-0.009517095523440239	0.004582305252026754	-0.022030313711667252	-0.014011279520620402	4291802
2024-10-17	-0.013763517740638182	0.007686120296719987	0.011976047904191647	-0.01662346947895254	-0.013763517740638182	4012226
2024-10-18	0.04848210240145001	0.0	0.09542365201631176	-0.01377435432714088	0.04848210240145001	8706182
2024-10-21	0.005185825410544463	0.003802938634399289	0.02420051858254103	-0.016508210890233334	0.005185825410544463	7582360
2024-10-22	-0.002493551160790989	0.0016337059329320526	0.02020636285468623	-0.021496130696474634	-0.002493551160790989	6072490
2024-10-23	0.03628997500215493	0.008533747090767993	0.04430652529954315	-0.0037065770192225393	0.03628997500215493	8152659
2024-10-24	0.009648976875727805	-0.004990850108135038	0.026784228913658285	-0.018466145400099807	0.009648976875727805	6663849
2024-10-25	0.003130664030318089	-0.012110726643598607	0.019113527764046855	-0.021749876421156705	0.003130664030318089	5925452
2024-10-28	0.026609724047306132	0.0003285151116950726	0.032276609724047244	-0.006077529566360127	0.026609724047306132	5854978
2024-10-29	-0.011519999999999982	0.008	0.009039999999999963	-0.020799999999999954	-0.011519999999999982	4501941
2024-10-30	-0.019423761735189428	-0.004532211071544208	0.01165425704111361	-0.021689867270961533	-0.019423761735189428	4621881
2024-10-31	0.008418620006602925	-0.04423902277979531	0.019065698250247627	-0.05084186200066026	0.008418620006602925	7755931
2024-11-01	0.013259125879849322	-0.00965788181371752	0.030201342281879175	-0.020788999836307137	0.013259125879849322	5828681
2024-11-04	-0.02059773828756056	0.0012924071082390679	0.009531502423263383	-0.033521809369951465	-0.02059773828756056	3721067
2024-11-05	0.016742268041237122	-0.0008247422680411902	0.019381443298969025	-0.006103092783505112	0.016742268041237122	4896939
2024-11-06	-0.02530824140168725	0.0	0.013465282284230991	-0.03909798831927326	-0.02530824140168725	6171464
2024-11-07	0.040113182423435485	-0.010069906790945354	0.04019640479360851	-0.022470039946737706	0.040113182423435485	5664553
2024-11-08	0.04512722035525685	0.0002400384061449923	0.07361177788446154	0.0002400384061449923	0.04512722035525685	8879772
2024-11-11	0.04731281580156183	-0.020058184045322343	0.054356147603735985	-0.0238860817638953	0.04731281580156183	9647094
2024-11-12	0.01900584795321633	-0.003508771929824694	0.05745614035087708	-0.003654970760233918	0.01900584795321633	9766409
2024-11-13	0.006814921090387293	0.0034433285509324948	0.025681492109038622	-0.01757532281205177	0.006814921090387293	6486968
2024-11-14	-0.017598859992874947	-0.0024937655860348723	-0.0007125044531527917	-0.02664766654791579	-0.017598859992874947	3851258
2024-11-15	-0.020887728459529995	-0.006382361473745253	0.01682622570351025	-0.020887728459529995	-0.020887728459529995	3827517
2024-11-18	-0.021481481481481525	0.0	0.017481481481481584	-0.03259259259259263	-0.021481481481481525	4448415
2024-11-19	0.038607115821347425	0.010749432248296865	0.04254352763058293	-0.0033308099924299604	0.038607115821347425	2876954
2024-11-20	0.047376093294460644	-0.008746355685131112	0.05852769679300293	-0.012609329446064067	0.047376093294460644	6330873
2024-11-21	-0.03486430062630474	-0.002922755741127262	0.00549756437021587	-0.05671537926235197	-0.03486430062630474	6109744
2024-11-22	-0.030211262527939993	0.0015141682889898908	0.002018891051986453	-0.036772658446895916	-0.030211262527939993	4107486
2024-11-25	-0.028252788104089304	-7.434944237911453e-05	0.016579925650557544	-0.045353159851301075	-0.028252788104089304	5961513
2024-11-26	-0.005355776587605116	-0.00099464422341236	0.014231063504208216	-0.017597551644988395	-0.005355776587605116	2816604
2024-11-27	0.022615384615384596	-0.009538461538461608	0.02538461538461547	-0.01730769230769231	0.022615384615384596	3421778
2024-11-28	-0.023394012336392246	0.0	0.0028584323755077136	-0.03279675041372036	-0.023394012336392246	2775002
2024-11-29	0.010167141646768798	-0.00023107140106293718	0.01925595008857737	-0.005314642224447555	0.010167141646768798	3136850
2024-12-02	0.06747998475028588	0.021730842546702205	0.07091117041555457	0.01997712542889824	0.06747998475028588	6417961
2024-12-03	0.0	-0.0027857142857141883	0.00557142857142858	-0.011428571428571389	0.0	3774031
2024-12-04	-0.004357142857142954	-0.005642857142857086	0.0020000000000000083	-0.02464285714285706	-0.004357142857142954	3466391
2024-12-05	0.0022239758949709615	0.00136308200014367	0.013630820001434864	-0.008178492000860797	0.0022239758949709615	2897761
2024-12-06	0.002934860415175555	0.034359341445955704	0.03722261989978538	-0.010379384395132345	0.002934860415175555	4102902
2024-12-09	0.006352151880665093	0.0	0.019770180572407262	-0.00792234672757129	0.006352151880665093	3578440
2024-12-10	-0.012695035460992852	0.0425531914893617	0.04936170212765963	-0.014893617021276555	-0.012695035460992852	5125763
2024-12-11	0.014294950075425476	-0.004956540478413891	0.01630629983478185	-0.009410243516988739	0.014294950075425476	4461127
2024-12-12	-0.015368271954674134	0.00566572237960348	0.014872521246459085	-0.0207507082152973	-0.015368271954674134	6001189
2024-12-13	-0.039775588002589374	-0.00028770768898793095	0.02431129971948497	-0.039775588002589374	-0.039775588002589374	15256819
2024-12-16	0.006292134831460699	0.003970037453183529	0.01775280898876408	-0.01205992509363306	0.006292134831460699	5039600
2024-12-17	-0.027095429507220596	0.0064761054041983365	0.006550543397349973	-0.028063123418192722	-0.027095429507220596	3389405
2024-12-18	0.010788064269319244	0.00229533282325946	0.017674062739097187	0.0	0.010788064269319244	2418280
2024-12-19	-0.026493073953523575	-0.007039588221936316	-0.00022708349103021068	-0.029747937324956526	-0.026493073953523575	3443933
2024-12-20	-0.03125728947982279	-0.004665267086540881	0.004820775989425209	-0.03498950314905539	-0.03125728947982279	4537942
2024-12-23	0.0033710570671803652	-0.0007223693715386741	0.015972389437354483	-0.011156593627096882	0.0033710570671803652	3193835
2024-12-24	0.016318694504439582	-0.002799776017918635	0.01999840012798976	-0.004079673626109952	0.016318694504439582	2698785
2024-12-25	0.02597402597402595	0.015348288075560825	0.04226682408500583	0.008815426997245104	0.02597402597402595	3914920
2024-12-26	-0.02293824319140771	-0.006520905255082427	-0.00023014959723821358	-0.025700038358266165	-0.02293824319140771	2898408
2024-12-27	-0.0035332914572864544	0.0	0.007223618090452274	-0.014525753768844176	-0.0035332914572864544	2700041
2024-12-30	-0.005200535812780684	-0.004412575841147287	0.004648963832637329	-0.017965487353242465	-0.005200535812780684	2568587
2024-12-31	0.0011881188118812332	-0.0022178217821782267	0.018851485148514816	-0.005782178217821813	0.0011881188118812332	2952884
