code_name,ticker,created_at,text
中国交建,sh.601800,2022-12-30,"央企专业化整合：中国交建分拆与祁连山重组交易，或成为今年央企专业化整合典型案例的收官之作，或对整个央企重组产生示范效应。
2. 估值重构：祁连山通过本次交易将退出水泥行业，转身从事工程设计咨询业务，可能导致公司估值体系重构，祁连山的市盈率可能得到提高。
3. 资产重组：祁连山将注入六家标的公司的全部资产，可能导致公司总资产规模和盈利能力大幅增强，同时可能推进增量领域设计业务注入上市公司。"
