code_name,ticker,created_at,text
中信证券,sh.600030,2022-03-22,同业存单利率的变化对中信证券股价的影响。
中信证券,sh.600030,2022-03-22,BIPV行业的发展对中信证券股价的影响。
中信证券,sh.600030,2022-03-22,电信业收入的增长对中信证券股价的影响。
